min_dist:
0.0000 0.1400 0.2500 0.3100 0.1900 0.2900 0.2800 0.4200 0.0800 0.2200 0.3000 0.2200 0.2900 0.3200 0.3400 0.2800 0.2000 0.2900 0.2600 0.2600 0.4700
0.1400 0.0000 0.1100 0.3000 0.3300 0.3700 0.2200 0.2800 0.1500 0.0800 0.2600 0.2400 0.2400 0.1800 0.2000 0.2800 0.2800 0.2600 0.1600 0.1200 0.3500
0.2500 0.1100 0.0000 0.2000 0.2600 0.2600 0.3100 0.2800 0.2600 0.1900 0.2100 0.1300 0.1900 0.1800 0.3000 0.3500 0.1700 0.1900 0.2700 0.0100 0.2400
0.3100 0.3000 0.2000 0.0000 0.1200 0.2500 0.3200 0.2600 0.3300 0.2200 0.2600 0.3300 0.2800 0.3200 0.1000 0.1700 0.1600 0.2200 0.2300 0.2100 0.3900
0.1900 0.3300 0.2600 0.1200 0.0000 0.3400 0.2000 0.2400 0.2100 0.2800 0.2200 0.2800 0.3200 0.2400 0.2200 0.2600 0.2800 0.1000 0.3300 0.2700 0.2800
0.2900 0.3700 0.2600 0.2500 0.3400 0.0000 0.3000 0.3800 0.2600 0.3600 0.2400 0.3200 0.3700 0.3000 0.2400 0.1600 0.0900 0.2400 0.3700 0.2500 0.3800
0.2800 0.2200 0.3100 0.3200 0.2000 0.3000 0.0000 0.2600 0.3000 0.1400 0.3200 0.3600 0.3000 0.1800 0.2600 0.2400 0.3900 0.3000 0.2200 0.3200 0.2600
0.4200 0.2800 0.2800 0.2600 0.2400 0.3800 0.2600 0.0000 0.3900 0.2800 0.2400 0.2500 0.2600 0.1000 0.1600 0.2400 0.3100 0.1400 0.2900 0.2900 0.3200
0.0800 0.1500 0.2600 0.3300 0.2100 0.2600 0.3000 0.3900 0.0000 0.2300 0.2200 0.1400 0.2100 0.3200 0.2800 0.2000 0.2300 0.3000 0.3100 0.2700 0.4200
0.2200 0.0800 0.1900 0.2200 0.2800 0.3600 0.1400 0.2800 0.2300 0.0000 0.3400 0.3100 0.3200 0.2600 0.1200 0.2000 0.3200 0.1800 0.0800 0.2000 0.2800
0.3000 0.2600 0.2100 0.2600 0.2200 0.2400 0.3200 0.2400 0.2200 0.3400 0.0000 0.0800 0.4000 0.1400 0.3600 0.4000 0.3300 0.2600 0.3100 0.2200 0.2000
0.2200 0.2400 0.1300 0.3300 0.2800 0.3200 0.3600 0.2500 0.1400 0.3100 0.0800 0.0000 0.3200 0.1800 0.3600 0.3400 0.3000 0.1800 0.2300 0.1400 0.2800
0.2900 0.2400 0.1900 0.2800 0.3200 0.3700 0.3000 0.2600 0.2100 0.3200 0.4000 0.3200 0.0000 0.3600 0.3800 0.3800 0.3200 0.2200 0.4000 0.1800 0.2400
0.3200 0.1800 0.1800 0.3200 0.2400 0.3000 0.1800 0.1000 0.3200 0.2600 0.1400 0.1800 0.3600 0.0000 0.2600 0.3000 0.2100 0.1400 0.2600 0.1900 0.3200
0.3400 0.2000 0.3000 0.1000 0.2200 0.2400 0.2600 0.1600 0.2800 0.1200 0.3600 0.3600 0.3800 0.2600 0.0000 0.0800 0.2400 0.2400 0.1300 0.3000 0.3000
0.2800 0.2800 0.3500 0.1700 0.2600 0.1600 0.2400 0.2400 0.2000 0.2000 0.4000 0.3400 0.3800 0.3000 0.0800 0.0000 0.2500 0.1600 0.2100 0.3400 0.2200
0.2000 0.2800 0.1700 0.1600 0.2800 0.0900 0.3900 0.3100 0.2300 0.3200 0.3300 0.3000 0.3200 0.2100 0.2400 0.2500 0.0000 0.2800 0.3700 0.1600 0.3900
0.2900 0.2600 0.1900 0.2200 0.1000 0.2400 0.3000 0.1400 0.3000 0.1800 0.2600 0.1800 0.2200 0.1400 0.2400 0.1600 0.2800 0.0000 0.2600 0.1800 0.1800
0.2600 0.1600 0.2700 0.2300 0.3300 0.3700 0.2200 0.2900 0.3100 0.0800 0.3100 0.2300 0.4000 0.2600 0.1300 0.2100 0.3700 0.2600 0.0000 0.2800 0.3600
0.2600 0.1200 0.0100 0.2100 0.2700 0.2500 0.3200 0.2900 0.2700 0.2000 0.2200 0.1400 0.1800 0.1900 0.3000 0.3400 0.1600 0.1800 0.2800 0.0000 0.2300
0.4700 0.3500 0.2400 0.3900 0.2800 0.3800 0.2600 0.3200 0.4200 0.2800 0.2000 0.2800 0.2400 0.3200 0.3000 0.2200 0.3900 0.1800 0.3600 0.2300 0.0000

max_dist:
0.0000 0.5800 0.7000 0.7200 0.5000 0.6100 0.3900 0.5800 0.3600 0.5500 0.7200 0.6600 0.5900 0.6700 0.6800 0.4300 0.8200 0.6300 0.5600 0.7800 0.5400
0.5800 0.0000 0.4300 0.6500 0.4600 0.5400 0.7600 0.6400 0.4800 0.5200 0.4200 0.5400 0.5800 0.5000 0.5800 0.5600 0.7400 0.5400 0.6800 0.6300 0.5600
0.7000 0.4300 0.0000 0.6400 0.5200 0.3200 0.6800 0.5600 0.4500 0.5200 0.7300 0.4800 0.3600 0.4800 0.8500 0.5400 0.8000 0.4600 0.7600 0.3600 0.4900
0.7200 0.6500 0.6400 0.0000 0.5200 0.5400 0.5700 0.8800 0.7400 0.5600 0.6200 0.5500 0.7400 0.4600 0.4000 0.7200 0.3500 0.7500 0.6500 0.6200 0.4800
0.5000 0.4600 0.5200 0.5200 0.0000 0.5200 0.3200 0.6600 0.4600 0.5600 0.8400 0.7800 0.8200 0.6800 0.7700 0.6000 0.8700 0.6800 0.7300 0.5200 0.6600
0.6100 0.5400 0.3200 0.5400 0.5200 0.0000 0.3600 0.4200 0.4600 0.7400 0.6100 0.5900 0.6400 0.6600 0.6200 0.3600 0.5100 0.2600 0.5500 0.4600 0.8100
0.3900 0.7600 0.6800 0.5700 0.3200 0.3600 0.0000 0.4800 0.5800 0.3800 0.5200 0.5600 0.5600 0.3600 0.7700 0.6000 0.6600 0.4800 0.4100 0.7700 0.6800
0.5800 0.6400 0.5600 0.8800 0.6600 0.4200 0.4800 0.0000 0.8300 0.8600 0.5000 0.3400 0.6600 0.6000 0.5800 0.5400 0.7200 0.2200 0.7400 0.5100 0.6200
0.3600 0.4800 0.4500 0.7400 0.4600 0.4600 0.5800 0.8300 0.0000 0.6600 0.6600 0.4900 0.7400 0.5800 0.4000 0.3800 0.4600 0.6400 0.7100 0.6100 0.7000
0.5500 0.5200 0.5200 0.5600 0.5600 0.7400 0.3800 0.8600 0.6600 0.0000 0.5600 0.5200 0.4500 0.7400 0.7800 0.5500 0.4600 0.7000 0.7700 0.7200 0.4200
0.7200 0.4200 0.7300 0.6200 0.8400 0.6100 0.5200 0.5000 0.6600 0.5600 0.0000 0.4200 0.6600 0.5900 0.5400 0.7800 0.7600 0.6000 0.7300 0.6800 0.3600
0.6600 0.5400 0.4800 0.5500 0.7800 0.5900 0.5600 0.3400 0.4900 0.5200 0.4200 0.0000 0.5600 0.6400 0.6200 0.5400 0.5800 0.5600 0.4000 0.7200 0.6900
0.5900 0.5800 0.3600 0.7400 0.8200 0.6400 0.5600 0.6600 0.7400 0.4500 0.6600 0.5600 0.0000 0.8200 0.5000 0.5600 0.4400 0.4400 0.6300 0.5200 0.3000
0.6700 0.5000 0.4800 0.4600 0.6800 0.6600 0.3600 0.6000 0.5800 0.7400 0.5900 0.6400 0.8200 0.0000 0.6000 0.7800 0.4000 0.5200 0.6300 0.5400 0.6400
0.6800 0.5800 0.8500 0.4000 0.7700 0.6200 0.7700 0.5800 0.4000 0.7800 0.5400 0.6200 0.5000 0.6000 0.0000 0.6000 0.5000 0.8000 0.3800 0.6500 0.5000
0.4300 0.5600 0.5400 0.7200 0.6000 0.3600 0.6000 0.5400 0.3800 0.5500 0.7800 0.5400 0.5600 0.7800 0.6000 0.0000 0.4100 0.6000 0.7600 0.6000 0.7900
0.8200 0.7400 0.8000 0.3500 0.8700 0.5100 0.6600 0.7200 0.4600 0.4600 0.7600 0.5800 0.4400 0.4000 0.5000 0.4100 0.0000 0.5800 0.6200 0.4900 0.6900
0.6300 0.5400 0.4600 0.7500 0.6800 0.2600 0.4800 0.2200 0.6400 0.7000 0.6000 0.5600 0.4400 0.5200 0.8000 0.6000 0.5800 0.0000 0.8100 0.2900 0.6000
0.5600 0.6800 0.7600 0.6500 0.7300 0.5500 0.4100 0.7400 0.7100 0.7700 0.7300 0.4000 0.6300 0.6300 0.3800 0.7600 0.6200 0.8100 0.0000 0.8800 0.6900
0.7800 0.6300 0.3600 0.6200 0.5200 0.4600 0.7700 0.5100 0.6100 0.7200 0.6800 0.7200 0.5200 0.5400 0.6500 0.6000 0.4900 0.2900 0.8800 0.0000 0.5000
0.5400 0.5600 0.4900 0.4800 0.6600 0.8100 0.6800 0.6200 0.7000 0.4200 0.3600 0.6900 0.3000 0.6400 0.5000 0.7900 0.6900 0.6000 0.6900 0.5000 0.0000

--- Contains 5 samples ---

--- Sample 1 ---
node_demand:
0.1000
0.1333
0.1667
0.2000
0.1667
0.1333
0.0333
0.2000
0.0667
0.0333
0.2667
0.1000
0.1667
0.1000
0.0667
0.0333
0.1667
0.2333
0.1333
0.2667

dist_matrix:
0.0000 0.5117 0.4236 0.4950 0.3630 0.3724 0.3566 0.5488 0.1954 0.4200 0.4741 0.6214 0.4130 0.6510 0.3585 0.3612 0.2753 0.4474 0.2891 0.4992 0.4700
0.2355 0.0000 0.3970 0.4410 0.4453 0.4775 0.2935 0.4597 0.1698 0.3789 0.2666 0.3957 0.5101 0.1991 0.3567 0.3158 0.7049 0.4422 0.1851 0.1943 0.5251
0.6777 0.2570 0.0000 0.5654 0.4303 0.3194 0.4903 0.4144 0.4160 0.3510 0.6035 0.3369 0.2238 0.2623 0.5066 0.4204 0.5422 0.2186 0.7238 0.0863 0.4735
0.5151 0.5026 0.6027 0.0000 0.4660 0.2837 0.3861 0.2843 0.4474 0.4556 0.2684 0.3715 0.5234 0.4016 0.1427 0.4033 0.2952 0.6129 0.4843 0.6099 0.4105
0.3743 0.4559 0.4209 0.4067 0.0000 0.4790 0.2688 0.3823 0.3676 0.3548 0.5511 0.7339 0.6502 0.5341 0.6912 0.4811 0.7002 0.1851 0.3704 0.4556 0.3697
0.5096 0.5050 0.3175 0.4114 0.5004 0.0000 0.3343 0.4124 0.2789 0.4966 0.4665 0.3773 0.5509 0.5562 0.3303 0.3569 0.3295 0.2446 0.4549 0.4451 0.6650
0.3258 0.3617 0.4583 0.3642 0.2040 0.3410 0.0000 0.4411 0.4835 0.2955 0.3679 0.3774 0.4413 0.2809 0.4291 0.3789 0.5956 0.3951 0.3274 0.4248 0.4480
0.4266 0.5375 0.3992 0.4566 0.3117 0.4055 0.3615 0.0000 0.4840 0.6098 0.3495 0.3117 0.4998 0.5605 0.2877 0.4711 0.3869 0.1626 0.4386 0.3608 0.4768
0.3541 0.3273 0.3665 0.6409 0.3226 0.3938 0.3128 0.7403 0.0000 0.4601 0.3339 0.3058 0.3524 0.4828 0.3893 0.3251 0.2415 0.4011 0.5354 0.3122 0.6556
0.3900 0.2662 0.5070 0.2912 0.4224 0.5901 0.2935 0.5679 0.2996 0.0000 0.4180 0.4469 0.3972 0.5541 0.7072 0.2568 0.3384 0.4040 0.3175 0.6595 0.3431
0.5970 0.3788 0.6539 0.2721 0.6656 0.5892 0.3725 0.3558 0.2771 0.5561 0.0000 0.3846 0.5821 0.5300 0.4043 0.6153 0.3655 0.3488 0.5487 0.3591 0.2361
0.6361 0.3726 0.2313 0.5373 0.7092 0.4418 0.4245 0.3289 0.4016 0.4647 0.3553 0.0000 0.3482 0.2559 0.4827 0.4168 0.3837 0.3956 0.3089 0.4142 0.6126
0.4635 0.4296 0.1973 0.2998 0.6043 0.4273 0.4854 0.5373 0.6348 0.4319 0.4399 0.3511 0.0000 0.3793 0.4811 0.5155 0.3994 0.3690 0.5061 0.4354 0.2927
0.3339 0.2053 0.2631 0.3470 0.3144 0.4077 0.3081 0.5265 0.4823 0.6428 0.4669 0.4966 0.6453 0.0000 0.5931 0.4550 0.3674 0.3945 0.4361 0.4580 0.4412
0.4073 0.2704 0.7695 0.2506 0.3018 0.4645 0.5862 0.4731 0.3755 0.3325 0.5184 0.4010 0.4927 0.5983 0.0000 0.2607 0.3095 0.2649 0.3193 0.6230 0.3807
0.3527 0.3194 0.3762 0.5551 0.5582 0.1642 0.3755 0.4504 0.2922 0.3790 0.4177 0.4123 0.5420 0.6438 0.2678 0.0000 0.3214 0.5779 0.3046 0.3579 0.6551
0.3204 0.4776 0.3723 0.3167 0.4293 0.1967 0.6107 0.4091 0.3105 0.3895 0.3740 0.5693 0.4250 0.2444 0.4377 0.3659 0.0000 0.5065 0.5198 0.4235 0.6866
0.5383 0.3527 0.3114 0.5054 0.3682 0.2444 0.3711 0.1771 0.3007 0.2532 0.3973 0.2420 0.4377 0.4364 0.4613 0.5953 0.5627 0.0000 0.7593 0.2832 0.2536
0.5529 0.4690 0.3299 0.3042 0.5348 0.5390 0.3584 0.6620 0.3678 0.5854 0.6165 0.3944 0.4243 0.4831 0.1794 0.2132 0.4118 0.3112 0.0000 0.4044 0.6650
0.4005 0.6071 0.1097 0.2854 0.4036 0.2666 0.6008 0.3798 0.3995 0.5468 0.5482 0.5601 0.1833 0.4477 0.3481 0.5767 0.4408 0.2100 0.6794 0.0000 0.4120
0.5239 0.4751 0.4044 0.4107 0.4378 0.5986 0.2969 0.4730 0.5322 0.3430 0.3174 0.6258 0.2729 0.5823 0.4245 0.6269 0.5353 0.5551 0.6788 0.2450 0.0000

--- Sample 2 ---
node_demand:
0.1000
0.1333
0.1667
0.2000
0.1667
0.1333
0.0333
0.2000
0.0667
0.0333
0.2667
0.1000
0.1667
0.1000
0.0667
0.0333
0.1667
0.2333
0.1333
0.2667

dist_matrix:
0.0000 0.1456 0.2825 0.3567 0.3587 0.3604 0.3515 0.5773 0.3087 0.2970 0.6718 0.2845 0.5428 0.5979 0.6410 0.3159 0.6708 0.5693 0.5285 0.4045 0.5171
0.2967 0.0000 0.1243 0.5520 0.4586 0.4194 0.5309 0.5286 0.3399 0.2229 0.2745 0.4578 0.4671 0.3931 0.3319 0.5571 0.5540 0.3042 0.6143 0.3996 0.5363
0.3142 0.3292 0.0000 0.3666 0.2787 0.2630 0.3554 0.4518 0.4396 0.4497 0.3820 0.1795 0.3132 0.4561 0.6856 0.5140 0.5196 0.2048 0.5361 0.2243 0.3180
0.6987 0.5369 0.6287 0.0000 0.4455 0.3314 0.3748 0.3446 0.7132 0.2596 0.6050 0.3977 0.5277 0.3280 0.1131 0.4966 0.2709 0.6110 0.3975 0.3209 0.4605
0.4577 0.3828 0.4561 0.5069 0.0000 0.5116 0.3199 0.5672 0.2490 0.3951 0.6934 0.7429 0.4451 0.2418 0.2856 0.3630 0.2995 0.6254 0.4580 0.2996 0.4403
0.3048 0.3799 0.3020 0.3671 0.3641 0.0000 0.3197 0.3954 0.3084 0.3943 0.5404 0.4468 0.4557 0.5693 0.3999 0.3251 0.3622 0.2415 0.3893 0.4020 0.6208
0.3298 0.2328 0.4693 0.3626 0.2918 0.3143 0.0000 0.3870 0.5535 0.3492 0.4126 0.4525 0.4788 0.2285 0.3587 0.5670 0.4140 0.3590 0.3794 0.6098 0.3247
0.5758 0.4822 0.5079 0.8568 0.5951 0.3914 0.2700 0.0000 0.5618 0.8394 0.2620 0.3278 0.5932 0.1153 0.3145 0.2497 0.6883 0.2145 0.4584 0.2924 0.6021
0.1422 0.3325 0.3718 0.4290 0.3851 0.3407 0.5024 0.7511 0.0000 0.3069 0.5290 0.2732 0.4325 0.5677 0.3108 0.2665 0.2332 0.4613 0.3543 0.5913 0.4876
0.2757 0.3739 0.4182 0.5327 0.3905 0.6675 0.2028 0.6508 0.5014 0.0000 0.4100 0.3974 0.3629 0.7155 0.2601 0.4120 0.3234 0.4120 0.5986 0.3845 0.2817
0.4752 0.2986 0.4434 0.3452 0.5365 0.3508 0.4786 0.2660 0.2299 0.5320 0.0000 0.2336 0.4323 0.2475 0.4986 0.7094 0.5333 0.4142 0.7130 0.5958 0.2633
0.4538 0.3947 0.1880 0.4739 0.4930 0.3410 0.4429 0.3209 0.3805 0.3512 0.3726 0.0000 0.3833 0.3170 0.4977 0.4531 0.3599 0.2197 0.3333 0.7146 0.5151
0.5760 0.5244 0.2269 0.6059 0.3972 0.4672 0.4630 0.3625 0.4828 0.4009 0.4301 0.3835 0.0000 0.6898 0.3938 0.5321 0.3768 0.3934 0.5384 0.5005 0.2410
0.4514 0.2107 0.3585 0.4267 0.4486 0.5412 0.2973 0.5466 0.4420 0.3720 0.5223 0.5828 0.7778 0.0000 0.4402 0.5567 0.3128 0.3106 0.6192 0.3814 0.6104
0.4105 0.4229 0.3813 0.2795 0.3723 0.4376 0.6714 0.3208 0.3747 0.2958 0.4805 0.4861 0.4600 0.4214 0.0000 0.3331 0.4739 0.5474 0.2435 0.3745 0.4157
0.3171 0.3607 0.5175 0.6533 0.2861 0.2496 0.3557 0.3424 0.3072 0.2015 0.4097 0.5157 0.5532 0.3335 0.1773 0.0000 0.3486 0.3339 0.6310 0.4691 0.2594
0.2420 0.3384 0.5824 0.3203 0.7471 0.2598 0.6263 0.5677 0.2460 0.4328 0.6741 0.4192 0.3444 0.2184 0.4935 0.3886 0.0000 0.4305 0.4522 0.2234 0.5730
0.4802 0.2885 0.3759 0.6000 0.5058 0.2558 0.3828 0.1959 0.4911 0.3893 0.2876 0.5443 0.3927 0.3346 0.6365 0.4455 0.5747 0.0000 0.5605 0.2210 0.2022
0.3570 0.1714 0.7355 0.5854 0.5669 0.5281 0.2478 0.3315 0.3700 0.2879 0.4865 0.2654 0.4359 0.4260 0.3751 0.5268 0.4691 0.3671 0.0000 0.8231 0.3708
0.4502 0.2038 0.2580 0.5808 0.3270 0.3162 0.7694 0.4590 0.3281 0.3480 0.2288 0.5578 0.4866 0.4083 0.5755 0.4065 0.2358 0.1954 0.5537 0.0000 0.4708
0.5332 0.5390 0.4224 0.4456 0.4837 0.5829 0.5102 0.4290 0.6906 0.4120 0.2253 0.5736 0.2529 0.5622 0.3897 0.6586 0.4337 0.3493 0.4784 0.3971 0.0000

--- Sample 3 ---
node_demand:
0.1000
0.1333
0.1667
0.2000
0.1667
0.1333
0.0333
0.2000
0.0667
0.0333
0.2667
0.1000
0.1667
0.1000
0.0667
0.0333
0.1667
0.2333
0.1333
0.2667

dist_matrix:
0.0000 0.2139 0.3772 0.6661 0.3318 0.3918 0.3033 0.4425 0.1436 0.3672 0.6214 0.2954 0.5838 0.4485 0.4543 0.3080 0.6696 0.6190 0.5261 0.7351 0.5162
0.5624 0.0000 0.2430 0.4653 0.3887 0.5055 0.6242 0.3673 0.3891 0.2204 0.3086 0.3377 0.2848 0.3147 0.3809 0.5074 0.3717 0.5127 0.4540 0.5908 0.5248
0.4474 0.3209 0.0000 0.4154 0.4085 0.2755 0.5911 0.5263 0.3236 0.3275 0.3978 0.1430 0.2499 0.2429 0.3732 0.4327 0.6683 0.3987 0.7481 0.2643 0.3931
0.5187 0.5441 0.4000 0.0000 0.2748 0.3844 0.4960 0.7028 0.5350 0.3884 0.4303 0.4807 0.3572 0.3922 0.3526 0.2598 0.2584 0.3929 0.3334 0.2794 0.4111
0.3641 0.3529 0.2620 0.4114 0.0000 0.4121 0.2331 0.6444 0.2543 0.4416 0.8059 0.3497 0.4870 0.4346 0.3484 0.5131 0.7973 0.5239 0.3891 0.4805 0.6155
0.5081 0.3713 0.2795 0.2804 0.3404 0.0000 0.3142 0.3901 0.3187 0.4680 0.4246 0.5541 0.4243 0.3570 0.2561 0.2471 0.3631 0.2488 0.4864 0.4511 0.6687
0.2971 0.3961 0.5896 0.4048 0.2234 0.3117 0.0000 0.4255 0.3709 0.3569 0.3617 0.4510 0.3809 0.2185 0.3034 0.3893 0.5731 0.3496 0.4013 0.3514 0.5787
0.4851 0.3848 0.5214 0.6558 0.4437 0.3886 0.4598 0.0000 0.4682 0.3935 0.4758 0.2755 0.4745 0.4365 0.4639 0.5395 0.5884 0.2132 0.5025 0.4502 0.5062
0.2188 0.4435 0.3529 0.3421 0.4486 0.4229 0.4735 0.7468 0.0000 0.2523 0.5716 0.3879 0.5420 0.4112 0.3932 0.3597 0.2467 0.5475 0.3608 0.5792 0.6582
0.3552 0.4001 0.3916 0.3556 0.4127 0.4246 0.3059 0.5293 0.3408 0.0000 0.5014 0.3263 0.4151 0.3625 0.2092 0.2493 0.3279 0.5049 0.5852 0.2224 0.3046
0.3801 0.3978 0.7184 0.3561 0.2776 0.3337 0.3989 0.4952 0.2987 0.4819 0.0000 0.1734 0.5086 0.2094 0.3868 0.4711 0.7030 0.5881 0.5111 0.5040 0.2097
0.2861 0.2952 0.3076 0.3754 0.7200 0.4903 0.4117 0.3377 0.3120 0.3152 0.3348 0.0000 0.5568 0.4651 0.4898 0.4468 0.3432 0.3507 0.3100 0.5561 0.6092
0.4501 0.3086 0.2710 0.4377 0.7153 0.4998 0.4785 0.2714 0.5271 0.3745 0.4247 0.4456 0.0000 0.6748 0.4965 0.5349 0.3458 0.3806 0.4492 0.3667 0.2539
0.6513 0.3878 0.4561 0.3774 0.5773 0.5927 0.2598 0.1145 0.4488 0.4643 0.2398 0.6128 0.4008 0.0000 0.3561 0.6743 0.2534 0.2246 0.6225 0.3422 0.5960
0.4425 0.2732 0.3986 0.1863 0.6403 0.4089 0.6264 0.4289 0.3057 0.6820 0.5393 0.4963 0.4858 0.4849 0.0000 0.4075 0.2635 0.5466 0.3132 0.5256 0.3476
0.3593 0.4151 0.4393 0.5911 0.3026 0.1946 0.5397 0.4940 0.2087 0.2208 0.7655 0.4390 0.4618 0.6024 0.5393 0.0000 0.3139 0.2556 0.6262 0.3844 0.5569
0.8159 0.4877 0.5348 0.1806 0.7810 0.1173 0.5115 0.5295 0.2813 0.4237 0.4919 0.3728 0.3213 0.2966 0.3133 0.4049 0.0000 0.3167 0.4782 0.3105 0.6776
0.4326 0.4880 0.2849 0.3846 0.6206 0.2451 0.3270 0.2069 0.3753 0.6508 0.4293 0.2653 0.4082 0.1579 0.5573 0.3016 0.5413 0.0000 0.8055 0.2888 0.1919
0.4500 0.3287 0.6529 0.2385 0.6699 0.3923 0.3164 0.7027 0.4553 0.5738 0.3959 0.3219 0.6019 0.2825 0.3197 0.2553 0.4953 0.3619 0.0000 0.3994 0.6323
0.3237 0.2370 0.0290 0.3763 0.2765 0.3929 0.7296 0.3280 0.3783 0.2629 0.4485 0.3496 0.5042 0.4717 0.5285 0.5196 0.2003 0.2531 0.5985 0.0000 0.3830
0.5038 0.4804 0.2618 0.4703 0.6109 0.4168 0.4957 0.5206 0.5313 0.3193 0.2277 0.6687 0.2460 0.5470 0.4512 0.3507 0.5154 0.3324 0.4632 0.4561 0.0000

--- Sample 4 ---
node_demand:
0.1000
0.1333
0.1667
0.2000
0.1667
0.1333
0.0333
0.2000
0.0667
0.0333
0.2667
0.1000
0.1667
0.1000
0.0667
0.0333
0.1667
0.2333
0.1333
0.2667

dist_matrix:
0.0000 0.4369 0.4361 0.6036 0.3773 0.4264 0.3654 0.4787 0.2400 0.5069 0.7035 0.4162 0.2977 0.6602 0.4954 0.3835 0.7084 0.4488 0.3710 0.2886 0.5259
0.4177 0.0000 0.4153 0.6364 0.4277 0.5219 0.3319 0.5660 0.2811 0.2778 0.4136 0.2461 0.2721 0.3203 0.2418 0.4409 0.6632 0.4341 0.6080 0.4700 0.4605
0.4533 0.4115 0.0000 0.6271 0.3409 0.2687 0.3822 0.4307 0.3056 0.3907 0.7184 0.4125 0.2482 0.1863 0.3701 0.3526 0.5721 0.4436 0.5894 0.2778 0.3392
0.5912 0.6233 0.4742 0.0000 0.4721 0.3900 0.3242 0.3302 0.5916 0.2974 0.6190 0.3750 0.5646 0.3429 0.1777 0.2977 0.1671 0.3239 0.6424 0.5027 0.4098
0.2663 0.4499 0.4116 0.1619 0.0000 0.4659 0.2868 0.3893 0.2186 0.4603 0.5342 0.3358 0.8085 0.3890 0.4558 0.2657 0.5194 0.6508 0.5254 0.4161 0.5756
0.4459 0.5143 0.3139 0.4844 0.4900 0.0000 0.3026 0.4041 0.3721 0.3719 0.5680 0.4976 0.5410 0.4429 0.5194 0.3561 0.1730 0.2483 0.4063 0.3671 0.4431
0.3746 0.3270 0.4433 0.3431 0.2491 0.3002 0.0000 0.3752 0.4516 0.1777 0.3719 0.5582 0.3075 0.1897 0.3787 0.3871 0.4989 0.4532 0.2274 0.6361 0.3006
0.5132 0.4020 0.4952 0.5145 0.3400 0.3977 0.3578 0.0000 0.6899 0.4903 0.3209 0.2797 0.2983 0.5171 0.2249 0.4299 0.4139 0.1615 0.3138 0.4803 0.4597
0.3218 0.4486 0.4261 0.4929 0.4034 0.3876 0.5506 0.5452 0.0000 0.3118 0.4086 0.4668 0.6725 0.3283 0.3940 0.3095 0.2522 0.3575 0.4254 0.2768 0.5775
0.5429 0.4086 0.4494 0.2265 0.4842 0.4328 0.3240 0.5602 0.4975 0.0000 0.5348 0.4197 0.3363 0.5268 0.4124 0.2699 0.3774 0.5489 0.3652 0.2001 0.3952
0.3894 0.3111 0.5721 0.3993 0.6462 0.5913 0.5015 0.4337 0.4422 0.4967 0.0000 0.3212 0.4826 0.2158 0.4789 0.7378 0.6593 0.3166 0.7008 0.6366 0.3243
0.3505 0.2814 0.2391 0.4824 0.5352 0.5429 0.5538 0.2891 0.1467 0.3314 0.1222 0.0000 0.3894 0.4464 0.5209 0.3972 0.5771 0.5345 0.3785 0.3913 0.4977
0.2975 0.3066 0.3399 0.5588 0.5444 0.5910 0.5209 0.6470 0.3357 0.4218 0.5644 0.4600 0.0000 0.8182 0.4321 0.5421 0.3967 0.2423 0.4573 0.2662 0.2807
0.5669 0.3064 0.2796 0.4055 0.3216 0.4369 0.3436 0.4460 0.4098 0.5925 0.2121 0.6307 0.6890 0.0000 0.3144 0.6319 0.3228 0.2971 0.3179 0.3615 0.4139
0.4959 0.4321 0.3294 0.3960 0.5578 0.3104 0.7616 0.2440 0.3187 0.7085 0.3984 0.3708 0.4643 0.4657 0.0000 0.2332 0.2654 0.6621 0.3316 0.4482 0.4032
0.3594 0.3583 0.4100 0.2780 0.4444 0.1945 0.4527 0.5367 0.2857 0.2596 0.6981 0.4326 0.4678 0.5694 0.5105 0.0000 0.3624 0.3509 0.5400 0.4898 0.2693
0.7917 0.6458 0.5355 0.2320 0.6137 0.4621 0.4243 0.5104 0.3352 0.3756 0.6516 0.4498 0.3830 0.2566 0.2459 0.2561 0.0000 0.5604 0.6020 0.3358 0.6569
0.3189 0.4530 0.3225 0.3915 0.4274 0.2570 0.4466 0.1513 0.3484 0.3022 0.4089 0.4242 0.4241 0.4437 0.5994 0.2070 0.3928 0.0000 0.5069 0.2784 0.4049
0.2704 0.4393 0.6519 0.4233 0.4156 0.4497 0.2889 0.4106 0.5881 0.0853 0.3717 0.3987 0.4406 0.4864 0.1803 0.5558 0.4609 0.3462 0.0000 0.4598 0.5872
0.7633 0.1373 0.3472 0.3888 0.3921 0.3832 0.3561 0.4105 0.5524 0.4704 0.5745 0.3272 0.3530 0.2466 0.5051 0.4164 0.4313 0.2084 0.6057 0.0000 0.3628
0.4960 0.3997 0.3769 0.4295 0.4889 0.4569 0.5776 0.3992 0.4666 0.3750 0.2616 0.6643 0.2972 0.5834 0.3774 0.7168 0.6204 0.2558 0.6360 0.4159 0.0000

--- Sample 5 ---
node_demand:
0.1000
0.1333
0.1667
0.2000
0.1667
0.1333
0.0333
0.2000
0.0667
0.0333
0.2667
0.1000
0.1667
0.1000
0.0667
0.0333
0.1667
0.2333
0.1333
0.2667

dist_matrix:
0.0000 0.5776 0.3084 0.5123 0.4549 0.5743 0.3810 0.4481 0.3305 0.3507 0.4793 0.5938 0.5108 0.5451 0.5377 0.2966 0.4742 0.6212 0.4693 0.4465 0.4701
0.3176 0.0000 0.2706 0.3634 0.3984 0.4618 0.5061 0.4535 0.3601 0.2552 0.4024 0.3554 0.4077 0.3604 0.4306 0.4491 0.3821 0.4877 0.4620 0.3870 0.5541
0.5761 0.3920 0.0000 0.5638 0.3298 0.2848 0.3621 0.3090 0.4463 0.4270 0.7252 0.1680 0.1985 0.3971 0.3852 0.3540 0.2204 0.1958 0.2807 0.2877 0.3253
0.7164 0.3563 0.2080 0.0000 0.2501 0.4950 0.5031 0.3484 0.3864 0.2685 0.3410 0.4491 0.6294 0.4589 0.1355 0.2093 0.2820 0.4536 0.3352 0.5416 0.4196
0.2105 0.3329 0.3303 0.1437 0.0000 0.4210 0.3005 0.5334 0.2179 0.3756 0.4941 0.4353 0.4656 0.3283 0.4239 0.4221 0.2845 0.2907 0.6613 0.3105 0.3345
0.3745 0.3826 0.2947 0.3041 0.4524 0.0000 0.3247 0.4189 0.4393 0.6373 0.3047 0.5272 0.5845 0.3847 0.3332 0.2652 0.2184 0.2423 0.3902 0.3787 0.7782
0.3595 0.4543 0.4441 0.4363 0.2152 0.3545 0.0000 0.3997 0.3753 0.2123 0.4218 0.4636 0.4838 0.3156 0.7196 0.3311 0.5733 0.3998 0.3314 0.3202 0.4446
0.5683 0.6199 0.4092 0.2802 0.3845 0.4134 0.3601 0.0000 0.5159 0.5793 0.2997 0.3337 0.2794 0.2498 0.2965 0.3626 0.3720 0.2159 0.7294 0.4845 0.4011
0.1276 0.4381 0.4124 0.4369 0.2592 0.4445 0.5217 0.8202 0.0000 0.3477 0.3729 0.2453 0.7167 0.4397 0.3468 0.3217 0.3679 0.4928 0.3480 0.4919 0.5249
0.5115 0.3134 0.3899 0.5393 0.3071 0.4775 0.3221 0.3022 0.6081 0.0000 0.4260 0.4012 0.3613 0.3903 0.2990 0.3494 0.3553 0.1857 0.6181 0.3390 0.4041
0.4633 0.3975 0.3787 0.3311 0.4408 0.5484 0.4209 0.3806 0.6019 0.4965 0.0000 0.4031 0.6446 0.3621 0.5284 0.4429 0.6976 0.3667 0.4916 0.4934 0.2727
0.2613 0.4177 0.4063 0.4934 0.6217 0.3834 0.5211 0.3301 0.3079 0.4330 0.3947 0.0000 0.3456 0.6031 0.3605 0.3981 0.4458 0.4169 0.2481 0.6756 0.6818
0.5519 0.2692 0.2461 0.4429 0.5823 0.4819 0.4505 0.5367 0.3896 0.3707 0.5673 0.4274 0.0000 0.4477 0.4554 0.5232 0.3475 0.3270 0.4105 0.2400 0.2648
0.6096 0.1896 0.2111 0.3399 0.5231 0.5177 0.3269 0.1163 0.4107 0.7142 0.2295 0.2127 0.6706 0.0000 0.4016 0.7694 0.3630 0.2306 0.5308 0.4632 0.5553
0.3526 0.5257 0.3391 0.3358 0.2409 0.3107 0.7144 0.2844 0.3823 0.1223 0.4478 0.5762 0.4019 0.2646 0.0000 0.2371 0.3675 0.2576 0.3553 0.6289 0.4983
0.4101 0.3390 0.4721 0.6558 0.4865 0.2645 0.5799 0.5259 0.3783 0.4811 0.7241 0.4942 0.4512 0.5325 0.2023 0.0000 0.2568 0.4388 0.5899 0.4318 0.2864
0.4209 0.3756 0.3837 0.3304 0.6926 0.4234 0.6577 0.6763 0.3613 0.3918 0.7399 0.4731 0.4218 0.2848 0.2831 0.3725 0.0000 0.3017 0.4746 0.3735 0.4498
0.5452 0.2642 0.1961 0.4729 0.3192 0.2509 0.3063 0.1990 0.4267 0.5228 0.2694 0.2063 0.3102 0.1804 0.5424 0.3420 0.3121 0.0000 0.6793 0.2021 0.3548
0.5152 0.6758 0.6890 0.4515 0.5370 0.5130 0.2340 0.6869 0.4500 0.5120 0.3496 0.2784 0.4260 0.3564 0.1785 0.5430 0.4147 0.3348 0.0000 0.3879 0.5607
0.4557 0.1388 0.2495 0.5514 0.4424 0.2649 0.6601 0.3399 0.5988 0.2240 0.3656 0.3491 0.4338 0.3651 0.4492 0.4966 0.3424 0.2869 0.4223 0.0000 0.4986
0.4989 0.3586 0.2532 0.4212 0.5335 0.6103 0.5790 0.3478 0.6309 0.4183 0.2242 0.5967 0.2796 0.4140 0.3485 0.6128 0.5567 0.3077 0.6391 0.4026 0.0000
