min_dist:
0.0000 0.2000 0.2500 0.0600 0.1600 0.2700 0.2600 0.3300 0.1400 0.3000 0.2600 0.1700 0.2800 0.1200 0.1700 0.1900 0.2000 0.3600 0.0600 0.2500 0.1200
0.2000 0.0000 0.3000 0.1400 0.2000 0.2200 0.0600 0.1600 0.1600 0.2000 0.2800 0.1900 0.2200 0.1400 0.1800 0.2400 0.0800 0.3600 0.2600 0.1300 0.2000
0.2500 0.3000 0.0000 0.2800 0.2600 0.3600 0.2400 0.1900 0.3300 0.2200 0.5000 0.2600 0.3800 0.3100 0.3200 0.0600 0.3200 0.2600 0.1900 0.3100 0.2200
0.0600 0.1400 0.2800 0.0000 0.1000 0.2100 0.2000 0.2700 0.0800 0.2400 0.2700 0.1100 0.2200 0.0600 0.1100 0.2200 0.1600 0.3000 0.1200 0.2100 0.0600
0.1600 0.2000 0.2600 0.1000 0.0000 0.1200 0.2600 0.2400 0.1800 0.3000 0.2900 0.2100 0.1200 0.1600 0.1800 0.2000 0.1800 0.2600 0.1600 0.2300 0.0400
0.2700 0.2200 0.3600 0.2100 0.1200 0.0000 0.2800 0.3500 0.1600 0.2600 0.1700 0.2300 0.2400 0.1800 0.1000 0.3000 0.1400 0.3800 0.2800 0.1900 0.1600
0.2600 0.0600 0.2400 0.2000 0.2600 0.2800 0.0000 0.1000 0.2200 0.1900 0.2800 0.2500 0.2800 0.2000 0.2400 0.1800 0.1400 0.3000 0.2000 0.1900 0.2200
0.3300 0.1600 0.1900 0.2700 0.2400 0.3500 0.1000 0.0000 0.3100 0.0900 0.3800 0.2400 0.3500 0.2900 0.3100 0.2500 0.2100 0.2700 0.3000 0.1800 0.2100
0.1400 0.1600 0.3300 0.0800 0.1800 0.1600 0.2200 0.3100 0.0000 0.2300 0.1900 0.0700 0.3000 0.0200 0.1600 0.2700 0.2400 0.3400 0.1800 0.2800 0.1400
0.3000 0.2000 0.2200 0.2400 0.3000 0.2600 0.1900 0.0900 0.2300 0.0000 0.3200 0.2600 0.2600 0.2100 0.2200 0.1600 0.1200 0.3600 0.2900 0.1700 0.2600
0.2600 0.2800 0.5000 0.2700 0.2900 0.1700 0.2800 0.3800 0.1900 0.3200 0.0000 0.2400 0.3400 0.2100 0.2700 0.4400 0.2000 0.4000 0.3200 0.2500 0.3300
0.1700 0.1900 0.2600 0.1100 0.2100 0.2300 0.2500 0.2400 0.0700 0.2600 0.2400 0.0000 0.2400 0.0500 0.1900 0.2000 0.2700 0.3800 0.2300 0.3000 0.1700
0.2800 0.2200 0.3800 0.2200 0.1200 0.2400 0.2800 0.3500 0.3000 0.2600 0.3400 0.2400 0.0000 0.2800 0.2400 0.3200 0.1400 0.1400 0.2800 0.1900 0.1600
0.1200 0.1400 0.3100 0.0600 0.1600 0.1800 0.2000 0.2900 0.0200 0.2100 0.2100 0.0500 0.2800 0.0000 0.1400 0.2500 0.2200 0.3600 0.1800 0.2700 0.1200
0.1700 0.1800 0.3200 0.1100 0.1800 0.1000 0.2400 0.3100 0.1600 0.2200 0.2700 0.1900 0.2400 0.1400 0.0000 0.2600 0.1000 0.3800 0.2300 0.1500 0.1700
0.1900 0.2400 0.0600 0.2200 0.2000 0.3000 0.1800 0.2500 0.2700 0.1600 0.4400 0.2000 0.3200 0.2500 0.2600 0.0000 0.2800 0.3200 0.1300 0.2600 0.1600
0.2000 0.0800 0.3200 0.1600 0.1800 0.1400 0.1400 0.2100 0.2400 0.1200 0.2000 0.2700 0.1400 0.2200 0.1000 0.2800 0.0000 0.2800 0.2600 0.0500 0.1400
0.3600 0.3600 0.2600 0.3000 0.2600 0.3800 0.3000 0.2700 0.3400 0.3600 0.4000 0.3800 0.1400 0.3600 0.3800 0.3200 0.2800 0.0000 0.3200 0.3300 0.2400
0.0600 0.2600 0.1900 0.1200 0.1600 0.2800 0.2000 0.3000 0.1800 0.2900 0.3200 0.2300 0.2800 0.1800 0.2300 0.1300 0.2600 0.3200 0.0000 0.3100 0.1200
0.2500 0.1300 0.3100 0.2100 0.2300 0.1900 0.1900 0.1800 0.2800 0.1700 0.2500 0.3000 0.1900 0.2700 0.1500 0.2600 0.0500 0.3300 0.3100 0.0000 0.1900
0.1200 0.2000 0.2200 0.0600 0.0400 0.1600 0.2200 0.2100 0.1400 0.2600 0.3300 0.1700 0.1600 0.1200 0.1700 0.1600 0.1400 0.2400 0.1200 0.1900 0.0000

max_dist:
0.0000 0.3800 0.5200 0.3800 0.6200 0.7600 0.4600 0.5200 0.6700 0.5700 0.3800 0.3000 0.4000 0.6400 0.5600 0.3900 0.2800 0.7900 0.4600 0.3800 0.6300
0.3800 0.0000 0.7600 0.3400 0.5800 0.6000 0.4400 0.4200 0.4900 0.3900 0.6600 0.6800 0.4100 0.6100 0.4200 0.5800 0.1000 0.7000 0.5400 0.2000 0.5200
0.5200 0.7600 0.0000 0.4200 0.3800 0.7800 0.5400 0.8000 0.5100 0.8600 0.6700 0.5000 0.8400 0.5600 0.8000 0.5100 0.6600 0.8400 0.5700 0.5800 0.5600
0.3800 0.3400 0.4200 0.0000 0.4600 0.7000 0.7000 0.4600 0.6000 0.5200 0.7300 0.6600 0.5000 0.7500 0.7600 0.5300 0.2400 0.7200 0.5200 0.3400 0.2900
0.6200 0.5800 0.3800 0.4600 0.0000 0.4500 0.5800 0.5000 0.6400 0.6200 0.7600 0.7000 0.5000 0.5600 0.8800 0.6400 0.6800 0.5400 0.4200 0.7200 0.7500
0.7600 0.6000 0.7800 0.7000 0.4500 0.0000 0.5400 0.8000 0.3800 0.7900 0.5600 0.6200 0.5800 0.4400 0.5400 0.5600 0.5000 0.6800 0.5200 0.6000 0.7000
0.4600 0.4400 0.5400 0.7000 0.5800 0.5400 0.0000 0.3000 0.7200 0.7500 0.4400 0.4000 0.4800 0.3200 0.7200 0.3200 0.4600 0.5800 0.8400 0.5000 0.4900
0.5200 0.4200 0.8000 0.4600 0.5000 0.8000 0.3000 0.0000 0.5000 0.5200 0.5400 0.5900 0.6300 0.6200 0.6400 0.6200 0.3200 0.2800 0.6700 0.2200 0.6800
0.6700 0.4900 0.5100 0.6000 0.6400 0.3800 0.7200 0.5000 0.0000 0.6800 0.7900 0.4700 0.6600 0.6700 0.5400 0.6000 0.3900 0.5200 0.6600 0.2900 0.6000
0.5700 0.3900 0.8600 0.5200 0.6200 0.7900 0.7500 0.5200 0.6800 0.0000 0.8500 0.8000 0.5800 0.5400 0.8100 0.5600 0.2900 0.7400 0.5200 0.3900 0.3200
0.3800 0.6600 0.6700 0.7300 0.7600 0.5600 0.4400 0.5400 0.7900 0.8500 0.0000 0.6800 0.7800 0.5600 0.6400 0.6400 0.5600 0.5800 0.8200 0.6600 0.6400
0.3000 0.6800 0.5000 0.6600 0.7000 0.6200 0.4000 0.5900 0.4700 0.8000 0.6800 0.0000 0.4600 0.3400 0.6000 0.3800 0.5800 0.5400 0.5300 0.6800 0.5800
0.4000 0.4100 0.8400 0.5000 0.5000 0.5800 0.4800 0.6300 0.6600 0.5800 0.7800 0.4600 0.0000 0.7600 0.6200 0.6700 0.3100 0.7800 0.7500 0.4100 0.7300
0.6400 0.6100 0.5600 0.7500 0.5600 0.4400 0.3200 0.6200 0.6700 0.5400 0.5600 0.3400 0.7600 0.0000 0.4000 0.6400 0.5100 0.6400 0.5200 0.5200 0.8100
0.5600 0.4200 0.8000 0.7600 0.8800 0.5400 0.7200 0.6400 0.5400 0.8100 0.6400 0.6000 0.6200 0.4000 0.0000 0.6000 0.5200 0.6200 0.5600 0.4200 0.8400
0.3900 0.5800 0.5100 0.5300 0.6400 0.5600 0.3200 0.6200 0.6000 0.5600 0.6400 0.3800 0.6700 0.6400 0.6000 0.0000 0.4800 0.7900 0.5800 0.5100 0.2400
0.2800 0.1000 0.6600 0.2400 0.6800 0.5000 0.4600 0.3200 0.3900 0.2900 0.5600 0.5800 0.3100 0.5100 0.5200 0.4800 0.0000 0.6000 0.4400 0.1000 0.4200
0.7900 0.7000 0.8400 0.7200 0.5400 0.6800 0.5800 0.2800 0.5200 0.7400 0.5800 0.5400 0.7800 0.6400 0.6200 0.7900 0.6000 0.0000 0.4600 0.5000 0.8800
0.4600 0.5400 0.5700 0.5200 0.4200 0.5200 0.8400 0.6700 0.6600 0.5200 0.8200 0.5300 0.7500 0.5200 0.5600 0.5800 0.4400 0.4600 0.0000 0.5200 0.8100
0.3800 0.2000 0.5800 0.3400 0.7200 0.6000 0.5000 0.2200 0.2900 0.3900 0.6600 0.6800 0.4100 0.5200 0.4200 0.5100 0.1000 0.5000 0.5200 0.0000 0.5200
0.6300 0.5200 0.5600 0.2900 0.7500 0.7000 0.4900 0.6800 0.6000 0.3200 0.6400 0.5800 0.7300 0.8100 0.8400 0.2400 0.4200 0.8800 0.8100 0.5200 0.0000

--- Contains 5 samples ---

--- Sample 1 ---
node_demand:
0.1000
0.3000
0.3000
0.1000
0.1333
0.0333
0.2000
0.2667
0.1333
0.0667
0.1333
0.2333
0.0667
0.0333
0.3000
0.1333
0.3000
0.1667
0.1000
0.2667

dist_matrix:
0.0000 0.2960 0.3871 0.1652 0.5417 0.4332 0.3958 0.4314 0.5904 0.4815 0.3170 0.1858 0.2833 0.4583 0.3429 0.2697 0.2650 0.6076 0.2588 0.3297 0.5947
0.3732 0.0000 0.5683 0.2538 0.3060 0.2983 0.2401 0.3065 0.3310 0.3291 0.3975 0.6622 0.2920 0.4578 0.2321 0.4555 0.0935 0.6473 0.4550 0.1319 0.3262
0.5061 0.4786 0.0000 0.3264 0.2955 0.6400 0.4528 0.4241 0.4419 0.7632 0.6153 0.4452 0.4864 0.4887 0.5919 0.3018 0.4225 0.7461 0.2688 0.3786 0.5507
0.3380 0.2901 0.3682 0.0000 0.4094 0.2680 0.4273 0.3310 0.1911 0.4515 0.2974 0.4618 0.4727 0.5820 0.6350 0.5193 0.2337 0.3358 0.4918 0.2452 0.2731
0.2712 0.5074 0.3504 0.2416 0.0000 0.3741 0.2878 0.4325 0.4733 0.3225 0.6129 0.6969 0.3640 0.4770 0.7308 0.2811 0.5046 0.4305 0.3417 0.7006 0.2343
0.4731 0.2205 0.3808 0.3522 0.3411 0.0000 0.4066 0.7215 0.3053 0.2877 0.2660 0.5086 0.2473 0.1992 0.3403 0.3588 0.4386 0.4727 0.5136 0.3880 0.5268
0.4063 0.0913 0.3853 0.6603 0.3912 0.4018 0.0000 0.2455 0.2992 0.5473 0.4064 0.3586 0.3535 0.2572 0.5022 0.2825 0.2861 0.3230 0.4364 0.3943 0.3810
0.3526 0.2514 0.2694 0.2741 0.3563 0.5958 0.2673 0.0000 0.3224 0.4964 0.5251 0.3437 0.4365 0.5853 0.3768 0.2578 0.2363 0.2704 0.4873 0.2117 0.6622
0.2088 0.4292 0.3404 0.2124 0.5255 0.2084 0.3964 0.3717 0.0000 0.2416 0.7457 0.3018 0.6297 0.3520 0.3953 0.5573 0.2580 0.4692 0.5242 0.2889 0.5225
0.3776 0.3316 0.5896 0.5090 0.5775 0.2616 0.2054 0.5171 0.5742 0.0000 0.7581 0.5271 0.4034 0.2380 0.5235 0.5206 0.1299 0.5097 0.4738 0.2984 0.2671
0.3140 0.3337 0.6274 0.3634 0.4357 0.3578 0.3947 0.4471 0.5620 0.6483 0.0000 0.4746 0.4631 0.5478 0.4919 0.6009 0.3862 0.4685 0.3795 0.2718 0.6064
0.1971 0.3756 0.3697 0.3164 0.5331 0.4968 0.3562 0.3969 0.1359 0.6341 0.4517 0.0000 0.2617 0.3157 0.1999 0.2603 0.5389 0.4194 0.4956 0.5889 0.3512
0.2954 0.3134 0.3989 0.2784 0.4574 0.4032 0.4568 0.4342 0.4795 0.3943 0.7747 0.4011 0.0000 0.5610 0.2948 0.5869 0.2267 0.2201 0.5939 0.3536 0.6179
0.2601 0.2223 0.4689 0.4487 0.2238 0.3304 0.3012 0.4091 0.4448 0.4612 0.2961 0.3061 0.4443 0.0000 0.2974 0.3474 0.3869 0.5528 0.5127 0.4210 0.5217
0.4615 0.2381 0.4965 0.6234 0.6486 0.2015 0.5994 0.6055 0.4852 0.4590 0.5444 0.5237 0.2529 0.1420 0.0000 0.2923 0.1509 0.5257 0.3988 0.2223 0.3834
0.2102 0.3362 0.4658 0.3867 0.6046 0.4136 0.1935 0.4270 0.3023 0.3810 0.6186 0.2481 0.3968 0.4917 0.2747 0.0000 0.4052 0.4062 0.5469 0.4106 0.1927
0.2236 0.0931 0.5952 0.2233 0.5595 0.3177 0.2812 0.3005 0.2661 0.2298 0.4373 0.5592 0.1772 0.2325 0.2583 0.3480 0.0000 0.4256 0.3489 0.0717 0.3065
0.5712 0.6463 0.6447 0.5400 0.4325 0.4905 0.5434 0.2762 0.4276 0.3998 0.5237 0.5042 0.7347 0.3959 0.4441 0.7092 0.4562 0.0000 0.4087 0.4122 0.7352
0.2665 0.4827 0.1968 0.3651 0.3878 0.3089 0.5706 0.4398 0.6237 0.4101 0.6586 0.4905 0.6886 0.2362 0.4237 0.5224 0.3463 0.4186 0.0000 0.4149 0.7727
0.2629 0.1964 0.3301 0.2393 0.6110 0.5917 0.3017 0.1864 0.2816 0.2755 0.3297 0.5965 0.3549 0.4104 0.2301 0.4914 0.0626 0.3877 0.3153 0.0000 0.3575
0.3248 0.2248 0.2327 0.0619 0.5504 0.5866 0.2356 0.5382 0.3374 0.2863 0.4847 0.5199 0.1810 0.6329 0.2370 0.2277 0.2187 0.4941 0.7391 0.4379 0.0000

--- Sample 2 ---
node_demand:
0.1000
0.3000
0.3000
0.1000
0.1333
0.0333
0.2000
0.2667
0.1333
0.0667
0.1333
0.2333
0.0667
0.0333
0.3000
0.1333
0.3000
0.1667
0.1000
0.2667

dist_matrix:
0.0000 0.2605 0.4474 0.3720 0.6143 0.7219 0.3093 0.5091 0.2730 0.5257 0.2869 0.2898 0.3550 0.4964 0.1827 0.3690 0.2162 0.7292 0.1548 0.3253 0.6237
0.3454 0.0000 0.6107 0.2595 0.2567 0.4630 0.1519 0.3862 0.4822 0.2973 0.4441 0.6639 0.2752 0.2485 0.3108 0.4887 0.0979 0.3667 0.4368 0.1937 0.3241
0.3183 0.6206 0.0000 0.3480 0.2877 0.3975 0.5343 0.5289 0.3381 0.6094 0.5036 0.4277 0.4949 0.4749 0.5537 0.0918 0.3407 0.5766 0.2869 0.4449 0.4593
0.2339 0.2890 0.3879 0.0000 0.2496 0.5925 0.5877 0.4599 0.2139 0.4094 0.5607 0.5617 0.2748 0.7366 0.3408 0.3346 0.1933 0.6540 0.2587 0.2341 0.1798
0.5934 0.2968 0.2666 0.3781 0.0000 0.2865 0.5798 0.2657 0.3568 0.3093 0.4338 0.6702 0.2462 0.2820 0.2745 0.2326 0.4130 0.3685 0.2809 0.5421 0.5950
0.3776 0.5088 0.5828 0.4031 0.1244 0.0000 0.4588 0.4889 0.3794 0.4720 0.4432 0.2304 0.5672 0.3304 0.4850 0.3141 0.2322 0.6578 0.3175 0.3777 0.2677
0.3105 0.4120 0.4596 0.5863 0.3048 0.3621 0.0000 0.1029 0.4939 0.6388 0.2951 0.2882 0.3286 0.2786 0.4083 0.2744 0.3949 0.3175 0.7385 0.4762 0.4232
0.4402 0.2446 0.6614 0.3436 0.3045 0.7368 0.1240 0.0000 0.3583 0.2829 0.4725 0.2642 0.4554 0.4084 0.5358 0.5496 0.3122 0.2772 0.5657 0.1866 0.3201
0.2386 0.4046 0.3641 0.5050 0.4673 0.3159 0.3178 0.3501 0.0000 0.2818 0.3214 0.3475 0.6525 0.1287 0.4869 0.5091 0.2958 0.3404 0.3652 0.2889 0.5969
0.3108 0.2835 0.8510 0.5092 0.4695 0.2913 0.7450 0.4748 0.4199 0.0000 0.7109 0.4379 0.2630 0.5164 0.5127 0.2216 0.2366 0.4678 0.4298 0.2982 0.2729
0.3031 0.3714 0.5819 0.6862 0.3809 0.4594 0.3884 0.4055 0.1985 0.6466 0.0000 0.4014 0.6533 0.2373 0.4887 0.5799 0.4404 0.4207 0.4290 0.3579 0.4736
0.2476 0.4779 0.3205 0.5914 0.6041 0.2759 0.3972 0.3710 0.1658 0.3632 0.2406 0.0000 0.3708 0.0842 0.4841 0.3578 0.3231 0.4562 0.5275 0.5272 0.5558
0.2940 0.3919 0.5203 0.2930 0.2338 0.3566 0.3092 0.3980 0.5549 0.5002 0.4195 0.3364 0.0000 0.4156 0.5186 0.3889 0.2531 0.2653 0.7476 0.1961 0.4998
0.1528 0.2193 0.4989 0.2557 0.5039 0.4286 0.2546 0.4115 0.6122 0.3969 0.2683 0.3239 0.7135 0.0000 0.1476 0.3890 0.4461 0.5879 0.4550 0.2826 0.5697
0.2624 0.2771 0.7750 0.5589 0.8071 0.2261 0.2788 0.5863 0.3715 0.6824 0.4303 0.5399 0.3602 0.1997 0.0000 0.4331 0.1448 0.6185 0.4375 0.2981 0.7729
0.3727 0.4708 0.4609 0.4232 0.5361 0.3332 0.2160 0.4643 0.4033 0.1980 0.5319 0.3429 0.3582 0.3232 0.4226 0.0000 0.3096 0.7223 0.2161 0.3264 0.1986
0.2786 0.0824 0.4163 0.1744 0.2164 0.2685 0.2347 0.2318 0.3687 0.1373 0.4336 0.4952 0.2674 0.4496 0.2435 0.4063 0.0000 0.3801 0.3958 0.0569 0.2124
0.3866 0.4337 0.5437 0.5295 0.4103 0.5550 0.3689 0.2710 0.4451 0.4924 0.4060 0.4540 0.4376 0.3843 0.5071 0.3889 0.3502 0.0000 0.3635 0.3749 0.5271
0.3785 0.4691 0.5500 0.1845 0.2946 0.4607 0.7019 0.3198 0.3932 0.3504 0.3943 0.4297 0.5903 0.1904 0.4276 0.3751 0.3974 0.3255 0.0000 0.4834 0.4087
0.2997 0.1645 0.4203 0.2282 0.5737 0.3097 0.4915 0.1838 0.2815 0.1890 0.3732 0.6438 0.3961 0.4757 0.2799 0.2736 0.0518 0.4607 0.3790 0.0000 0.3439
0.2715 0.4900 0.4387 0.2887 0.3285 0.3566 0.3030 0.3610 0.4929 0.3199 0.5584 0.3904 0.3148 0.4016 0.3932 0.2381 0.4114 0.3375 0.6557 0.4521 0.0000

--- Sample 3 ---
node_demand:
0.1000
0.3000
0.3000
0.1000
0.1333
0.0333
0.2000
0.2667
0.1333
0.0667
0.1333
0.2333
0.0667
0.0333
0.3000
0.1333
0.3000
0.1667
0.1000
0.2667

dist_matrix:
0.0000 0.2433 0.5174 0.3282 0.2303 0.4861 0.4118 0.3534 0.4357 0.4840 0.3337 0.1779 0.3583 0.2860 0.2776 0.2745 0.2089 0.5408 0.2726 0.3471 0.3656
0.3641 0.0000 0.3977 0.2394 0.5374 0.3430 0.3810 0.3915 0.2144 0.3689 0.5532 0.6063 0.2994 0.5940 0.3492 0.4379 0.0924 0.5678 0.2679 0.1501 0.4161
0.4406 0.3618 0.0000 0.4106 0.2886 0.3624 0.4360 0.7634 0.4771 0.3374 0.5304 0.3691 0.4945 0.3556 0.3657 0.2572 0.5534 0.5876 0.2995 0.5634 0.3487
0.0748 0.2334 0.3428 0.0000 0.2243 0.3351 0.5874 0.3734 0.5895 0.3988 0.5914 0.3574 0.3062 0.4712 0.3344 0.4153 0.1753 0.5348 0.1720 0.3070 0.1323
0.1707 0.4100 0.3489 0.1426 0.0000 0.2032 0.5768 0.4139 0.3309 0.4212 0.6759 0.4822 0.3862 0.4029 0.5746 0.3976 0.3505 0.3937 0.3158 0.2812 0.2356
0.7179 0.5497 0.7260 0.5199 0.1675 0.0000 0.3892 0.5986 0.3319 0.5074 0.5594 0.3855 0.3604 0.2818 0.3761 0.4848 0.2431 0.4944 0.4127 0.4478 0.4876
0.4387 0.3675 0.3700 0.4120 0.2754 0.3727 0.0000 0.2632 0.3583 0.5629 0.3313 0.3643 0.3685 0.2856 0.3747 0.2777 0.1402 0.5112 0.5828 0.2655 0.3605
0.4799 0.3907 0.5759 0.4492 0.4421 0.4014 0.2158 0.0000 0.4411 0.3855 0.4518 0.3653 0.6156 0.5904 0.4785 0.5004 0.2702 0.2774 0.5799 0.2024 0.6219
0.1628 0.3530 0.3375 0.5603 0.3943 0.2942 0.6236 0.4832 0.0000 0.2940 0.7723 0.4517 0.3333 0.2065 0.2720 0.3776 0.3705 0.3943 0.1927 0.2847 0.1758
0.5100 0.3193 0.4948 0.3871 0.3798 0.5805 0.6330 0.1692 0.6691 0.0000 0.5286 0.5371 0.4529 0.4072 0.6607 0.5454 0.1973 0.5813 0.3346 0.3081 0.2881
0.2655 0.5609 0.6371 0.4810 0.5272 0.3549 0.3787 0.4219 0.5609 0.5381 0.0000 0.5286 0.7783 0.4006 0.2822 0.5389 0.3653 0.4639 0.8080 0.4054 0.5289
0.2519 0.6541 0.3808 0.1847 0.6688 0.3790 0.3749 0.4585 0.1957 0.4820 0.2455 0.0000 0.3387 0.3189 0.3148 0.2191 0.3467 0.4502 0.3151 0.5548 0.2783
0.3594 0.3918 0.3890 0.3670 0.2624 0.5078 0.3605 0.5845 0.3888 0.4642 0.7192 0.2914 0.0000 0.4818 0.3094 0.3860 0.1510 0.3318 0.5960 0.3589 0.4756
0.4574 0.4708 0.4401 0.5213 0.3745 0.4283 0.3048 0.5391 0.4102 0.4852 0.2597 0.1609 0.3355 0.0000 0.1848 0.2558 0.3505 0.4161 0.2166 0.3908 0.5912
0.5510 0.3150 0.4829 0.2920 0.6647 0.1152 0.4897 0.6142 0.5340 0.6069 0.3844 0.5393 0.3783 0.2295 0.0000 0.2952 0.4214 0.5328 0.3959 0.3112 0.5340
0.3677 0.3494 0.4847 0.3746 0.5975 0.5483 0.2527 0.3607 0.4828 0.4080 0.5536 0.3319 0.6549 0.4408 0.5756 0.0000 0.4492 0.7199 0.1996 0.2895 0.2256
0.2472 0.0954 0.6585 0.2276 0.5720 0.4358 0.4171 0.2811 0.2876 0.2847 0.5584 0.5791 0.2957 0.3260 0.4151 0.3417 0.0000 0.4989 0.3582 0.0570 0.4047
0.4790 0.4295 0.7368 0.4029 0.2760 0.6646 0.4251 0.2728 0.5014 0.6317 0.5624 0.5171 0.6382 0.5202 0.3864 0.3714 0.5255 0.0000 0.4093 0.3571 0.3322
0.1248 0.5092 0.4477 0.2804 0.2315 0.4622 0.7337 0.3145 0.4148 0.4450 0.5729 0.2596 0.6738 0.2803 0.3480 0.4399 0.4163 0.3563 0.0000 0.3511 0.3244
0.3768 0.1509 0.4488 0.2848 0.6698 0.4560 0.3614 0.1878 0.2851 0.3671 0.5683 0.4065 0.3796 0.2786 0.3349 0.4756 0.0709 0.3716 0.4849 0.0000 0.5101
0.3288 0.3063 0.3532 0.1036 0.2804 0.3693 0.3794 0.3963 0.2136 0.2929 0.5735 0.5622 0.5125 0.7195 0.5774 0.2259 0.2913 0.2780 0.7122 0.3303 0.0000

--- Sample 4 ---
node_demand:
0.1000
0.3000
0.3000
0.1000
0.1333
0.0333
0.2000
0.2667
0.1333
0.0667
0.1333
0.2333
0.0667
0.0333
0.3000
0.1333
0.3000
0.1667
0.1000
0.2667

dist_matrix:
0.0000 0.3599 0.4150 0.2836 0.4375 0.3691 0.4401 0.3768 0.6182 0.4925 0.3315 0.2460 0.3051 0.5531 0.3814 0.3600 0.2150 0.5900 0.3345 0.3384 0.5835
0.2619 0.0000 0.4218 0.1780 0.2084 0.2925 0.1817 0.4125 0.2711 0.3471 0.5414 0.1941 0.3260 0.2696 0.3849 0.2729 0.0817 0.5555 0.2680 0.1582 0.2465
0.2787 0.6467 0.0000 0.4039 0.2722 0.4271 0.3812 0.2063 0.4097 0.7234 0.5461 0.2899 0.5417 0.5487 0.7313 0.3182 0.5912 0.4374 0.2726 0.5159 0.2696
0.3675 0.2740 0.3699 0.0000 0.1579 0.4205 0.5865 0.3206 0.5157 0.4136 0.3747 0.3553 0.2625 0.4351 0.4754 0.4058 0.2292 0.5388 0.2075 0.3002 0.1289
0.4844 0.4877 0.2715 0.3021 0.0000 0.2686 0.4735 0.3737 0.4784 0.4844 0.5630 0.4737 0.4745 0.2484 0.6383 0.3904 0.3318 0.3971 0.3201 0.5748 0.2043
0.4288 0.2340 0.6506 0.4445 0.3529 0.0000 0.3064 0.4932 0.2547 0.7122 0.5379 0.4276 0.2455 0.2906 0.4092 0.3566 0.4356 0.6529 0.3718 0.5741 0.4548
0.4400 0.0940 0.3607 0.6177 0.4568 0.4949 0.0000 0.2712 0.3876 0.6648 0.3628 0.2918 0.3185 0.2851 0.5990 0.2798 0.4570 0.5714 0.3495 0.4428 0.2997
0.4234 0.4029 0.2537 0.2739 0.4188 0.6912 0.1472 0.0000 0.4395 0.4551 0.4734 0.4495 0.6064 0.4989 0.4218 0.4135 0.2561 0.2746 0.6448 0.2197 0.4847
0.3436 0.3819 0.4301 0.4796 0.4634 0.3538 0.4941 0.4446 0.0000 0.4255 0.7215 0.3670 0.4165 0.2683 0.2423 0.4080 0.2756 0.4403 0.5750 0.2845 0.3665
0.3783 0.2719 0.8421 0.3343 0.4182 0.5532 0.6164 0.1263 0.2334 0.0000 0.3574 0.7484 0.4094 0.3322 0.5148 0.2790 0.2713 0.5566 0.4588 0.2377 0.2674
0.3229 0.4837 0.5270 0.3521 0.4925 0.1961 0.3582 0.4772 0.6189 0.5563 0.0000 0.5539 0.7132 0.5040 0.5398 0.5085 0.5556 0.5655 0.4203 0.2667 0.5516
0.1763 0.3686 0.4034 0.5279 0.5166 0.3725 0.2504 0.2538 0.1269 0.6710 0.2599 0.0000 0.4426 0.2649 0.3318 0.2667 0.5167 0.4078 0.3130 0.5810 0.5799
0.2997 0.3226 0.4886 0.2819 0.1342 0.4822 0.3985 0.5474 0.6055 0.4573 0.7247 0.3789 0.0000 0.5593 0.3050 0.6524 0.1899 0.4992 0.4055 0.2320 0.5776
0.2886 0.1409 0.4915 0.1705 0.3002 0.2041 0.2918 0.5113 0.4441 0.2766 0.4393 0.3150 0.4225 0.0000 0.1931 0.3144 0.4794 0.5627 0.2301 0.4877 0.7278
0.4351 0.2130 0.6488 0.6994 0.7776 0.5371 0.3645 0.5834 0.4238 0.7427 0.3650 0.2974 0.4790 0.2174 0.0000 0.3196 0.4726 0.5954 0.2591 0.2170 0.1826
0.3433 0.3053 0.4210 0.4089 0.4875 0.3056 0.2566 0.3769 0.2876 0.3679 0.5312 0.3747 0.3751 0.4497 0.3277 0.0000 0.3124 0.4222 0.2509 0.4435 0.2316
0.2302 0.0864 0.5928 0.1912 0.5019 0.1758 0.4330 0.2406 0.3765 0.2434 0.5466 0.3999 0.3086 0.4992 0.4639 0.4390 0.0000 0.4893 0.4112 0.0594 0.2174
0.5084 0.4405 0.4817 0.6778 0.4973 0.4781 0.5179 0.2799 0.4810 0.6679 0.4913 0.4494 0.3860 0.6216 0.5465 0.6575 0.5791 0.0000 0.3687 0.4937 0.8179
0.2525 0.3880 0.2146 0.4987 0.2734 0.2913 0.6783 0.3976 0.6554 0.4275 0.6469 0.4261 0.5456 0.4732 0.2856 0.1813 0.3120 0.4574 0.0000 0.3593 0.3707
0.3085 0.1851 0.3238 0.3095 0.5364 0.2407 0.3498 0.1842 0.2887 0.3686 0.4676 0.6757 0.3435 0.4570 0.2316 0.4228 0.0702 0.4896 0.3140 0.0000 0.4089
0.5629 0.2080 0.2212 0.1607 0.4305 0.5567 0.4181 0.3039 0.5773 0.2861 0.5030 0.2314 0.5833 0.3770 0.7573 0.1682 0.2604 0.7105 0.5547 0.4454 0.0000

--- Sample 5 ---
node_demand:
0.1000
0.3000
0.3000
0.1000
0.1333
0.0333
0.2000
0.2667
0.1333
0.0667
0.1333
0.2333
0.0667
0.0333
0.3000
0.1333
0.3000
0.1667
0.1000
0.2667

dist_matrix:
0.0000 0.3379 0.2588 0.1400 0.1889 0.3837 0.2988 0.3752 0.5954 0.4809 0.3717 0.2937 0.3097 0.4222 0.2097 0.2749 0.2024 0.5028 0.1409 0.3567 0.1242
0.2978 0.0000 0.4168 0.2735 0.5330 0.4161 0.2555 0.3908 0.2382 0.3077 0.4053 0.4400 0.2327 0.2076 0.2837 0.5420 0.0989 0.4318 0.3025 0.1493 0.3460
0.3628 0.5510 0.0000 0.3103 0.3185 0.4446 0.5208 0.1965 0.4568 0.7569 0.5571 0.4475 0.7949 0.5046 0.4793 0.1841 0.6153 0.5839 0.2943 0.4867 0.4779
0.2653 0.3179 0.3274 0.0000 0.2485 0.4857 0.5460 0.4244 0.1789 0.5011 0.5666 0.2407 0.3852 0.0810 0.6717 0.3963 0.1855 0.6626 0.4674 0.2943 0.1303
0.6054 0.2733 0.2860 0.1663 0.0000 0.1680 0.4538 0.3968 0.3268 0.5751 0.7200 0.5826 0.2730 0.4609 0.7721 0.4597 0.4245 0.4145 0.2059 0.3441 0.6258
0.4911 0.5407 0.6317 0.5749 0.3476 0.0000 0.4539 0.7349 0.2278 0.6441 0.2940 0.4836 0.4127 0.2780 0.3277 0.4456 0.1758 0.3843 0.2861 0.5311 0.3653
0.2755 0.0752 0.3331 0.4305 0.3635 0.4157 0.0000 0.1934 0.3408 0.7277 0.3847 0.3967 0.3207 0.3088 0.2855 0.2572 0.2725 0.3875 0.3291 0.2174 0.4725
0.3558 0.1666 0.2115 0.3565 0.3375 0.6440 0.2863 0.0000 0.3624 0.3269 0.4202 0.4803 0.5366 0.4588 0.3832 0.4711 0.2218 0.2717 0.3296 0.1889 0.6284
0.3329 0.3205 0.3763 0.5330 0.4888 0.2091 0.3169 0.4937 0.0000 0.4258 0.3954 0.2970 0.3216 0.5829 0.4356 0.2832 0.3108 0.3590 0.4119 0.2851 0.4030
0.3520 0.2151 0.3557 0.2924 0.3199 0.4387 0.3937 0.3935 0.2310 0.0000 0.5393 0.5243 0.4568 0.2213 0.3749 0.3713 0.2309 0.3913 0.4809 0.2648 0.2854
0.3377 0.5890 0.5475 0.6102 0.6055 0.2515 0.3284 0.4892 0.4347 0.7932 0.0000 0.3270 0.5201 0.3998 0.4953 0.5836 0.3543 0.5721 0.6614 0.2739 0.4196
0.2097 0.5067 0.3898 0.3119 0.3580 0.2706 0.3912 0.3539 0.1398 0.7654 0.4150 0.0000 0.3721 0.2656 0.2008 0.2048 0.3911 0.3802 0.3253 0.5233 0.2813
0.3201 0.4043 0.7959 0.2230 0.4906 0.4151 0.4253 0.3775 0.3990 0.2913 0.5656 0.3770 0.0000 0.4676 0.3720 0.5028 0.1639 0.4198 0.4014 0.2394 0.4822
0.5800 0.5619 0.4001 0.3975 0.4647 0.2665 0.2179 0.5149 0.1683 0.5380 0.4576 0.2118 0.7589 0.0000 0.2915 0.4352 0.4967 0.4752 0.4709 0.4107 0.7635
0.4266 0.2536 0.3986 0.3524 0.2212 0.2630 0.6558 0.6364 0.4550 0.3711 0.6216 0.3637 0.5178 0.1700 0.0000 0.5654 0.5197 0.4483 0.3278 0.3313 0.3752
0.2404 0.3609 0.1929 0.2593 0.3283 0.5253 0.2599 0.2556 0.3676 0.3194 0.4881 0.2131 0.3959 0.5757 0.3825 0.0000 0.4141 0.5764 0.2411 0.4862 0.1647
0.2093 0.0999 0.5784 0.1721 0.4667 0.3632 0.3095 0.2546 0.2642 0.1441 0.4549 0.5156 0.1720 0.3667 0.1317 0.3512 0.0000 0.3227 0.3418 0.0802 0.4023
0.5292 0.5505 0.5387 0.6760 0.2812 0.6277 0.4250 0.2792 0.4429 0.5804 0.5526 0.4081 0.5688 0.5340 0.5740 0.5880 0.4068 0.0000 0.4338 0.3619 0.3448
0.1128 0.3669 0.2707 0.2329 0.3517 0.3017 0.2817 0.4234 0.6413 0.4419 0.5655 0.4849 0.6727 0.3785 0.3232 0.4032 0.2823 0.3396 0.0000 0.4730 0.1423
0.3046 0.1748 0.5403 0.3366 0.2433 0.5800 0.4979 0.1934 0.2895 0.2351 0.6337 0.3098 0.2927 0.4646 0.1517 0.3943 0.0736 0.4381 0.5116 0.0000 0.2874
0.1205 0.4422 0.3965 0.2402 0.3167 0.6997 0.2485 0.5422 0.4930 0.2784 0.6330 0.4320 0.5878 0.5341 0.5054 0.2343 0.2059 0.2919 0.4651 0.3520 0.0000
