min_dist:
0.0000 0.2600 0.3500 0.2000 0.3200 0.0800 0.2000 0.2300 0.3600 0.2000 0.2100 0.3200 0.1600 0.2600 0.3200 0.2700 0.3400 0.2900 0.3400 0.2900 0.2800
0.2600 0.0000 0.1100 0.2900 0.1900 0.2400 0.2000 0.1700 0.2200 0.0600 0.1500 0.0700 0.2200 0.1200 0.2600 0.2100 0.2000 0.2200 0.3000 0.1600 0.2000
0.3500 0.1100 0.0000 0.1800 0.3000 0.3500 0.3000 0.2600 0.3300 0.1600 0.2400 0.1800 0.2200 0.2300 0.3400 0.3000 0.3100 0.3200 0.3000 0.0600 0.2600
0.2000 0.2900 0.1800 0.0000 0.3200 0.2800 0.2000 0.2500 0.2800 0.3400 0.2700 0.2600 0.3000 0.2000 0.2600 0.2100 0.2800 0.2900 0.3600 0.2400 0.3900
0.3200 0.1900 0.3000 0.3200 0.0000 0.3900 0.3500 0.1300 0.2800 0.2500 0.1100 0.2400 0.2200 0.1800 0.1600 0.1100 0.2600 0.0300 0.3000 0.3500 0.1900
0.0800 0.2400 0.3500 0.2800 0.3900 0.0000 0.1700 0.3100 0.3400 0.2800 0.2900 0.3100 0.2400 0.3400 0.4000 0.3500 0.2800 0.3600 0.4100 0.3700 0.2000
0.2000 0.2000 0.3000 0.2000 0.3500 0.1700 0.0000 0.3300 0.2200 0.1400 0.3500 0.2700 0.3400 0.2400 0.4100 0.3700 0.1600 0.3200 0.3000 0.2400 0.3400
0.2300 0.1700 0.2600 0.2500 0.1300 0.3100 0.3300 0.0000 0.2600 0.1900 0.0200 0.1800 0.1500 0.1600 0.0900 0.0400 0.2000 0.1000 0.3400 0.2600 0.2600
0.3600 0.2200 0.3300 0.2800 0.2800 0.3400 0.2200 0.2600 0.0000 0.2100 0.2400 0.1600 0.2000 0.1000 0.2800 0.2300 0.0600 0.2500 0.0800 0.3100 0.2900
0.2000 0.0600 0.1600 0.3400 0.2500 0.2800 0.1400 0.1900 0.2100 0.0000 0.2100 0.1300 0.2800 0.1800 0.2800 0.2300 0.2600 0.2800 0.2900 0.1000 0.2600
0.2100 0.1500 0.2400 0.2700 0.1100 0.2900 0.3500 0.0200 0.2400 0.2100 0.0000 0.2000 0.1700 0.1400 0.1100 0.0600 0.2200 0.0800 0.3200 0.2400 0.2400
0.3200 0.0700 0.1800 0.2600 0.2400 0.3100 0.2700 0.1800 0.1600 0.1300 0.2000 0.0000 0.1600 0.0600 0.2700 0.2200 0.1400 0.2100 0.2400 0.2300 0.1300
0.1600 0.2200 0.2200 0.3000 0.2200 0.2400 0.3400 0.1500 0.2000 0.2800 0.1700 0.1600 0.0000 0.1000 0.1600 0.1100 0.1800 0.1900 0.2800 0.2800 0.2900
0.2600 0.1200 0.2300 0.2000 0.1800 0.3400 0.2400 0.1600 0.1000 0.1800 0.1400 0.0600 0.1000 0.0000 0.2500 0.2000 0.0800 0.1500 0.1800 0.2800 0.1900
0.3200 0.2600 0.3400 0.2600 0.1600 0.4000 0.4100 0.0900 0.2800 0.2800 0.1100 0.2700 0.1600 0.2500 0.0000 0.0500 0.2900 0.1300 0.3500 0.3100 0.2800
0.2700 0.2100 0.3000 0.2100 0.1100 0.3500 0.3700 0.0400 0.2300 0.2300 0.0600 0.2200 0.1100 0.2000 0.0500 0.0000 0.2400 0.0800 0.3000 0.2600 0.2400
0.3400 0.2000 0.3100 0.2800 0.2600 0.2800 0.1600 0.2000 0.0600 0.2600 0.2200 0.1400 0.1800 0.0800 0.2900 0.2400 0.0000 0.2300 0.1400 0.3400 0.2700
0.2900 0.2200 0.3200 0.2900 0.0300 0.3600 0.3200 0.1000 0.2500 0.2800 0.0800 0.2100 0.1900 0.1500 0.1300 0.0800 0.2300 0.0000 0.3300 0.3200 0.1600
0.3400 0.3000 0.3000 0.3600 0.3000 0.4100 0.3000 0.3400 0.0800 0.2900 0.3200 0.2400 0.2800 0.1800 0.3500 0.3000 0.1400 0.3300 0.0000 0.2400 0.3700
0.2900 0.1600 0.0600 0.2400 0.3500 0.3700 0.2400 0.2600 0.3100 0.1000 0.2400 0.2300 0.2800 0.2800 0.3100 0.2600 0.3400 0.3200 0.2400 0.0000 0.2000
0.2800 0.2000 0.2600 0.3900 0.1900 0.2000 0.3400 0.2600 0.2900 0.2600 0.2400 0.1300 0.2900 0.1900 0.2800 0.2400 0.2700 0.1600 0.3700 0.2000 0.0000

max_dist:
0.0000 0.5500 0.5900 0.5900 0.4000 0.7600 0.6400 0.6600 0.6600 0.4800 0.2500 0.4800 0.3000 0.6800 0.6400 0.4800 0.8400 0.6400 0.6000 0.6500 0.6100
0.5500 0.0000 0.7400 0.7600 0.2800 0.3900 0.5000 0.6200 0.5000 0.6400 0.3000 0.6200 0.6800 0.4200 0.7000 0.7000 0.7200 0.6800 0.5600 0.6100 0.7400
0.5900 0.7400 0.0000 0.5500 0.7100 0.5100 0.6700 0.7400 0.7200 0.7000 0.6000 0.6400 0.6000 0.7800 0.9000 0.4200 0.6600 0.5700 0.5400 0.5400 0.9000
0.5900 0.7600 0.5500 0.0000 0.7200 0.6800 0.5400 0.4800 0.3400 0.6800 0.7900 0.7900 0.4800 0.6900 0.6000 0.3000 0.6300 0.7600 0.6900 0.7400 0.6400
0.4000 0.2800 0.7100 0.7200 0.0000 0.6700 0.7800 0.5900 0.7600 0.7200 0.5400 0.4100 0.5600 0.6000 0.5100 0.4200 0.5800 0.4000 0.5000 0.6300 0.7300
0.7600 0.3900 0.5100 0.6800 0.6700 0.0000 0.3800 0.4800 0.6100 0.4200 0.6900 0.4700 0.7200 0.7200 0.7800 0.7400 0.4500 0.4600 0.5800 0.6800 0.4800
0.6400 0.5000 0.6700 0.5400 0.7800 0.3800 0.0000 0.6300 0.2600 0.4300 0.5600 0.7200 0.6600 0.6500 0.7900 0.4800 0.3800 0.7000 0.4800 0.6900 0.5600
0.6600 0.6200 0.7400 0.4800 0.5900 0.4800 0.6300 0.0000 0.6800 0.2000 0.4700 0.4600 0.6800 0.6200 0.3000 0.5600 0.3000 0.4600 0.5200 0.4400 0.3200
0.6600 0.5000 0.7200 0.3400 0.7600 0.6100 0.2600 0.6800 0.0000 0.6900 0.5800 0.5600 0.6400 0.3900 0.6800 0.6400 0.5600 0.7200 0.5000 0.8000 0.6300
0.4800 0.6400 0.7000 0.6800 0.7200 0.4200 0.4300 0.2000 0.6900 0.0000 0.6700 0.6600 0.7300 0.5900 0.5000 0.6200 0.5000 0.5900 0.7200 0.2600 0.5200
0.2500 0.3000 0.6000 0.7900 0.5400 0.6900 0.5600 0.4700 0.5800 0.6700 0.0000 0.5400 0.5500 0.5600 0.4000 0.4900 0.6600 0.6700 0.5800 0.5800 0.6800
0.4800 0.6200 0.6400 0.7900 0.4100 0.4700 0.7200 0.4600 0.5600 0.6600 0.5400 0.0000 0.5600 0.3700 0.6100 0.6000 0.5600 0.7900 0.6900 0.5400 0.4900
0.3000 0.6800 0.6000 0.4800 0.5600 0.7200 0.6600 0.6800 0.6400 0.7300 0.5500 0.5600 0.0000 0.7800 0.5500 0.1800 0.5400 0.7200 0.5700 0.6200 0.7600
0.6800 0.4200 0.7800 0.6900 0.6000 0.7200 0.6500 0.6200 0.3900 0.5900 0.5600 0.3700 0.7800 0.0000 0.8500 0.6600 0.7600 0.4200 0.3200 0.6400 0.6000
0.6400 0.7000 0.9000 0.6000 0.5100 0.7800 0.7900 0.3000 0.6800 0.5000 0.4000 0.6100 0.5500 0.8500 0.0000 0.7000 0.5600 0.7600 0.8000 0.7400 0.5500
0.4800 0.7000 0.4200 0.3000 0.4200 0.7400 0.4800 0.5600 0.6400 0.6200 0.4900 0.6000 0.1800 0.6600 0.7000 0.0000 0.7200 0.6000 0.3900 0.5700 0.7800
0.8400 0.7200 0.6600 0.6300 0.5800 0.4500 0.3800 0.3000 0.5600 0.5000 0.6600 0.5600 0.5400 0.7600 0.5600 0.7200 0.0000 0.7000 0.7400 0.4600 0.6200
0.6400 0.6800 0.5700 0.7600 0.4000 0.4600 0.7000 0.4600 0.7200 0.5900 0.6700 0.7900 0.7200 0.4200 0.7600 0.6000 0.7000 0.0000 0.5400 0.7900 0.3300
0.6000 0.5600 0.5400 0.6900 0.5000 0.5800 0.4800 0.5200 0.5000 0.7200 0.5800 0.6900 0.5700 0.3200 0.8000 0.3900 0.7400 0.5400 0.0000 0.6000 0.6800
0.6500 0.6100 0.5400 0.7400 0.6300 0.6800 0.6900 0.4400 0.8000 0.2600 0.5800 0.5400 0.6200 0.6400 0.7400 0.5700 0.4600 0.7900 0.6000 0.0000 0.7600
0.6100 0.7400 0.9000 0.6400 0.7300 0.4800 0.5600 0.3200 0.6300 0.5200 0.6800 0.4900 0.7600 0.6000 0.5500 0.7800 0.6200 0.3300 0.6800 0.7600 0.0000

--- Contains 5 samples ---

--- Sample 1 ---
node_demand:
0.2000
0.0333
0.0667
0.1000
0.1333
0.3000
0.3000
0.2000
0.2333
0.0667
0.2667
0.1000
0.3000
0.2333
0.0333
0.1667
0.0333
0.3000
0.1667
0.0333

dist_matrix:
0.0000 0.4611 0.5794 0.4794 0.3346 0.1730 0.3365 0.6591 0.4846 0.4029 0.2401 0.4478 0.1658 0.5902 0.4682 0.4318 0.4939 0.6318 0.4191 0.4829 0.2872
0.4494 0.0000 0.7114 0.5580 0.2139 0.3638 0.4370 0.5721 0.4038 0.3460 0.2527 0.2599 0.3579 0.2788 0.2754 0.5946 0.2527 0.6652 0.4362 0.4581 0.4453
0.4025 0.1955 0.0000 0.3529 0.4362 0.4718 0.4367 0.2802 0.6897 0.3306 0.5798 0.2135 0.2246 0.4543 0.3519 0.3315 0.5169 0.4623 0.3433 0.3947 0.5907
0.2713 0.5302 0.5054 0.0000 0.4117 0.4973 0.3257 0.3688 0.2898 0.4160 0.4439 0.5604 0.3688 0.2924 0.5259 0.2800 0.5996 0.4016 0.5739 0.2741 0.6112
0.3511 0.2321 0.4151 0.6724 0.0000 0.5332 0.5947 0.1898 0.4875 0.5053 0.5012 0.2422 0.4803 0.2029 0.4100 0.2510 0.3700 0.1143 0.3018 0.4658 0.6390
0.3393 0.2999 0.3688 0.3419 0.6384 0.0000 0.2724 0.3507 0.4556 0.3775 0.3733 0.3737 0.6258 0.3484 0.7539 0.5431 0.3447 0.4126 0.5258 0.4300 0.3828
0.5654 0.3706 0.3194 0.2781 0.7366 0.3477 0.0000 0.5232 0.2480 0.1640 0.5264 0.6802 0.6531 0.5518 0.7473 0.3803 0.1768 0.5571 0.4514 0.6182 0.5437
0.4022 0.2565 0.5114 0.3920 0.1860 0.4138 0.4553 0.0000 0.2643 0.1916 0.3450 0.2932 0.3259 0.4821 0.1809 0.4291 0.2642 0.4098 0.4673 0.3105 0.3011
0.4328 0.3745 0.6767 0.2947 0.4373 0.4845 0.2294 0.6076 0.0000 0.2193 0.5397 0.2786 0.5677 0.3138 0.3915 0.4254 0.1378 0.4046 0.3111 0.7437 0.3755
0.4357 0.2896 0.5367 0.4890 0.6589 0.3180 0.1416 0.1911 0.4583 0.0000 0.6253 0.3161 0.6035 0.4089 0.4590 0.3852 0.4199 0.5840 0.6391 0.2189 0.4842
0.2468 0.2299 0.3638 0.6834 0.1230 0.6314 0.4646 0.4644 0.3758 0.2104 0.0000 0.2541 0.2846 0.2721 0.1835 0.3389 0.2628 0.4190 0.5462 0.5253 0.6093
0.4472 0.0750 0.2467 0.3955 0.3901 0.3920 0.4679 0.4005 0.5163 0.3238 0.5394 0.0000 0.2569 0.1429 0.3357 0.5421 0.5338 0.6406 0.4197 0.2809 0.3192
0.2824 0.5408 0.5441 0.4261 0.3951 0.4409 0.3603 0.2787 0.3277 0.5774 0.4336 0.3546 0.0000 0.7215 0.2752 0.1417 0.3364 0.7104 0.3640 0.4393 0.3273
0.3525 0.4042 0.6642 0.4153 0.3776 0.4907 0.5136 0.2126 0.2093 0.3355 0.5512 0.2508 0.4801 0.0000 0.5943 0.5359 0.2216 0.3518 0.1931 0.3651 0.1911
0.3237 0.6475 0.6733 0.4403 0.3687 0.5342 0.5499 0.2436 0.5624 0.3414 0.1698 0.4096 0.3789 0.3520 0.0000 0.4350 0.4949 0.2367 0.4371 0.3586 0.3103
0.3218 0.5548 0.3466 0.2983 0.1294 0.6131 0.4291 0.1351 0.4595 0.4101 0.3762 0.3646 0.1490 0.5407 0.5000 0.0000 0.3953 0.2821 0.3510 0.3335 0.2821
0.5546 0.3903 0.5598 0.6233 0.4802 0.3342 0.3745 0.2511 0.4704 0.2822 0.4310 0.2038 0.3492 0.2859 0.5285 0.6207 0.0000 0.3258 0.6682 0.4229 0.4154
0.3087 0.3444 0.3221 0.5037 0.2264 0.4368 0.5302 0.1042 0.4596 0.4945 0.4961 0.7834 0.4252 0.2357 0.6948 0.4702 0.4337 0.0000 0.5154 0.6041 0.1866
0.5372 0.3363 0.3935 0.6463 0.3726 0.5080 0.4774 0.5196 0.4902 0.5889 0.5689 0.2470 0.5224 0.1987 0.5718 0.3624 0.1866 0.4581 0.0000 0.5562 0.5979
0.4231 0.3452 0.4050 0.2559 0.6081 0.4703 0.4907 0.3232 0.4525 0.1033 0.4012 0.3256 0.3002 0.2813 0.6710 0.5140 0.3449 0.4875 0.2911 0.0000 0.4011
0.5399 0.6090 0.6305 0.6388 0.3074 0.3484 0.5164 0.3122 0.5841 0.4466 0.4310 0.2488 0.6304 0.3250 0.3404 0.6310 0.5898 0.2214 0.5381 0.3667 0.0000

--- Sample 2 ---
node_demand:
0.2000
0.0333
0.0667
0.1000
0.1333
0.3000
0.3000
0.2000
0.2333
0.0667
0.2667
0.1000
0.3000
0.2333
0.0333
0.1667
0.0333
0.3000
0.1667
0.0333

dist_matrix:
0.0000 0.4345 0.4563 0.3821 0.3312 0.7220 0.6039 0.4260 0.5258 0.3855 0.2290 0.4439 0.2398 0.3895 0.4910 0.4606 0.5942 0.3709 0.4331 0.3265 0.3175
0.3421 0.0000 0.2260 0.5596 0.2773 0.2418 0.4163 0.3001 0.4754 0.3779 0.1776 0.1387 0.3646 0.2116 0.4075 0.3691 0.6998 0.3222 0.3806 0.1785 0.5769
0.5123 0.3208 0.0000 0.2427 0.5126 0.3821 0.4715 0.3278 0.6324 0.4779 0.4729 0.2993 0.4092 0.5346 0.8300 0.3505 0.5219 0.3657 0.3073 0.5373 0.8157
0.4250 0.7584 0.3921 0.0000 0.3361 0.6557 0.2202 0.3616 0.3221 0.5833 0.6430 0.6191 0.3752 0.4391 0.4193 0.2557 0.4073 0.6410 0.4948 0.5159 0.3902
0.3460 0.2525 0.5544 0.5569 0.0000 0.5275 0.7591 0.1474 0.4968 0.3393 0.3683 0.3746 0.2661 0.3841 0.4253 0.3509 0.3257 0.2595 0.3917 0.5819 0.6965
0.5724 0.2814 0.5068 0.4883 0.5612 0.0000 0.2606 0.3784 0.3768 0.3573 0.5075 0.3289 0.3649 0.3841 0.4733 0.6762 0.4089 0.4394 0.4820 0.4679 0.2960
0.5220 0.2024 0.6371 0.5113 0.7261 0.2483 0.0000 0.5669 0.2587 0.4234 0.3754 0.4133 0.5246 0.5469 0.6017 0.4081 0.3640 0.4694 0.4423 0.5602 0.5314
0.4000 0.3339 0.6707 0.3654 0.1328 0.4107 0.5511 0.0000 0.2681 0.1980 0.1422 0.4448 0.3228 0.4504 0.2516 0.5462 0.2909 0.1072 0.3591 0.2666 0.2667
0.6439 0.4189 0.4404 0.2828 0.6232 0.4025 0.2433 0.4076 0.0000 0.2575 0.3602 0.4739 0.6026 0.2340 0.6661 0.4102 0.4531 0.5298 0.2226 0.5400 0.3065
0.2068 0.1330 0.3841 0.5448 0.4731 0.3132 0.2377 0.1976 0.2566 0.0000 0.4626 0.5432 0.5409 0.2952 0.2806 0.2924 0.4457 0.3582 0.5020 0.2252 0.4641
0.2112 0.2489 0.3527 0.4601 0.1111 0.5456 0.4471 0.2433 0.3182 0.4231 0.0000 0.3016 0.3956 0.3573 0.3908 0.3449 0.2969 0.4792 0.4132 0.3637 0.4707
0.4708 0.3069 0.3500 0.6249 0.3252 0.4143 0.3238 0.3732 0.3349 0.5505 0.5009 0.0000 0.1842 0.1318 0.5913 0.2549 0.1507 0.4520 0.6177 0.2688 0.3028
0.2660 0.3527 0.2590 0.3154 0.4255 0.4155 0.3923 0.6274 0.2837 0.5913 0.4621 0.4727 0.0000 0.4102 0.4098 0.1498 0.4332 0.2470 0.3195 0.3729 0.4414
0.4977 0.3864 0.4470 0.3659 0.2105 0.3906 0.2407 0.5269 0.1513 0.5135 0.4586 0.0606 0.3737 0.0000 0.6997 0.4812 0.2361 0.2701 0.2701 0.3170 0.5112
0.6073 0.3586 0.7541 0.4655 0.4069 0.6189 0.5217 0.1193 0.4567 0.4092 0.3683 0.4695 0.2897 0.3899 0.0000 0.2475 0.5167 0.2472 0.3832 0.5325 0.3249
0.3796 0.4774 0.4092 0.2313 0.1119 0.6618 0.4372 0.2631 0.3122 0.3886 0.4781 0.3703 0.1378 0.4543 0.6099 0.0000 0.5133 0.1526 0.3293 0.4611 0.6514
0.6620 0.6384 0.6419 0.6259 0.4134 0.4211 0.2809 0.2142 0.1697 0.4901 0.4734 0.3498 0.1865 0.4031 0.5580 0.4975 0.0000 0.2555 0.5734 0.3878 0.5298
0.5934 0.3067 0.3613 0.5822 0.2498 0.4091 0.4640 0.3010 0.5129 0.5818 0.3170 0.6975 0.2782 0.1727 0.5653 0.1088 0.4677 0.0000 0.3790 0.3835 0.3031
0.4005 0.3286 0.4582 0.5452 0.3845 0.4592 0.4419 0.3471 0.4823 0.6607 0.4215 0.4684 0.3123 0.2110 0.6225 0.3456 0.2536 0.4965 0.0000 0.4376 0.6434
0.5787 0.4869 0.1159 0.5141 0.4217 0.3843 0.4282 0.4063 0.7647 0.2577 0.3044 0.4159 0.5707 0.3237 0.7096 0.4539 0.3512 0.5293 0.3522 0.0000 0.6908
0.3460 0.5124 0.3685 0.5410 0.3293 0.2269 0.3401 0.3044 0.6122 0.2909 0.3436 0.2781 0.4471 0.2874 0.4368 0.4231 0.3345 0.2654 0.5322 0.3175 0.0000

--- Sample 3 ---
node_demand:
0.2000
0.0333
0.0667
0.1000
0.1333
0.3000
0.3000
0.2000
0.2333
0.0667
0.2667
0.1000
0.3000
0.2333
0.0333
0.1667
0.0333
0.3000
0.1667
0.0333

dist_matrix:
0.0000 0.5258 0.5466 0.3366 0.3552 0.0806 0.5341 0.3059 0.5749 0.2085 0.2433 0.4041 0.2229 0.5724 0.6173 0.4499 0.7389 0.5902 0.3636 0.3103 0.3435
0.3407 0.0000 0.4381 0.3538 0.2789 0.2833 0.4962 0.4189 0.4863 0.3833 0.2395 0.2569 0.5028 0.2431 0.4537 0.4092 0.3621 0.2865 0.4445 0.3339 0.6363
0.5624 0.4825 0.0000 0.4320 0.4283 0.4618 0.3069 0.5430 0.6770 0.4547 0.4047 0.3379 0.2866 0.4257 0.7027 0.3732 0.4974 0.5199 0.4641 0.1219 0.2997
0.2259 0.6395 0.1996 0.0000 0.4586 0.6123 0.5079 0.4202 0.2847 0.4093 0.3704 0.7772 0.4419 0.3778 0.3094 0.2539 0.5243 0.4818 0.5116 0.5540 0.5499
0.3210 0.1935 0.3078 0.3514 0.0000 0.4065 0.4985 0.1692 0.4506 0.2726 0.3305 0.2975 0.3250 0.3976 0.1997 0.3996 0.4287 0.3959 0.4329 0.4957 0.5150
0.4995 0.2484 0.5082 0.6169 0.5070 0.0000 0.2019 0.4030 0.3672 0.3480 0.6647 0.3720 0.5262 0.4760 0.5626 0.5159 0.4333 0.3830 0.4375 0.5786 0.2780
0.2449 0.3136 0.5649 0.4063 0.4689 0.2138 0.0000 0.5794 0.2434 0.4188 0.3561 0.6939 0.6281 0.6088 0.6611 0.4397 0.3312 0.4578 0.3496 0.5498 0.5039
0.5429 0.5305 0.4263 0.4274 0.4797 0.3760 0.4378 0.0000 0.5505 0.1970 0.3489 0.3346 0.5999 0.1686 0.2338 0.3408 0.2903 0.1817 0.4983 0.2760 0.3020
0.5539 0.4523 0.6684 0.3055 0.2821 0.5526 0.2508 0.6129 0.0000 0.3261 0.2979 0.2679 0.5213 0.1089 0.4258 0.5271 0.4689 0.4330 0.1722 0.4764 0.3218
0.2486 0.5494 0.3085 0.4327 0.5226 0.4104 0.2312 0.1980 0.3240 0.0000 0.5431 0.2930 0.5786 0.4533 0.3070 0.4142 0.4959 0.3653 0.5962 0.1433 0.4840
0.2419 0.2321 0.4122 0.6290 0.4085 0.4188 0.4004 0.0899 0.4541 0.4436 0.0000 0.3102 0.3557 0.3818 0.2133 0.2992 0.5394 0.5202 0.3805 0.4979 0.2633
0.3354 0.2429 0.5893 0.3556 0.3118 0.3649 0.2706 0.2199 0.1967 0.5927 0.3701 0.0000 0.3531 0.3293 0.3938 0.2658 0.3080 0.2799 0.4810 0.3360 0.1614
0.1834 0.5057 0.4323 0.4506 0.4919 0.5328 0.4862 0.1620 0.5282 0.6015 0.2280 0.5155 0.0000 0.3954 0.1966 0.1439 0.2150 0.6146 0.5571 0.3749 0.6645
0.3668 0.2289 0.7763 0.2309 0.5575 0.5445 0.3298 0.2461 0.2586 0.5249 0.2313 0.1536 0.2291 0.0000 0.5865 0.4541 0.7011 0.3439 0.2729 0.4888 0.5304
0.5959 0.3027 0.8606 0.5152 0.2551 0.4954 0.7043 0.2125 0.5296 0.3492 0.2351 0.4906 0.1945 0.6228 0.0000 0.4188 0.3826 0.2940 0.7223 0.7290 0.5208
0.4631 0.6833 0.3418 0.2335 0.2083 0.5016 0.3889 0.4468 0.3901 0.5116 0.0732 0.3794 0.1761 0.2056 0.0758 0.0000 0.6020 0.3815 0.3189 0.2611 0.2585
0.5076 0.3320 0.6300 0.5773 0.3761 0.4082 0.2505 0.2521 0.2321 0.3413 0.3933 0.3854 0.4235 0.1396 0.3766 0.5955 0.0000 0.5850 0.5755 0.4423 0.3736
0.5913 0.4218 0.3230 0.5650 0.3467 0.4111 0.4650 0.3903 0.4363 0.3662 0.1320 0.2305 0.6158 0.2392 0.6895 0.3642 0.4518 0.0000 0.5325 0.6680 0.2456
0.5981 0.3042 0.3956 0.5585 0.3605 0.5645 0.4058 0.4122 0.4579 0.3024 0.5362 0.3736 0.4083 0.3067 0.5889 0.3698 0.3019 0.4255 0.0000 0.5610 0.5155
0.3768 0.4030 0.1999 0.6976 0.4770 0.6062 0.5689 0.3089 0.5746 0.1420 0.2990 0.2591 0.4547 0.6131 0.6979 0.3494 0.4454 0.5630 0.4558 0.0000 0.3120
0.3728 0.4870 0.7710 0.4667 0.5593 0.4168 0.4449 0.2994 0.6143 0.3040 0.6488 0.2342 0.6396 0.4372 0.4668 0.2666 0.5558 0.2585 0.4875 0.6110 0.0000

--- Sample 4 ---
node_demand:
0.2000
0.0333
0.0667
0.1000
0.1333
0.3000
0.3000
0.2000
0.2333
0.0667
0.2667
0.1000
0.3000
0.2333
0.0333
0.1667
0.0333
0.3000
0.1667
0.0333

dist_matrix:
0.0000 0.4034 0.5357 0.3204 0.3344 0.4821 0.3352 0.3807 0.4378 0.4398 0.2472 0.3469 0.2678 0.2899 0.5577 0.4681 0.5219 0.5201 0.4846 0.6077 0.2833
0.2751 0.0000 0.6733 0.7599 0.2667 0.3261 0.4238 0.2992 0.4961 0.4704 0.2089 0.1970 0.4876 0.1475 0.5343 0.6007 0.2677 0.4867 0.3667 0.2496 0.7177
0.4097 0.6186 0.0000 0.4619 0.4843 0.3813 0.4437 0.3688 0.6040 0.3787 0.4888 0.2125 0.4285 0.5569 0.7660 0.4172 0.5409 0.5367 0.4164 0.3682 0.4788
0.3031 0.3888 0.4735 0.0000 0.4623 0.5186 0.3796 0.2730 0.3314 0.5821 0.7272 0.6513 0.3538 0.5784 0.4591 0.2444 0.5848 0.5657 0.6405 0.2705 0.4436
0.3546 0.2624 0.3990 0.5276 0.0000 0.6131 0.6689 0.2871 0.5911 0.3679 0.3599 0.3309 0.4139 0.2615 0.3995 0.2757 0.5572 0.1531 0.3899 0.4615 0.5169
0.6546 0.2548 0.4781 0.3303 0.3980 0.0000 0.1968 0.3141 0.4072 0.2876 0.4298 0.3435 0.5776 0.4236 0.4330 0.5654 0.3771 0.4537 0.4265 0.3997 0.4046
0.6036 0.3009 0.6428 0.3437 0.6783 0.1708 0.0000 0.3787 0.2396 0.2168 0.5341 0.4817 0.4883 0.3878 0.5319 0.4013 0.1759 0.3223 0.4449 0.6057 0.4647
0.5558 0.1724 0.7345 0.4395 0.2441 0.3225 0.4123 0.0000 0.4137 0.1971 0.3343 0.2932 0.2956 0.4982 0.2852 0.2465 0.2796 0.3034 0.5125 0.4101 0.3039
0.3987 0.3090 0.5454 0.3120 0.5720 0.4925 0.2329 0.5318 0.0000 0.3076 0.5659 0.2735 0.4260 0.3561 0.5715 0.3348 0.1964 0.5585 0.1950 0.7789 0.6294
0.4782 0.3328 0.5973 0.5474 0.3633 0.3123 0.2109 0.1995 0.5885 0.0000 0.3394 0.1732 0.3856 0.5771 0.4083 0.3137 0.3451 0.3123 0.5552 0.2471 0.2625
0.2264 0.2990 0.3031 0.6420 0.3010 0.3982 0.3690 0.4178 0.3059 0.3213 0.0000 0.2820 0.2937 0.1694 0.1364 0.2173 0.2467 0.3103 0.4386 0.4642 0.4576
0.4725 0.2103 0.3447 0.4521 0.2629 0.4050 0.5927 0.2259 0.3252 0.4929 0.3824 0.0000 0.1894 0.0724 0.2770 0.2527 0.4996 0.4530 0.5087 0.2311 0.2704
0.1861 0.4439 0.3475 0.3670 0.4528 0.6335 0.5308 0.2799 0.5367 0.6644 0.4896 0.3746 0.0000 0.5858 0.1720 0.1369 0.4692 0.5658 0.3875 0.4010 0.3262
0.5304 0.1566 0.5651 0.3651 0.4245 0.5700 0.5695 0.1790 0.1149 0.5650 0.2119 0.2054 0.6881 0.0000 0.7368 0.2071 0.5617 0.2874 0.2274 0.5971 0.4190
0.6314 0.4122 0.4403 0.5283 0.4940 0.4286 0.4362 0.1107 0.4025 0.4009 0.1443 0.4876 0.1811 0.5676 0.0000 0.0622 0.3125 0.5101 0.6568 0.7364 0.4244
0.3454 0.5019 0.3260 0.2220 0.3860 0.4952 0.3910 0.4493 0.3400 0.3158 0.4199 0.2705 0.1710 0.4863 0.0772 0.0000 0.2572 0.1911 0.3059 0.3849 0.5808
0.3846 0.5140 0.4642 0.4461 0.5132 0.3727 0.2415 0.2154 0.4068 0.3866 0.4306 0.1433 0.2735 0.3599 0.3527 0.3791 0.0000 0.2996 0.1533 0.4559 0.3082
0.3864 0.3542 0.4363 0.6402 0.3635 0.4206 0.4829 0.2831 0.4775 0.3859 0.3923 0.5877 0.6589 0.2979 0.3986 0.1107 0.2730 0.0000 0.3888 0.3707 0.2141
0.3550 0.3392 0.4711 0.6872 0.4590 0.5376 0.3201 0.3941 0.3324 0.5009 0.5389 0.5346 0.2871 0.2482 0.6606 0.3591 0.4754 0.5193 0.0000 0.2827 0.6702
0.4533 0.4805 0.4198 0.4023 0.5641 0.5435 0.6558 0.2941 0.5027 0.1024 0.4070 0.5314 0.3929 0.5770 0.5606 0.2732 0.3595 0.7131 0.3056 0.0000 0.5824
0.2830 0.4676 0.4398 0.4768 0.6274 0.4133 0.3796 0.3097 0.5238 0.2671 0.3248 0.3976 0.3626 0.2240 0.5043 0.7522 0.4228 0.1759 0.4633 0.6406 0.0000

--- Sample 5 ---
node_demand:
0.2000
0.0333
0.0667
0.1000
0.1333
0.3000
0.3000
0.2000
0.2333
0.0667
0.2667
0.1000
0.3000
0.2333
0.0333
0.1667
0.0333
0.3000
0.1667
0.0333

dist_matrix:
0.0000 0.3500 0.5786 0.5026 0.3406 0.2181 0.2358 0.6197 0.4432 0.3647 0.2425 0.3377 0.2656 0.6029 0.4502 0.2702 0.5891 0.6186 0.5723 0.3332 0.4712
0.3026 0.0000 0.2141 0.5468 0.1985 0.3806 0.2536 0.6087 0.4473 0.4278 0.2696 0.3284 0.3560 0.1898 0.6720 0.6731 0.4857 0.5231 0.5194 0.3625 0.2667
0.5387 0.4036 0.0000 0.4904 0.5405 0.4949 0.3635 0.5471 0.6512 0.2431 0.4681 0.3164 0.4517 0.4370 0.5628 0.3693 0.4249 0.3882 0.3673 0.0905 0.6927
0.3394 0.3574 0.2751 0.0000 0.5263 0.5378 0.4779 0.3258 0.2928 0.3493 0.7022 0.4911 0.4064 0.4119 0.5503 0.2655 0.4229 0.4861 0.4178 0.5359 0.5113
0.3781 0.2269 0.3924 0.6130 0.0000 0.5392 0.7541 0.3057 0.6117 0.6160 0.2886 0.3304 0.3766 0.3699 0.1928 0.2677 0.5048 0.1946 0.3226 0.5594 0.4304
0.6441 0.3644 0.4920 0.4586 0.6690 0.0000 0.2787 0.3508 0.4231 0.3875 0.3192 0.3981 0.3010 0.5439 0.6652 0.3565 0.3275 0.4598 0.4878 0.5042 0.3314
0.6132 0.4924 0.5446 0.4269 0.4425 0.2693 0.0000 0.5930 0.2564 0.3170 0.4059 0.5920 0.5436 0.6392 0.4640 0.3772 0.3619 0.4904 0.4615 0.6362 0.4750
0.4710 0.5554 0.3670 0.3644 0.2310 0.4537 0.4882 0.0000 0.2996 0.1945 0.0814 0.3728 0.6569 0.2838 0.1820 0.4413 0.2431 0.4188 0.4792 0.2867 0.2658
0.5836 0.2389 0.3880 0.2845 0.4809 0.5085 0.2543 0.6590 0.0000 0.6137 0.4735 0.1970 0.4952 0.2244 0.4217 0.3627 0.5549 0.6934 0.3925 0.6146 0.4502
0.4694 0.4141 0.6670 0.4868 0.6263 0.3191 0.2582 0.1958 0.2847 0.0000 0.4511 0.5919 0.5670 0.2793 0.4316 0.2908 0.4149 0.2835 0.3814 0.1604 0.3792
0.2116 0.2249 0.5160 0.7239 0.1205 0.3550 0.4805 0.0539 0.3918 0.4721 0.0000 0.3056 0.3163 0.2101 0.3938 0.3208 0.4679 0.3308 0.4035 0.3613 0.3768
0.4339 0.2548 0.2128 0.5508 0.2728 0.4145 0.5599 0.2136 0.4402 0.2173 0.3430 0.0000 0.5285 0.1422 0.5463 0.4600 0.4987 0.6794 0.4351 0.3365 0.2410
0.2442 0.4888 0.5014 0.4169 0.4117 0.6194 0.5472 0.1876 0.2781 0.5443 0.3636 0.5088 0.0000 0.1207 0.2210 0.1172 0.3108 0.2884 0.4234 0.4393 0.6348
0.4939 0.1686 0.5592 0.5277 0.5520 0.3947 0.2922 0.5977 0.1934 0.2885 0.1989 0.0819 0.5494 0.0000 0.5100 0.5154 0.1819 0.1828 0.2993 0.3972 0.2008
0.6120 0.5963 0.6882 0.4693 0.2428 0.4348 0.6135 0.0911 0.6607 0.4041 0.1742 0.5991 0.2966 0.3796 0.0000 0.6771 0.4594 0.3246 0.7354 0.4085 0.3709
0.3788 0.2552 0.3666 0.2605 0.1726 0.6488 0.4465 0.1640 0.5786 0.2993 0.2303 0.5406 0.1498 0.2275 0.2387 0.0000 0.2650 0.1544 0.3466 0.5222 0.5857
0.4841 0.3501 0.5344 0.4289 0.3082 0.3869 0.1768 0.2425 0.5018 0.3319 0.2394 0.3686 0.4284 0.3895 0.5444 0.3901 0.0000 0.2411 0.3392 0.4509 0.4396
0.5970 0.2722 0.3322 0.5672 0.3747 0.4445 0.6591 0.2091 0.2780 0.5553 0.1265 0.5189 0.4113 0.1742 0.6235 0.2217 0.4992 0.0000 0.4467 0.7238 0.2458
0.4965 0.5393 0.3094 0.3720 0.3247 0.5636 0.3216 0.4706 0.1133 0.5062 0.5789 0.5355 0.5083 0.1936 0.6700 0.3613 0.2918 0.3354 0.0000 0.5758 0.3802
0.5834 0.1611 0.3282 0.4121 0.5226 0.6483 0.2965 0.3230 0.5480 0.1815 0.5750 0.4219 0.5486 0.5949 0.5514 0.3491 0.4219 0.7071 0.4234 0.0000 0.6058
0.5702 0.2701 0.2632 0.5188 0.2430 0.3545 0.5366 0.2615 0.3373 0.3515 0.6161 0.3884 0.4915 0.3610 0.3570 0.5783 0.5790 0.3258 0.6798 0.2854 0.0000
