min_dist:
0.0000 0.3900 0.1800 0.3000 0.2000 0.1200 0.3200 0.3600 0.3400 0.3300 0.3400 0.2600 0.3200 0.3000 0.3200 0.2000 0.0800 0.2300 0.1800 0.3600 0.2200
0.3900 0.0000 0.2600 0.2200 0.3600 0.2700 0.3000 0.2600 0.3400 0.3000 0.2200 0.2400 0.2500 0.1400 0.1400 0.2800 0.3400 0.3800 0.2400 0.4300 0.4100
0.1800 0.2600 0.0000 0.1200 0.2500 0.2700 0.2400 0.2800 0.1600 0.3000 0.2800 0.3000 0.3100 0.1200 0.2000 0.0200 0.1000 0.3600 0.2000 0.1800 0.2400
0.3000 0.2200 0.1200 0.0000 0.1600 0.2400 0.2200 0.1600 0.2800 0.3400 0.3100 0.2800 0.1900 0.2400 0.0800 0.1400 0.2200 0.3200 0.3200 0.3000 0.3600
0.2000 0.3600 0.2500 0.1600 0.0000 0.3200 0.3800 0.2400 0.3800 0.2800 0.4200 0.3500 0.2800 0.3700 0.2200 0.2700 0.2800 0.4100 0.3800 0.3000 0.3400
0.1200 0.2700 0.2700 0.2400 0.3200 0.0000 0.2000 0.2900 0.4000 0.2500 0.2900 0.1400 0.2700 0.3900 0.2000 0.2500 0.2000 0.1100 0.1600 0.3500 0.2900
0.3200 0.3000 0.2400 0.2200 0.3800 0.2000 0.0000 0.2600 0.3200 0.3600 0.3200 0.0600 0.3700 0.3600 0.2600 0.2600 0.3400 0.2200 0.3600 0.2200 0.2800
0.3600 0.2600 0.2800 0.1600 0.2400 0.2900 0.2600 0.0000 0.2700 0.3200 0.4300 0.2000 0.3400 0.3300 0.2400 0.3000 0.2800 0.1800 0.3600 0.1700 0.4000
0.3400 0.3400 0.1600 0.2800 0.3800 0.4000 0.3200 0.2700 0.0000 0.3100 0.1800 0.3300 0.3100 0.2800 0.2000 0.1800 0.2600 0.4400 0.3600 0.1000 0.4000
0.3300 0.3000 0.3000 0.3400 0.2800 0.2500 0.3600 0.3200 0.3100 0.0000 0.3700 0.3000 0.3000 0.4200 0.2600 0.3200 0.2500 0.1400 0.3200 0.4100 0.1100
0.3400 0.2200 0.2800 0.3100 0.4200 0.2900 0.3200 0.4300 0.1800 0.3700 0.0000 0.3800 0.1400 0.1700 0.2300 0.3000 0.3600 0.3000 0.2800 0.2800 0.2600
0.2600 0.2400 0.3000 0.2800 0.3500 0.1400 0.0600 0.2000 0.3300 0.3000 0.3800 0.0000 0.3200 0.3800 0.3200 0.3200 0.3400 0.1600 0.3000 0.2800 0.2200
0.3200 0.2500 0.3100 0.1900 0.2800 0.2700 0.3700 0.3400 0.3100 0.3000 0.1400 0.3200 0.0000 0.3100 0.1100 0.3300 0.2400 0.1600 0.3400 0.3400 0.2400
0.3000 0.1400 0.1200 0.2400 0.3700 0.3900 0.3600 0.3300 0.2800 0.4200 0.1700 0.3800 0.3100 0.0000 0.2800 0.1400 0.2200 0.3800 0.3200 0.3000 0.3600
0.3200 0.1400 0.2000 0.0800 0.2200 0.2000 0.2600 0.2400 0.2000 0.2600 0.2300 0.3200 0.1100 0.2800 0.0000 0.2200 0.3000 0.2400 0.3600 0.3000 0.3500
0.2000 0.2800 0.0200 0.1400 0.2700 0.2500 0.2600 0.3000 0.1800 0.3200 0.3000 0.3200 0.3300 0.1400 0.2200 0.0000 0.1200 0.3600 0.2200 0.1600 0.2600
0.0800 0.3400 0.1000 0.2200 0.2800 0.2000 0.3400 0.2800 0.2600 0.2500 0.3600 0.3400 0.2400 0.2200 0.3000 0.1200 0.0000 0.2800 0.1000 0.2800 0.1400
0.2300 0.3800 0.3600 0.3200 0.4100 0.1100 0.2200 0.1800 0.4400 0.1400 0.3000 0.1600 0.1600 0.3800 0.2400 0.3600 0.2800 0.0000 0.1800 0.3500 0.2500
0.1800 0.2400 0.2000 0.3200 0.3800 0.1600 0.3600 0.3600 0.3600 0.3200 0.2800 0.3000 0.3400 0.3200 0.3600 0.2200 0.1000 0.1800 0.0000 0.3700 0.2400
0.3600 0.4300 0.1800 0.3000 0.3000 0.3500 0.2200 0.1700 0.1000 0.4100 0.2800 0.2800 0.3400 0.3000 0.3000 0.1600 0.2800 0.3500 0.3700 0.0000 0.3600
0.2200 0.4100 0.2400 0.3600 0.3400 0.2900 0.2800 0.4000 0.4000 0.1100 0.2600 0.2200 0.2400 0.3600 0.3500 0.2600 0.1400 0.2500 0.2400 0.3600 0.0000

max_dist:
0.0000 0.7800 0.4000 0.6600 0.6200 0.6700 0.5200 0.7600 0.8300 0.8100 0.9000 0.7800 0.6600 0.6000 0.5400 0.6000 0.7000 0.6400 0.7600 0.7800 0.7800
0.7800 0.0000 0.7100 0.6400 0.4100 0.3800 0.3600 0.3400 0.7000 0.7400 0.7400 0.6000 0.5400 0.4200 0.2400 0.5400 0.8500 0.4500 0.8800 0.6000 0.6400
0.4000 0.7100 0.0000 0.8900 0.7400 0.7800 0.7300 0.5500 0.4800 0.4100 0.5400 0.7600 0.6900 0.5600 0.8600 0.7600 0.7200 0.6000 0.4800 0.8100 0.8000
0.6600 0.6400 0.8900 0.0000 0.7000 0.3600 0.5400 0.6100 0.8600 0.6000 0.5000 0.5800 0.7500 0.5000 0.4000 0.8700 0.7000 0.5400 0.8400 0.4800 0.7400
0.6200 0.4100 0.7400 0.7000 0.0000 0.6200 0.5600 0.5700 0.5200 0.7900 0.6600 0.7300 0.3200 0.7700 0.5200 0.8600 0.7600 0.4900 0.7400 0.6900 0.5800
0.6700 0.3800 0.7800 0.3600 0.6200 0.0000 0.6000 0.6800 0.7800 0.4600 0.8600 0.2200 0.7600 0.5100 0.4400 0.6400 0.7000 0.1800 0.6500 0.8400 0.3800
0.5200 0.3600 0.7300 0.5400 0.5600 0.6000 0.0000 0.6800 0.6600 0.8800 0.6800 0.4900 0.7600 0.6000 0.6000 0.7300 0.7200 0.6300 0.7300 0.5000 0.4800
0.7600 0.3400 0.5500 0.6100 0.5700 0.6800 0.6800 0.0000 0.7400 0.6000 0.5400 0.7400 0.6200 0.7600 0.4800 0.6200 0.6200 0.5600 0.5800 0.2600 0.4300
0.8300 0.7000 0.4800 0.8600 0.5200 0.7800 0.6600 0.7400 0.0000 0.3600 0.8200 0.8400 0.6800 0.4400 0.4600 0.6100 0.3400 0.6000 0.7900 0.6300 0.6400
0.8100 0.7400 0.4100 0.6000 0.7900 0.4600 0.8800 0.6000 0.3600 0.0000 0.7800 0.6800 0.4800 0.6200 0.8200 0.5400 0.7000 0.6400 0.6600 0.4200 0.4000
0.9000 0.7400 0.5400 0.5000 0.6600 0.8600 0.6800 0.5400 0.8200 0.7800 0.0000 0.6400 0.5400 0.4400 0.7000 0.6600 0.4800 0.6800 0.5900 0.4400 0.7800
0.7800 0.6000 0.7600 0.5800 0.7300 0.2200 0.4900 0.7400 0.8400 0.6800 0.6400 0.0000 0.5500 0.5500 0.4400 0.6000 0.8300 0.2400 0.6600 0.7200 0.5600
0.6600 0.5400 0.6900 0.7500 0.3200 0.7600 0.7600 0.6200 0.6800 0.4800 0.5400 0.5500 0.0000 0.8200 0.6200 0.6900 0.6600 0.7000 0.5800 0.6000 0.3800
0.6000 0.4200 0.5600 0.5000 0.7700 0.5100 0.6000 0.7600 0.4400 0.6200 0.4400 0.5500 0.8200 0.0000 0.5900 0.6200 0.7400 0.5800 0.7600 0.8800 0.8600
0.5400 0.2400 0.8600 0.4000 0.5200 0.4400 0.6000 0.4800 0.4600 0.8200 0.7000 0.4400 0.6200 0.5900 0.0000 0.5800 0.6100 0.2600 0.7300 0.7200 0.8200
0.6000 0.5400 0.7600 0.8700 0.8600 0.6400 0.7300 0.6200 0.6100 0.5400 0.6600 0.6000 0.6900 0.6200 0.5800 0.0000 0.8700 0.7000 0.7200 0.5900 0.9200
0.7000 0.8500 0.7200 0.7000 0.7600 0.7000 0.7200 0.6200 0.3400 0.7000 0.4800 0.8300 0.6600 0.7400 0.6100 0.8700 0.0000 0.8100 0.5000 0.5000 0.5000
0.6400 0.4500 0.6000 0.5400 0.4900 0.1800 0.6300 0.5600 0.6000 0.6400 0.6800 0.2400 0.7000 0.5800 0.2600 0.7000 0.8100 0.0000 0.4700 0.7900 0.5600
0.7600 0.8800 0.4800 0.8400 0.7400 0.6500 0.7300 0.5800 0.7900 0.6600 0.5900 0.6600 0.5800 0.7600 0.7300 0.7200 0.5000 0.4700 0.0000 0.5100 0.6800
0.7800 0.6000 0.8100 0.4800 0.6900 0.8400 0.5000 0.2600 0.6300 0.4200 0.4400 0.7200 0.6000 0.8800 0.7200 0.5900 0.5000 0.7900 0.5100 0.0000 0.6900
0.7800 0.6400 0.8000 0.7400 0.5800 0.3800 0.4800 0.4300 0.6400 0.4000 0.7800 0.5600 0.3800 0.8600 0.8200 0.9200 0.5000 0.5600 0.6800 0.6900 0.0000

--- Contains 5 samples ---

--- Sample 1 ---
node_demand:
0.1333
0.2000
0.2667
0.2333
0.1333
0.2333
0.1667
0.3000
0.2000
0.0333
0.1000
0.2000
0.2667
0.1333
0.1333
0.1667
0.2333
0.1667
0.1333
0.2667

dist_matrix:
0.0000 0.4964 0.3191 0.6255 0.3548 0.1907 0.4017 0.5893 0.3955 0.5949 0.4609 0.4935 0.5733 0.3992 0.3550 0.4840 0.2815 0.5181 0.2825 0.4319 0.2634
0.4726 0.0000 0.3871 0.2554 0.3815 0.3784 0.3300 0.2621 0.6216 0.4013 0.2488 0.4842 0.4585 0.2638 0.1711 0.4506 0.4503 0.4470 0.2401 0.5092 0.5221
0.1805 0.4759 0.0000 0.8739 0.7320 0.4347 0.6547 0.3053 0.2956 0.3330 0.3635 0.3592 0.4107 0.3279 0.4080 0.1420 0.2753 0.4546 0.2438 0.6984 0.7878
0.3069 0.5825 0.3212 0.0000 0.1919 0.2995 0.3679 0.4868 0.5086 0.5009 0.3556 0.5104 0.4171 0.3096 0.3016 0.4237 0.6045 0.3278 0.6829 0.3144 0.4765
0.5681 0.4034 0.4295 0.2817 0.0000 0.3735 0.5134 0.3673 0.5017 0.7165 0.6580 0.6013 0.2803 0.4179 0.3127 0.5403 0.3237 0.4661 0.4872 0.6346 0.4220
0.4139 0.2962 0.5018 0.3488 0.6200 0.0000 0.5818 0.3118 0.7753 0.3210 0.7640 0.1814 0.3782 0.4155 0.3245 0.2697 0.2461 0.1755 0.3597 0.7403 0.3778
0.5116 0.3330 0.5930 0.2865 0.4046 0.2899 0.0000 0.6328 0.4664 0.3821 0.5150 0.1390 0.6479 0.4185 0.2783 0.2708 0.6359 0.4490 0.5852 0.3528 0.3209
0.5832 0.2663 0.5258 0.3845 0.5644 0.5119 0.4640 0.0000 0.3007 0.5519 0.5268 0.2845 0.4381 0.4899 0.4266 0.5292 0.5821 0.5106 0.5365 0.2468 0.4170
0.3897 0.3774 0.3504 0.8135 0.4049 0.7193 0.5978 0.5307 0.0000 0.3147 0.5546 0.5006 0.4185 0.3075 0.4109 0.5436 0.2837 0.5961 0.5971 0.1598 0.6154
0.3869 0.6646 0.3044 0.4966 0.6271 0.3539 0.4506 0.4980 0.3239 0.0000 0.3825 0.5056 0.3274 0.5426 0.2802 0.3747 0.3838 0.1503 0.4563 0.4147 0.2097
0.6429 0.4816 0.2807 0.4381 0.5706 0.8419 0.4422 0.5130 0.3109 0.5164 0.0000 0.4959 0.1875 0.2403 0.2563 0.3928 0.4150 0.6306 0.3807 0.3934 0.3379
0.3422 0.5873 0.3317 0.4667 0.6678 0.2044 0.4107 0.6160 0.5233 0.5642 0.4741 0.0000 0.3934 0.4261 0.4093 0.3452 0.4651 0.2342 0.5870 0.3868 0.2639
0.6056 0.2839 0.5041 0.5933 0.2996 0.7032 0.5827 0.3694 0.3163 0.3303 0.3455 0.4478 0.0000 0.6660 0.5398 0.6860 0.4731 0.2408 0.5478 0.4042 0.3060
0.4237 0.3859 0.2479 0.3890 0.5032 0.4035 0.5696 0.4877 0.3684 0.4672 0.3751 0.4625 0.5427 0.0000 0.5010 0.5368 0.7267 0.4505 0.6151 0.5563 0.7228
0.4804 0.2179 0.5055 0.0979 0.3258 0.3642 0.5206 0.4495 0.3125 0.7401 0.6088 0.3482 0.5932 0.5851 0.0000 0.4838 0.6080 0.2490 0.6361 0.5063 0.6446
0.5061 0.4682 0.6765 0.1577 0.3942 0.4990 0.3383 0.4941 0.4396 0.4619 0.3366 0.5208 0.4684 0.4869 0.5322 0.0000 0.8002 0.5374 0.4238 0.4423 0.5686
0.5405 0.4685 0.3882 0.4195 0.7133 0.5048 0.5416 0.4676 0.2994 0.3115 0.4421 0.5464 0.4418 0.3929 0.4594 0.4031 0.0000 0.3988 0.4683 0.3235 0.1932
0.2895 0.3992 0.5173 0.4924 0.4321 0.1365 0.3251 0.2716 0.5951 0.1868 0.4219 0.1840 0.4383 0.4819 0.2435 0.5216 0.7151 0.0000 0.2257 0.4318 0.3789
0.6916 0.4082 0.3668 0.6451 0.4194 0.4760 0.5317 0.4194 0.7557 0.3485 0.3428 0.3320 0.5432 0.3520 0.4379 0.6439 0.3969 0.3660 0.0000 0.4394 0.2785
0.4488 0.5846 0.3592 0.3614 0.6798 0.6903 0.4135 0.1953 0.6181 0.4132 0.4125 0.6092 0.4532 0.6494 0.4634 0.3814 0.3943 0.6671 0.4365 0.0000 0.4166
0.3167 0.6031 0.6802 0.3835 0.4609 0.3017 0.4500 0.4244 0.6249 0.3232 0.3726 0.4804 0.3207 0.4218 0.3598 0.5698 0.4426 0.5196 0.3805 0.4448 0.0000

--- Sample 2 ---
node_demand:
0.1333
0.2000
0.2667
0.2333
0.1333
0.2333
0.1667
0.3000
0.2000
0.0333
0.1000
0.2000
0.2667
0.1333
0.1333
0.1667
0.2333
0.1667
0.1333
0.2667

dist_matrix:
0.0000 0.5112 0.1932 0.3925 0.3281 0.1623 0.3851 0.6870 0.6736 0.4130 0.5281 0.4573 0.5381 0.3130 0.3640 0.2339 0.3085 0.3853 0.4271 0.4932 0.5636
0.4353 0.0000 0.5904 0.3615 0.3833 0.2934 0.3549 0.2817 0.6885 0.6326 0.2919 0.4686 0.2644 0.3683 0.2394 0.3180 0.6948 0.4479 0.6262 0.5741 0.6188
0.3805 0.4718 0.0000 0.2517 0.7103 0.3717 0.6198 0.2900 0.1962 0.3222 0.3435 0.6185 0.5182 0.2113 0.8407 0.3574 0.3991 0.5111 0.2203 0.5811 0.5512
0.5284 0.3276 0.8601 0.0000 0.6770 0.2699 0.3742 0.2815 0.6690 0.4372 0.4394 0.4398 0.2051 0.4049 0.3330 0.5745 0.4053 0.5012 0.7310 0.3318 0.6754
0.5084 0.4085 0.5451 0.5557 0.0000 0.6004 0.4414 0.5263 0.3930 0.3267 0.6319 0.7251 0.2883 0.4133 0.4618 0.3322 0.4962 0.4178 0.6673 0.4088 0.5437
0.6634 0.3166 0.4513 0.2888 0.4412 0.0000 0.4274 0.6141 0.5832 0.3034 0.8370 0.1912 0.6293 0.5076 0.3417 0.5766 0.3531 0.1573 0.4556 0.4867 0.2946
0.3508 0.3234 0.4265 0.2545 0.5105 0.2941 0.0000 0.4439 0.5202 0.4332 0.6067 0.1891 0.7170 0.3815 0.2889 0.4855 0.5022 0.4720 0.6354 0.3642 0.3648
0.6799 0.3233 0.3334 0.6010 0.4996 0.4539 0.5402 0.0000 0.5200 0.5091 0.4561 0.3634 0.5171 0.6016 0.2839 0.4307 0.4987 0.4549 0.4408 0.2303 0.4023
0.4436 0.5876 0.4797 0.7664 0.4154 0.4063 0.4690 0.6984 0.0000 0.3585 0.5110 0.5885 0.4514 0.2803 0.3772 0.2250 0.2796 0.5638 0.7366 0.4542 0.4746
0.6031 0.6850 0.4007 0.5318 0.3469 0.3619 0.4760 0.3287 0.3414 0.0000 0.5994 0.4300 0.3759 0.6000 0.5671 0.3773 0.3403 0.1981 0.5560 0.4169 0.1615
0.5522 0.5310 0.4042 0.3253 0.5614 0.8156 0.3553 0.5013 0.5877 0.5995 0.0000 0.5302 0.4774 0.4278 0.2439 0.5360 0.3997 0.6322 0.5544 0.3972 0.4423
0.3045 0.5942 0.3311 0.4649 0.4958 0.1540 0.1709 0.5130 0.4241 0.5100 0.6303 0.0000 0.3763 0.5457 0.3239 0.3650 0.4915 0.2376 0.4186 0.4338 0.4841
0.4073 0.4454 0.3345 0.7276 0.3122 0.3711 0.3804 0.3721 0.6226 0.4129 0.2182 0.5499 0.0000 0.3694 0.2266 0.5791 0.2754 0.5175 0.4542 0.5641 0.3160
0.3027 0.1457 0.4604 0.3747 0.6495 0.4249 0.4184 0.6314 0.4214 0.4296 0.2022 0.5382 0.6875 0.0000 0.3951 0.3737 0.2916 0.5486 0.6023 0.6797 0.6742
0.4483 0.1559 0.6525 0.1167 0.3881 0.3356 0.5197 0.3110 0.3892 0.6235 0.4886 0.3941 0.3902 0.4285 0.0000 0.4810 0.5649 0.2508 0.3885 0.5413 0.4330
0.2747 0.4109 0.2451 0.8306 0.4393 0.3550 0.5473 0.5576 0.4656 0.5307 0.3586 0.4407 0.6404 0.1888 0.4204 0.0000 0.8011 0.4648 0.5730 0.2872 0.6820
0.2321 0.5773 0.5591 0.6944 0.5832 0.6342 0.5800 0.5522 0.2933 0.4907 0.4174 0.4856 0.2995 0.6405 0.3393 0.7379 0.0000 0.5604 0.2846 0.4172 0.2545
0.6163 0.4270 0.4604 0.3513 0.4721 0.1500 0.3286 0.5389 0.4807 0.1559 0.5043 0.2018 0.4705 0.5458 0.2489 0.4386 0.6286 0.0000 0.2677 0.5973 0.5584
0.6212 0.6025 0.3031 0.5974 0.4417 0.3319 0.6304 0.5048 0.5957 0.5796 0.5852 0.3956 0.4447 0.3868 0.4927 0.3897 0.3981 0.3548 0.0000 0.4110 0.4932
0.6286 0.5447 0.4794 0.3769 0.3626 0.3941 0.4476 0.2307 0.3075 0.4156 0.3742 0.2992 0.5696 0.8281 0.4408 0.4642 0.3009 0.6036 0.4640 0.0000 0.4875
0.2658 0.5086 0.6350 0.6492 0.4317 0.3405 0.3020 0.4005 0.6124 0.2593 0.3931 0.3023 0.2400 0.4485 0.6642 0.4152 0.3553 0.4918 0.6077 0.5985 0.0000

--- Sample 3 ---
node_demand:
0.1333
0.2000
0.2667
0.2333
0.1333
0.2333
0.1667
0.3000
0.2000
0.0333
0.1000
0.2000
0.2667
0.1333
0.1333
0.1667
0.2333
0.1667
0.1333
0.2667

dist_matrix:
0.0000 0.7499 0.3107 0.3309 0.5517 0.5421 0.5061 0.5173 0.5431 0.6859 0.7723 0.3532 0.3460 0.4030 0.3397 0.5398 0.4424 0.4105 0.4529 0.7647 0.5929
0.6293 0.0000 0.4871 0.5614 0.3843 0.2715 0.3201 0.2796 0.4794 0.4040 0.3475 0.3351 0.3841 0.2998 0.2090 0.4034 0.8195 0.4488 0.7067 0.4563 0.5371
0.3870 0.6979 0.0000 0.5951 0.3306 0.7134 0.5784 0.4080 0.1695 0.4015 0.2917 0.3091 0.6326 0.1204 0.6523 0.5637 0.2820 0.5839 0.3492 0.7844 0.6691
0.4701 0.6042 0.3111 0.0000 0.3351 0.2553 0.5322 0.6053 0.7821 0.3532 0.4897 0.5394 0.4149 0.3592 0.3422 0.2943 0.6084 0.4183 0.4250 0.3826 0.3642
0.3381 0.3878 0.7307 0.5043 0.0000 0.3749 0.4855 0.5137 0.5025 0.5949 0.5660 0.4765 0.2863 0.5563 0.2346 0.7266 0.6213 0.4288 0.5728 0.5030 0.4202
0.5633 0.2985 0.6778 0.3405 0.5840 0.0000 0.5970 0.4048 0.6045 0.2956 0.3350 0.1813 0.3641 0.4731 0.2819 0.4464 0.4234 0.1405 0.2168 0.5900 0.3390
0.4840 0.3069 0.3558 0.3791 0.4426 0.5110 0.0000 0.3076 0.5339 0.6651 0.3874 0.1134 0.6020 0.5883 0.3180 0.5591 0.5674 0.2742 0.7031 0.3843 0.4393
0.3809 0.3319 0.5294 0.2686 0.5382 0.4371 0.5555 0.0000 0.4737 0.5298 0.5205 0.5498 0.5508 0.4700 0.2694 0.3295 0.2823 0.2197 0.4933 0.2380 0.4224
0.5328 0.5477 0.1648 0.6457 0.4601 0.5891 0.6542 0.7198 0.0000 0.3204 0.7026 0.6108 0.4080 0.3658 0.3334 0.3161 0.2733 0.5973 0.5525 0.4067 0.4867
0.7082 0.6341 0.4074 0.5294 0.4333 0.4021 0.7216 0.4846 0.3309 0.0000 0.6009 0.4514 0.4466 0.4301 0.5404 0.4185 0.2848 0.5619 0.6509 0.4165 0.3519
0.4820 0.6535 0.4475 0.3164 0.5232 0.7276 0.4572 0.4343 0.4650 0.7326 0.0000 0.5237 0.3100 0.3774 0.6307 0.5493 0.3853 0.3699 0.5464 0.4318 0.4671
0.5654 0.4008 0.6181 0.4340 0.4418 0.2083 0.4091 0.5601 0.3388 0.5223 0.6214 0.0000 0.3559 0.5306 0.3915 0.4741 0.4567 0.1939 0.3419 0.3751 0.4641
0.3839 0.3743 0.4656 0.5278 0.3078 0.2831 0.4475 0.5755 0.4133 0.3187 0.4783 0.5268 0.0000 0.7920 0.5662 0.5483 0.6253 0.5496 0.4170 0.5550 0.2545
0.4895 0.2299 0.5554 0.4466 0.4399 0.4932 0.4709 0.5078 0.3362 0.5101 0.1739 0.3836 0.6321 0.0000 0.5825 0.4332 0.5888 0.4143 0.4260 0.4149 0.8223
0.4969 0.1774 0.8315 0.2556 0.3140 0.2714 0.4514 0.4041 0.4247 0.7088 0.4427 0.3803 0.6043 0.4123 0.0000 0.2672 0.4076 0.2555 0.4353 0.3002 0.5207
0.4912 0.3160 0.2501 0.2265 0.4742 0.4024 0.4495 0.3278 0.5255 0.4208 0.4223 0.4624 0.4006 0.6004 0.3128 0.0000 0.6577 0.6442 0.4079 0.1923 0.8468
0.1996 0.5533 0.6203 0.4058 0.5229 0.2129 0.4045 0.5977 0.2741 0.4367 0.4705 0.6091 0.4950 0.2707 0.3605 0.5749 0.0000 0.5015 0.2480 0.2970 0.4011
0.2741 0.4096 0.5004 0.4753 0.4854 0.1398 0.3872 0.2240 0.4579 0.2450 0.5799 0.1768 0.2101 0.4085 0.2513 0.4320 0.3526 0.0000 0.3317 0.4725 0.4871
0.4983 0.6551 0.3153 0.6582 0.4156 0.6032 0.5022 0.3852 0.6427 0.4897 0.2832 0.5349 0.4865 0.6407 0.5835 0.2888 0.3324 0.4371 0.0000 0.4555 0.4066
0.5789 0.5500 0.4735 0.4082 0.5302 0.8196 0.2225 0.2071 0.1435 0.4144 0.3168 0.4506 0.5303 0.6658 0.5535 0.4023 0.3594 0.6160 0.4873 0.0000 0.3878
0.4681 0.4942 0.2423 0.4075 0.3642 0.3612 0.3975 0.4097 0.5466 0.1503 0.3935 0.3294 0.3186 0.7676 0.5192 0.8230 0.4201 0.4623 0.3216 0.4183 0.0000

--- Sample 4 ---
node_demand:
0.1333
0.2000
0.2667
0.2333
0.1333
0.2333
0.1667
0.3000
0.2000
0.0333
0.1000
0.2000
0.2667
0.1333
0.1333
0.1667
0.2333
0.1667
0.1333
0.2667

dist_matrix:
0.0000 0.6234 0.2086 0.4193 0.3259 0.2923 0.3473 0.4334 0.7171 0.5678 0.3697 0.6472 0.3957 0.4386 0.4004 0.3377 0.5130 0.5468 0.3612 0.5790 0.4687
0.4907 0.0000 0.5385 0.6028 0.3718 0.3109 0.3308 0.3295 0.5067 0.4174 0.6534 0.4761 0.4509 0.3083 0.2383 0.4046 0.3752 0.4388 0.4811 0.5090 0.4863
0.1907 0.4941 0.0000 0.2789 0.4249 0.6966 0.5548 0.3282 0.4241 0.3661 0.3250 0.4438 0.3438 0.1947 0.2964 0.3688 0.2317 0.5915 0.3827 0.3664 0.6852
0.3227 0.4556 0.5837 0.0000 0.5385 0.3281 0.5098 0.4115 0.5515 0.5951 0.3680 0.3254 0.6301 0.2886 0.0991 0.7261 0.5040 0.3557 0.6398 0.3165 0.4808
0.2337 0.4085 0.7337 0.2384 0.0000 0.3676 0.3929 0.4840 0.5155 0.3315 0.5239 0.6123 0.2882 0.5516 0.2894 0.4196 0.4192 0.4154 0.5182 0.6873 0.4789
0.3931 0.2702 0.7277 0.3366 0.4524 0.0000 0.4777 0.6458 0.6756 0.3207 0.5915 0.1463 0.2844 0.4807 0.3596 0.4311 0.4942 0.1712 0.5055 0.4065 0.3399
0.4078 0.3120 0.4241 0.4959 0.4112 0.3224 0.0000 0.3785 0.6116 0.8142 0.4827 0.3591 0.4026 0.4926 0.4104 0.3368 0.4402 0.4336 0.6843 0.3889 0.3435
0.4150 0.2963 0.5169 0.2430 0.2441 0.3290 0.5558 0.0000 0.6472 0.4133 0.5386 0.6724 0.5712 0.6636 0.4376 0.5770 0.3035 0.4969 0.5136 0.1874 0.4077
0.4600 0.5509 0.3844 0.5928 0.4536 0.7682 0.5135 0.3987 0.0000 0.3468 0.3138 0.7250 0.4811 0.4236 0.4554 0.2324 0.3042 0.4991 0.7855 0.1680 0.5438
0.5935 0.3032 0.3168 0.5008 0.7592 0.4407 0.8184 0.5803 0.3191 0.0000 0.4834 0.3541 0.3210 0.5727 0.3045 0.3777 0.5824 0.1705 0.3707 0.4114 0.3426
0.3996 0.6069 0.3542 0.4709 0.4544 0.5905 0.4129 0.4930 0.2197 0.6658 0.0000 0.6279 0.3351 0.3062 0.5208 0.3808 0.4434 0.5354 0.3402 0.3098 0.5253
0.4499 0.5655 0.6660 0.5197 0.6099 0.1901 0.4095 0.4768 0.6671 0.6181 0.4067 0.0000 0.4078 0.4964 0.3395 0.4705 0.7936 0.2234 0.4122 0.7106 0.2588
0.5552 0.2645 0.5625 0.6066 0.2933 0.7312 0.4116 0.5913 0.4558 0.4769 0.4738 0.5460 0.0000 0.3352 0.1689 0.6177 0.3131 0.5032 0.5155 0.4411 0.3681
0.4033 0.2414 0.2400 0.3839 0.6416 0.4544 0.4537 0.4480 0.4399 0.4247 0.2878 0.3876 0.4996 0.0000 0.3130 0.4078 0.6176 0.5443 0.6101 0.3458 0.5259
0.3560 0.1889 0.4701 0.3062 0.2669 0.3742 0.5968 0.2968 0.2492 0.6817 0.4296 0.4343 0.1508 0.4770 0.0000 0.4915 0.6001 0.2418 0.6514 0.3855 0.5399
0.3677 0.3420 0.7239 0.6522 0.8148 0.4345 0.7034 0.4457 0.4686 0.4335 0.3514 0.4747 0.3585 0.5771 0.5306 0.0000 0.2054 0.5740 0.3120 0.1681 0.5126
0.3070 0.4067 0.2611 0.3737 0.4312 0.3021 0.6787 0.5570 0.3009 0.3480 0.4391 0.6323 0.2554 0.4389 0.3398 0.1943 0.0000 0.4788 0.1891 0.4690 0.3084
0.6296 0.3892 0.5760 0.5228 0.4107 0.1296 0.2909 0.3878 0.4821 0.3237 0.3270 0.1698 0.6899 0.4669 0.2542 0.4851 0.6008 0.0000 0.2918 0.3572 0.4031
0.7291 0.4956 0.4628 0.5734 0.4800 0.1646 0.5414 0.4414 0.7129 0.5133 0.5830 0.5966 0.3652 0.5761 0.5554 0.5551 0.4851 0.4043 0.0000 0.3957 0.4802
0.6814 0.5539 0.4512 0.3655 0.6027 0.5324 0.3592 0.2518 0.1283 0.4130 0.2817 0.3034 0.3896 0.5609 0.4374 0.1781 0.4645 0.5828 0.4504 0.0000 0.5710
0.2668 0.6205 0.7987 0.3689 0.3423 0.3612 0.2815 0.4225 0.5599 0.2525 0.3316 0.5464 0.3641 0.8336 0.5807 0.7869 0.2889 0.4941 0.5807 0.6476 0.0000

--- Sample 5 ---
node_demand:
0.1333
0.2000
0.2667
0.2333
0.1333
0.2333
0.1667
0.3000
0.2000
0.0333
0.1000
0.2000
0.2667
0.1333
0.1333
0.1667
0.2333
0.1667
0.1333
0.2667

dist_matrix:
0.0000 0.7006 0.2165 0.4967 0.3284 0.6319 0.4759 0.5420 0.4852 0.4620 0.7178 0.6669 0.4903 0.5115 0.4655 0.2943 0.6359 0.5998 0.5541 0.3755 0.4833
0.7039 0.0000 0.6399 0.4155 0.3940 0.3601 0.3102 0.3239 0.4136 0.3976 0.2783 0.3935 0.4481 0.3499 0.2186 0.5350 0.7980 0.4445 0.6857 0.5141 0.5390
0.3515 0.3976 0.0000 0.4972 0.4106 0.7287 0.4366 0.3898 0.4704 0.3808 0.5350 0.5208 0.6228 0.4250 0.6929 0.6366 0.3048 0.5350 0.3010 0.7257 0.4872
0.6068 0.2596 0.8397 0.0000 0.3157 0.3351 0.4822 0.5836 0.6209 0.5633 0.4026 0.4883 0.2428 0.3489 0.1301 0.2573 0.3853 0.3667 0.8351 0.3604 0.4034
0.3174 0.3789 0.7260 0.6957 0.0000 0.3227 0.5423 0.3181 0.5086 0.7623 0.4934 0.3809 0.3023 0.6699 0.3461 0.7165 0.7113 0.4558 0.6672 0.4007 0.3465
0.2253 0.3576 0.5149 0.2810 0.3860 0.0000 0.2743 0.3877 0.6030 0.3227 0.4012 0.1465 0.3424 0.4306 0.2835 0.3994 0.5672 0.1498 0.2366 0.3753 0.3093
0.3206 0.3216 0.4274 0.5239 0.5554 0.3713 0.0000 0.4810 0.5565 0.3923 0.6456 0.4551 0.5471 0.4451 0.4631 0.2833 0.5211 0.4109 0.6323 0.3154 0.3497
0.5576 0.3138 0.3447 0.2884 0.3578 0.3165 0.4171 0.0000 0.4751 0.5930 0.4761 0.5929 0.4810 0.5051 0.4408 0.5609 0.3822 0.4660 0.4237 0.2365 0.4152
0.3758 0.5785 0.2068 0.6997 0.4748 0.7530 0.4169 0.5133 0.0000 0.3398 0.2306 0.3439 0.3468 0.3315 0.4191 0.2254 0.3342 0.5410 0.6162 0.1857 0.5256
0.3753 0.3563 0.3589 0.4592 0.5929 0.3713 0.8192 0.3879 0.3287 0.0000 0.7441 0.4735 0.3166 0.5143 0.6604 0.5095 0.2949 0.1586 0.6581 0.4151 0.2556
0.6886 0.5005 0.4035 0.3631 0.6378 0.3953 0.4260 0.5188 0.6148 0.7246 0.0000 0.4086 0.2536 0.2137 0.6598 0.5970 0.4544 0.6634 0.5808 0.3303 0.5246
0.6240 0.4871 0.6095 0.2831 0.4663 0.2134 0.1104 0.3702 0.4558 0.4360 0.5653 0.0000 0.4472 0.4979 0.3719 0.5049 0.5509 0.1735 0.6189 0.6239 0.4496
0.3315 0.4991 0.3817 0.2580 0.3103 0.7085 0.5918 0.5074 0.6000 0.3992 0.4901 0.3575 0.0000 0.4303 0.5209 0.5305 0.4116 0.3294 0.5201 0.5508 0.2732
0.5261 0.3040 0.3117 0.4219 0.7309 0.4546 0.5862 0.4499 0.4400 0.6196 0.2067 0.5106 0.7477 0.0000 0.3495 0.1844 0.5821 0.3812 0.4703 0.6819 0.7931
0.4477 0.2321 0.2464 0.2701 0.4641 0.2891 0.4201 0.2506 0.2374 0.7201 0.2554 0.4112 0.1885 0.3308 0.0000 0.5224 0.4069 0.2536 0.6878 0.6183 0.7783
0.2534 0.4824 0.4594 0.2882 0.3779 0.5559 0.4127 0.6105 0.5475 0.4137 0.3078 0.3316 0.6670 0.2229 0.3953 0.0000 0.2657 0.5188 0.6018 0.2359 0.4621
0.1084 0.5573 0.6586 0.4188 0.6998 0.6367 0.5473 0.5734 0.3304 0.3832 0.4617 0.6175 0.3251 0.3753 0.3200 0.5941 0.0000 0.3866 0.1039 0.3951 0.3890
0.4692 0.4207 0.4535 0.4748 0.4751 0.1561 0.2278 0.3281 0.5149 0.3738 0.5307 0.1694 0.6221 0.4365 0.2414 0.4323 0.5006 0.0000 0.4503 0.7083 0.4448
0.2465 0.5608 0.3881 0.6487 0.5746 0.4798 0.6433 0.5033 0.7250 0.6274 0.5001 0.3326 0.3588 0.6142 0.7286 0.3536 0.2905 0.4655 0.0000 0.3792 0.5418
0.5248 0.5501 0.7672 0.4635 0.4646 0.8265 0.4907 0.1845 0.1248 0.4129 0.3529 0.4587 0.5244 0.6767 0.4347 0.5316 0.3865 0.6469 0.3870 0.0000 0.6031
0.2439 0.4129 0.6784 0.5156 0.4386 0.3535 0.3249 0.4018 0.5732 0.1786 0.4557 0.5061 0.2968 0.3991 0.8061 0.4184 0.3503 0.3670 0.2656 0.5149 0.0000
