min_dist:
0.0000 0.3900 0.2800 0.2000 0.2400 0.1600 0.1800 0.3700 0.1600 0.3300 0.2300 0.2100 0.2800 0.3100 0.2700 0.1500 0.1100 0.1000 0.2400 0.3200 0.2700
0.3900 0.0000 0.2200 0.1900 0.3100 0.3900 0.3000 0.1700 0.3400 0.3200 0.2900 0.3100 0.4200 0.4400 0.4100 0.3200 0.2800 0.3300 0.1600 0.2200 0.3000
0.2800 0.2200 0.0000 0.1400 0.3000 0.2400 0.2600 0.3500 0.2400 0.2400 0.2400 0.3600 0.3400 0.4000 0.3700 0.2400 0.2300 0.1800 0.1800 0.3000 0.2200
0.2000 0.1900 0.1400 0.0000 0.2800 0.2000 0.1800 0.2100 0.2000 0.2000 0.1000 0.2200 0.2600 0.2900 0.2500 0.1300 0.0900 0.1400 0.0400 0.1600 0.1100
0.2400 0.3100 0.3000 0.2800 0.0000 0.2000 0.2200 0.3900 0.1800 0.3700 0.2700 0.3400 0.3600 0.2900 0.3300 0.2300 0.1900 0.1400 0.2400 0.3400 0.3100
0.1600 0.3900 0.2400 0.2000 0.2000 0.0000 0.1400 0.2300 0.1200 0.2900 0.1900 0.2700 0.2800 0.2800 0.2400 0.1500 0.1100 0.0600 0.2400 0.1800 0.2300
0.1800 0.3000 0.2600 0.1800 0.2200 0.1400 0.0000 0.2400 0.0600 0.1500 0.2100 0.2900 0.2400 0.3000 0.1100 0.1600 0.1300 0.0800 0.2200 0.2200 0.0900
0.3700 0.1700 0.3500 0.2100 0.3900 0.2300 0.2400 0.0000 0.2100 0.2100 0.2100 0.3200 0.3100 0.3200 0.2600 0.3300 0.3000 0.2700 0.2200 0.0500 0.2600
0.1600 0.3400 0.2400 0.2000 0.1800 0.1200 0.0600 0.2100 0.0000 0.2100 0.1900 0.2700 0.2800 0.2800 0.1700 0.1500 0.1100 0.0600 0.1800 0.1600 0.1500
0.3300 0.3200 0.2400 0.2000 0.3700 0.2900 0.1500 0.2100 0.2100 0.0000 0.2800 0.3700 0.1000 0.3600 0.2300 0.2000 0.2200 0.2300 0.1600 0.1600 0.2400
0.2300 0.2900 0.2400 0.1000 0.2700 0.1900 0.2100 0.2100 0.1900 0.2800 0.0000 0.1200 0.3500 0.2800 0.3200 0.2000 0.1800 0.1300 0.1400 0.2600 0.2100
0.2100 0.3100 0.3600 0.2200 0.3400 0.2700 0.2900 0.3200 0.2700 0.3700 0.1200 0.0000 0.2700 0.3600 0.3000 0.2000 0.1600 0.2100 0.2200 0.3000 0.3300
0.2800 0.4200 0.3400 0.2600 0.3600 0.2800 0.2400 0.3100 0.2800 0.1000 0.3500 0.2700 0.0000 0.3700 0.1300 0.2100 0.1700 0.2200 0.2600 0.2600 0.3200
0.3100 0.4400 0.4000 0.2900 0.2900 0.2800 0.3000 0.3200 0.2800 0.3600 0.2800 0.3600 0.3700 0.0000 0.3600 0.1600 0.2000 0.2200 0.2800 0.3700 0.3900
0.2700 0.4100 0.3700 0.2500 0.3300 0.2400 0.1100 0.2600 0.1700 0.2300 0.3200 0.3000 0.1300 0.3600 0.0000 0.2000 0.1600 0.1900 0.2900 0.3100 0.2000
0.1500 0.3200 0.2400 0.1300 0.2300 0.1500 0.1600 0.3300 0.1500 0.2000 0.2000 0.2000 0.2100 0.1600 0.2000 0.0000 0.0400 0.0900 0.1700 0.2800 0.2400
0.1100 0.2800 0.2300 0.0900 0.1900 0.1100 0.1300 0.3000 0.1100 0.2200 0.1800 0.1600 0.1700 0.2000 0.1600 0.0400 0.0000 0.0500 0.1300 0.2500 0.2000
0.1000 0.3300 0.1800 0.1400 0.1400 0.0600 0.0800 0.2700 0.0600 0.2300 0.1300 0.2100 0.2200 0.2200 0.1900 0.0900 0.0500 0.0000 0.1800 0.2200 0.1700
0.2400 0.1600 0.1800 0.0400 0.2400 0.2400 0.2200 0.2200 0.1800 0.1600 0.1400 0.2200 0.2600 0.2800 0.2900 0.1700 0.1300 0.1800 0.0000 0.1700 0.1500
0.3200 0.2200 0.3000 0.1600 0.3400 0.1800 0.2200 0.0500 0.1600 0.1600 0.2600 0.3000 0.2600 0.3700 0.3100 0.2800 0.2500 0.2200 0.1700 0.0000 0.2700
0.2700 0.3000 0.2200 0.1100 0.3100 0.2300 0.0900 0.2600 0.1500 0.2400 0.2100 0.3300 0.3200 0.3900 0.2000 0.2400 0.2000 0.1700 0.1500 0.2700 0.0000

max_dist:
0.0000 0.7500 0.6200 0.4500 0.6200 0.5800 0.6200 0.4800 0.6300 0.5400 0.6000 0.6000 0.7200 0.8000 0.4800 0.7400 0.2200 0.4600 0.5400 0.7600 0.4200
0.7500 0.0000 0.5900 0.3000 0.7200 0.5600 0.7300 0.5400 0.5000 0.4600 0.5800 0.3800 0.7400 0.5200 0.5000 0.7000 0.5300 0.5300 0.5400 0.7400 0.7200
0.6200 0.5900 0.0000 0.5100 0.6900 0.4200 0.5400 0.4600 0.6000 0.3800 0.7000 0.6600 0.4000 0.7200 0.6300 0.5600 0.7000 0.4100 0.4800 0.5500 0.6200
0.4500 0.3000 0.5100 0.0000 0.6000 0.6600 0.6000 0.7400 0.6400 0.5500 0.2800 0.6800 0.4400 0.5800 0.4900 0.7200 0.2300 0.6700 0.4600 0.4400 0.4900
0.6200 0.7200 0.6900 0.6000 0.0000 0.4400 0.4600 0.8000 0.4200 0.7200 0.4000 0.4800 0.6200 0.6300 0.5700 0.4600 0.5600 0.2800 0.3700 0.6600 0.6600
0.5800 0.5600 0.4200 0.6600 0.4400 0.0000 0.2200 0.5600 0.4600 0.6700 0.7200 0.6200 0.8200 0.5300 0.6000 0.6200 0.7600 0.3200 0.4800 0.2200 0.4200
0.6200 0.7300 0.5400 0.6000 0.4600 0.2200 0.0000 0.3400 0.5300 0.6500 0.5000 0.4900 0.6000 0.6000 0.6300 0.7300 0.6000 0.3600 0.2600 0.4400 0.2000
0.4800 0.5400 0.4600 0.7400 0.8000 0.5600 0.3400 0.0000 0.6400 0.8000 0.4800 0.6500 0.7100 0.6100 0.2900 0.6700 0.5500 0.5800 0.6000 0.5400 0.5400
0.6300 0.5000 0.6000 0.6400 0.4200 0.4600 0.5300 0.6400 0.0000 0.7500 0.4300 0.6400 0.5000 0.6800 0.5200 0.7100 0.5600 0.2900 0.5100 0.2400 0.7200
0.5400 0.4600 0.3800 0.5500 0.7200 0.6700 0.6500 0.8000 0.7500 0.0000 0.3200 0.7300 0.5400 0.7200 0.5800 0.8000 0.3200 0.6000 0.5200 0.6400 0.4500
0.6000 0.5800 0.7000 0.2800 0.4000 0.7200 0.5000 0.4800 0.4300 0.3200 0.0000 0.4100 0.5400 0.4200 0.6300 0.6000 0.3800 0.4500 0.4600 0.5800 0.7000
0.6000 0.3800 0.6600 0.6800 0.4800 0.6200 0.4900 0.6500 0.6400 0.7300 0.4100 0.0000 0.5000 0.6600 0.3600 0.4800 0.5900 0.4200 0.5500 0.4000 0.5200
0.7200 0.7400 0.4000 0.4400 0.6200 0.8200 0.6000 0.7100 0.5000 0.5400 0.5400 0.5000 0.0000 0.4600 0.4200 0.2800 0.6700 0.7000 0.6600 0.7400 0.4000
0.8000 0.5200 0.7200 0.5800 0.6300 0.5300 0.6000 0.6100 0.6800 0.7200 0.4200 0.6600 0.4600 0.0000 0.5600 0.1800 0.8000 0.6000 0.3400 0.7200 0.7400
0.4800 0.5000 0.6300 0.4900 0.5700 0.6000 0.6300 0.2900 0.5200 0.5800 0.6300 0.3600 0.4200 0.5600 0.0000 0.3800 0.2600 0.6400 0.4000 0.3800 0.5200
0.7400 0.7000 0.5600 0.7200 0.4600 0.6200 0.7300 0.6700 0.7100 0.8000 0.6000 0.4800 0.2800 0.1800 0.3800 0.0000 0.6400 0.4200 0.5000 0.5400 0.6100
0.2200 0.5300 0.7000 0.2300 0.5600 0.7600 0.6000 0.5500 0.5600 0.3200 0.3800 0.5900 0.6700 0.8000 0.2600 0.6400 0.0000 0.4400 0.5800 0.6200 0.6400
0.4600 0.5300 0.4100 0.6700 0.2800 0.3200 0.3600 0.5800 0.2900 0.6000 0.4500 0.4200 0.7000 0.6000 0.6400 0.4200 0.4400 0.0000 0.5600 0.5300 0.5600
0.5400 0.5400 0.4800 0.4600 0.3700 0.4800 0.2600 0.6000 0.5100 0.5200 0.4600 0.5500 0.6600 0.3400 0.4000 0.5000 0.5800 0.5600 0.0000 0.6200 0.4600
0.7600 0.7400 0.5500 0.4400 0.6600 0.2200 0.4400 0.5400 0.2400 0.6400 0.5800 0.4000 0.7400 0.7200 0.3800 0.5400 0.6200 0.5300 0.6200 0.0000 0.5400
0.4200 0.7200 0.6200 0.4900 0.6600 0.4200 0.2000 0.5400 0.7200 0.4500 0.7000 0.5200 0.4000 0.7400 0.5200 0.6100 0.6400 0.5600 0.4600 0.5400 0.0000

--- Contains 5 samples ---

--- Sample 1 ---
node_demand:
0.2000
0.0333
0.2333
0.1667
0.1333
0.0333
0.2000
0.2333
0.2333
0.1333
0.1333
0.2333
0.0667
0.2000
0.1333
0.1000
0.1000
0.0333
0.1667
0.3000

dist_matrix:
0.0000 0.4407 0.3614 0.2592 0.3611 0.3648 0.3914 0.4152 0.1925 0.3331 0.5768 0.5886 0.3963 0.4426 0.4549 0.4758 0.1241 0.1916 0.5308 0.7394 0.3784
0.6288 0.0000 0.2849 0.2895 0.7119 0.4554 0.5933 0.4932 0.3502 0.3321 0.5034 0.3118 0.7022 0.4451 0.4439 0.4492 0.2804 0.4077 0.3582 0.5669 0.6277
0.5973 0.4885 0.0000 0.2715 0.4605 0.3891 0.5179 0.3865 0.5620 0.3644 0.6652 0.4364 0.3731 0.5988 0.5727 0.5437 0.3411 0.4014 0.2199 0.3191 0.4045
0.2629 0.2249 0.1630 0.0000 0.2936 0.3660 0.4219 0.3068 0.4503 0.4411 0.2790 0.5995 0.3735 0.5667 0.3089 0.1817 0.2100 0.4420 0.4143 0.2881 0.2272
0.2528 0.4482 0.6180 0.3581 0.0000 0.2281 0.3047 0.7137 0.3480 0.6946 0.3341 0.3736 0.4943 0.3018 0.5119 0.4571 0.2757 0.2187 0.3114 0.3477 0.3169
0.5548 0.5302 0.3784 0.6592 0.3448 0.0000 0.1817 0.3123 0.4446 0.5631 0.1922 0.3575 0.8086 0.3571 0.3570 0.2262 0.4424 0.0880 0.3365 0.2120 0.3839
0.5406 0.3524 0.3058 0.3089 0.3425 0.1722 0.0000 0.3392 0.3168 0.3767 0.2156 0.3255 0.3723 0.3350 0.4477 0.4394 0.2287 0.2085 0.2442 0.2399 0.1858
0.4555 0.2820 0.3830 0.3080 0.4196 0.2384 0.3072 0.0000 0.5664 0.4192 0.2857 0.3829 0.6713 0.5522 0.2655 0.4316 0.3440 0.5288 0.3256 0.2244 0.4676
0.3173 0.4355 0.5659 0.2616 0.3664 0.1974 0.4915 0.5797 0.0000 0.2518 0.4085 0.5859 0.3610 0.6619 0.4060 0.2791 0.5297 0.1838 0.4163 0.2099 0.4199
0.5237 0.3904 0.3109 0.2299 0.6432 0.5953 0.3440 0.3988 0.4023 0.0000 0.2910 0.4895 0.4929 0.4380 0.2652 0.5656 0.2369 0.3518 0.3579 0.5029 0.3285
0.3943 0.5781 0.5134 0.2798 0.2875 0.2488 0.4574 0.2897 0.2804 0.3008 0.0000 0.3093 0.3704 0.3224 0.5882 0.4000 0.2047 0.3704 0.2213 0.4694 0.6587
0.5775 0.3792 0.5482 0.5846 0.3637 0.5508 0.3505 0.3782 0.3983 0.3710 0.1458 0.0000 0.4457 0.3758 0.3271 0.3357 0.3051 0.2288 0.3964 0.3580 0.4614
0.3777 0.5579 0.3868 0.4076 0.3898 0.5657 0.5904 0.5951 0.3247 0.5216 0.4747 0.4863 0.0000 0.3831 0.1549 0.2652 0.3898 0.6112 0.3372 0.3437 0.3380
0.4966 0.5172 0.4205 0.5185 0.4291 0.5079 0.3548 0.5618 0.4550 0.4525 0.4004 0.5592 0.4230 0.0000 0.4859 0.1621 0.5613 0.4577 0.2962 0.4203 0.6283
0.3173 0.4735 0.6049 0.3412 0.5037 0.4231 0.2705 0.2668 0.2634 0.5457 0.6191 0.3136 0.3201 0.5013 0.0000 0.3126 0.2166 0.6344 0.3591 0.3274 0.3930
0.5432 0.3755 0.5094 0.3961 0.3523 0.3521 0.2538 0.3661 0.3198 0.6552 0.5422 0.2953 0.2696 0.1636 0.2189 0.0000 0.4199 0.1577 0.2603 0.3771 0.3504
0.1568 0.4915 0.3835 0.2175 0.2705 0.7352 0.1308 0.5291 0.4004 0.2837 0.2351 0.5019 0.2499 0.6439 0.1979 0.2909 0.0000 0.4282 0.4700 0.4872 0.4775
0.4099 0.3494 0.3551 0.2851 0.1700 0.1004 0.1330 0.4925 0.2465 0.2777 0.4211 0.4126 0.5104 0.4321 0.4223 0.4097 0.3896 0.0000 0.5038 0.2895 0.2066
0.2796 0.2052 0.3036 0.3844 0.2868 0.3638 0.2532 0.3697 0.4203 0.2611 0.4166 0.4091 0.4580 0.2990 0.3103 0.1789 0.1647 0.1820 0.0000 0.2305 0.2614
0.4843 0.7328 0.3643 0.1733 0.6047 0.2026 0.2604 0.2864 0.1685 0.1928 0.3178 0.3880 0.4705 0.6621 0.3738 0.4293 0.3154 0.4459 0.5555 0.0000 0.3126
0.3085 0.4013 0.3260 0.2284 0.3120 0.3508 0.1494 0.3684 0.3797 0.4071 0.3784 0.5148 0.3427 0.4722 0.4627 0.5322 0.5615 0.5348 0.4499 0.4716 0.0000

--- Sample 2 ---
node_demand:
0.2000
0.0333
0.2333
0.1667
0.1333
0.0333
0.2000
0.2333
0.2333
0.1333
0.1333
0.2333
0.0667
0.2000
0.1333
0.1000
0.1000
0.0333
0.1667
0.3000

dist_matrix:
0.0000 0.6471 0.3007 0.3565 0.3933 0.1678 0.4549 0.4202 0.3268 0.3465 0.4435 0.5853 0.4673 0.3234 0.3825 0.4262 0.1263 0.2777 0.2825 0.3442 0.3142
0.5631 0.0000 0.4863 0.2972 0.4539 0.4330 0.5754 0.2590 0.3720 0.4403 0.3691 0.3120 0.5042 0.4807 0.4464 0.6423 0.3102 0.4601 0.3964 0.3454 0.5238
0.3087 0.5147 0.0000 0.5066 0.6149 0.2931 0.4646 0.3614 0.3310 0.2958 0.3945 0.3977 0.3616 0.5360 0.5631 0.4654 0.6859 0.1979 0.2171 0.3189 0.2657
0.2958 0.2049 0.1542 0.0000 0.5609 0.3081 0.5157 0.6622 0.4929 0.3971 0.1213 0.3019 0.3824 0.4772 0.3985 0.2715 0.1316 0.2071 0.0569 0.1653 0.3448
0.2932 0.6193 0.6664 0.5475 0.0000 0.2901 0.2549 0.7845 0.4020 0.3777 0.3825 0.3877 0.5586 0.4718 0.4031 0.3675 0.3708 0.1976 0.3226 0.4493 0.5305
0.4892 0.5479 0.2709 0.5299 0.3854 0.0000 0.1900 0.5574 0.4168 0.3461 0.4357 0.2877 0.6939 0.4518 0.5739 0.3432 0.5706 0.3047 0.4347 0.1802 0.2342
0.5771 0.4078 0.4376 0.5359 0.2412 0.1628 0.0000 0.3013 0.3585 0.1925 0.4769 0.3856 0.5539 0.4314 0.5369 0.2450 0.3292 0.2749 0.2563 0.2470 0.1935
0.4671 0.2613 0.3640 0.7350 0.7684 0.4899 0.2775 0.0000 0.4948 0.5042 0.2828 0.4156 0.6144 0.5927 0.2830 0.4958 0.3742 0.5657 0.5910 0.0744 0.3211
0.4308 0.3584 0.4925 0.5313 0.4008 0.2683 0.2192 0.6119 0.0000 0.5936 0.2956 0.5545 0.4720 0.6325 0.4338 0.3202 0.3912 0.1014 0.3312 0.1663 0.5100
0.4398 0.3383 0.3790 0.3410 0.3884 0.5878 0.4219 0.4089 0.3940 0.0000 0.3135 0.4900 0.3199 0.5741 0.3348 0.3885 0.2869 0.2460 0.2134 0.5012 0.2783
0.2485 0.4776 0.6960 0.1031 0.3468 0.4403 0.4650 0.4083 0.1972 0.2974 0.0000 0.2579 0.4799 0.3439 0.4649 0.5256 0.2129 0.3265 0.4451 0.5309 0.5756
0.4383 0.3778 0.4092 0.5206 0.4771 0.3009 0.3880 0.4334 0.3024 0.6268 0.3814 0.0000 0.2873 0.6416 0.3586 0.2623 0.4140 0.2520 0.3731 0.3432 0.3554
0.3047 0.4890 0.3934 0.3632 0.5387 0.6198 0.3727 0.5862 0.2805 0.4797 0.4556 0.3423 0.0000 0.3735 0.1346 0.2514 0.4844 0.5415 0.6497 0.6956 0.3658
0.5664 0.4416 0.5452 0.3922 0.6230 0.3084 0.5304 0.3327 0.2861 0.6627 0.3310 0.4730 0.4021 0.0000 0.5457 0.1713 0.5581 0.3443 0.3387 0.5193 0.6808
0.3926 0.4689 0.4165 0.4189 0.5298 0.3732 0.1303 0.2633 0.2318 0.4131 0.4452 0.3222 0.1584 0.3990 0.0000 0.3624 0.2031 0.2423 0.3194 0.3619 0.5047
0.6072 0.5806 0.3963 0.5993 0.4153 0.1731 0.6003 0.4339 0.5352 0.2987 0.2128 0.3241 0.2290 0.1711 0.2089 0.0000 0.1324 0.1460 0.1906 0.4321 0.3975
0.2062 0.3367 0.4029 0.1058 0.1957 0.7288 0.4007 0.5189 0.5129 0.3169 0.3740 0.5539 0.6351 0.4083 0.1823 0.5296 0.0000 0.2808 0.5395 0.2638 0.6200
0.3603 0.3869 0.3552 0.4604 0.2476 0.1527 0.2609 0.3995 0.1498 0.3051 0.2442 0.3725 0.3537 0.4949 0.5156 0.2900 0.2228 0.0000 0.2336 0.4556 0.3755
0.5189 0.2147 0.3187 0.3481 0.3331 0.4095 0.2454 0.3740 0.3194 0.2234 0.3644 0.3219 0.4909 0.2889 0.2931 0.4307 0.2963 0.2099 0.0000 0.5922 0.4459
0.5160 0.4145 0.4489 0.3134 0.5928 0.1910 0.2543 0.2617 0.2270 0.2210 0.2917 0.3054 0.6899 0.5766 0.3118 0.4412 0.3486 0.2398 0.1747 0.0000 0.3863
0.3247 0.3647 0.4058 0.1136 0.5007 0.3855 0.1584 0.3385 0.5051 0.2432 0.6925 0.3910 0.3391 0.4019 0.3775 0.3108 0.3202 0.2246 0.3300 0.3927 0.0000

--- Sample 3 ---
node_demand:
0.2000
0.0333
0.2333
0.1667
0.1333
0.0333
0.2000
0.2333
0.2333
0.1333
0.1333
0.2333
0.0667
0.2000
0.1333
0.1000
0.1000
0.0333
0.1667
0.3000

dist_matrix:
0.0000 0.6754 0.4288 0.2266 0.2508 0.2452 0.2122 0.4658 0.3269 0.4908 0.4137 0.2868 0.5723 0.4089 0.4199 0.6365 0.1594 0.3058 0.2654 0.6300 0.3442
0.6597 0.0000 0.5456 0.2470 0.4016 0.4061 0.4880 0.2804 0.4510 0.3254 0.4748 0.3547 0.4486 0.5164 0.4553 0.5430 0.3452 0.4426 0.2290 0.6314 0.4470
0.3871 0.3357 0.0000 0.4403 0.6649 0.3606 0.2672 0.4064 0.4855 0.2837 0.6446 0.4159 0.3660 0.4503 0.5497 0.4340 0.5143 0.2406 0.4340 0.3014 0.2364
0.2625 0.2303 0.1663 0.0000 0.3006 0.2818 0.2369 0.6541 0.3247 0.3156 0.1600 0.3862 0.3149 0.3859 0.4737 0.1847 0.1271 0.6597 0.0932 0.3395 0.4028
0.4699 0.5347 0.4749 0.4335 0.0000 0.2955 0.3901 0.6079 0.3035 0.4573 0.2813 0.3740 0.5149 0.5107 0.4632 0.3117 0.3820 0.2503 0.2529 0.3520 0.3632
0.4600 0.4174 0.3822 0.6216 0.2887 0.0000 0.2133 0.2868 0.1465 0.3698 0.2515 0.4892 0.4020 0.4112 0.4051 0.4585 0.1880 0.0903 0.4503 0.2177 0.3259
0.2552 0.5597 0.3922 0.1869 0.4324 0.2190 0.0000 0.3016 0.4423 0.6449 0.3037 0.4307 0.4179 0.3874 0.1854 0.1705 0.3654 0.1361 0.2422 0.2340 0.1287
0.4449 0.3110 0.3517 0.2116 0.4650 0.4418 0.3011 0.0000 0.3675 0.3387 0.3695 0.6212 0.6322 0.3938 0.2645 0.6417 0.3669 0.4829 0.5672 0.4424 0.3259
0.1711 0.3562 0.4828 0.4748 0.2049 0.2231 0.0743 0.4428 0.0000 0.5926 0.3472 0.4956 0.4341 0.5433 0.3474 0.2562 0.5096 0.1014 0.4649 0.1780 0.5477
0.5210 0.3534 0.2579 0.2900 0.4914 0.2928 0.5922 0.4240 0.4017 0.0000 0.3012 0.7122 0.2844 0.6178 0.4097 0.4080 0.3063 0.2865 0.3002 0.1903 0.2537
0.4025 0.3333 0.3726 0.1866 0.3790 0.6430 0.4385 0.2118 0.2509 0.3187 0.0000 0.3402 0.4187 0.3063 0.4116 0.4249 0.3309 0.3723 0.3626 0.5028 0.2246
0.4270 0.3748 0.4804 0.4357 0.4517 0.2848 0.3822 0.3416 0.3627 0.3988 0.1439 0.0000 0.3265 0.6149 0.3124 0.3767 0.5481 0.2903 0.3887 0.3308 0.4467
0.5768 0.6051 0.3983 0.4351 0.5991 0.7843 0.3047 0.6021 0.3303 0.3307 0.4211 0.3603 0.0000 0.4539 0.1642 0.2224 0.3275 0.4879 0.2635 0.4046 0.3967
0.7937 0.4539 0.6486 0.4919 0.6096 0.5014 0.5431 0.5435 0.2960 0.5764 0.3729 0.4903 0.4382 0.0000 0.5437 0.1662 0.7368 0.5784 0.3284 0.4882 0.6778
0.4639 0.4273 0.5377 0.3086 0.5053 0.5106 0.1582 0.2815 0.3611 0.5070 0.3585 0.3576 0.4128 0.5192 0.0000 0.2441 0.1645 0.4816 0.3559 0.3786 0.3650
0.7252 0.5118 0.3385 0.1847 0.4264 0.5422 0.4562 0.4655 0.2342 0.5034 0.5194 0.4019 0.2202 0.1624 0.2770 0.0000 0.5589 0.2969 0.2050 0.3724 0.3907
0.1169 0.4992 0.5848 0.1865 0.3306 0.4127 0.4368 0.4099 0.1878 0.3006 0.2840 0.4534 0.2361 0.3748 0.2418 0.3249 0.0000 0.0918 0.3736 0.5598 0.3742
0.2299 0.5029 0.2373 0.5599 0.2417 0.1307 0.1798 0.5551 0.0984 0.4180 0.2320 0.3706 0.5851 0.4543 0.2103 0.1719 0.1236 0.0000 0.3418 0.3202 0.4301
0.2844 0.3711 0.3026 0.2381 0.3251 0.4493 0.2249 0.2282 0.3995 0.4258 0.2566 0.4185 0.5540 0.3028 0.2991 0.3645 0.2876 0.5135 0.0000 0.5915 0.2991
0.5806 0.6454 0.4812 0.1705 0.5030 0.1866 0.4380 0.2128 0.1809 0.2170 0.4950 0.3942 0.6610 0.5867 0.3428 0.4409 0.5711 0.4074 0.3043 0.0000 0.3517
0.2914 0.3938 0.3876 0.4187 0.4690 0.3200 0.0938 0.4819 0.3581 0.3199 0.5616 0.3902 0.3544 0.5284 0.4674 0.3078 0.4704 0.5244 0.2873 0.4584 0.0000

--- Sample 4 ---
node_demand:
0.2000
0.0333
0.2333
0.1667
0.1333
0.0333
0.2000
0.2333
0.2333
0.1333
0.1333
0.2333
0.0667
0.2000
0.1333
0.1000
0.1000
0.0333
0.1667
0.3000

dist_matrix:
0.0000 0.5463 0.3107 0.2002 0.3550 0.2348 0.5628 0.3913 0.5529 0.4260 0.5552 0.2776 0.5713 0.7350 0.4460 0.2531 0.1388 0.1308 0.3935 0.5293 0.3164
0.5452 0.0000 0.2859 0.2530 0.7015 0.5428 0.6047 0.3831 0.3434 0.3651 0.3140 0.3409 0.4620 0.4675 0.4215 0.4799 0.2901 0.4237 0.3220 0.3095 0.5211
0.4790 0.3827 0.0000 0.4108 0.6470 0.2808 0.2645 0.4420 0.4471 0.2447 0.6744 0.4136 0.3813 0.6528 0.3869 0.2511 0.6119 0.4071 0.3418 0.3191 0.5762
0.2309 0.2111 0.3425 0.0000 0.3464 0.3329 0.5517 0.3956 0.5312 0.2528 0.1029 0.2619 0.3679 0.5219 0.3083 0.1624 0.1315 0.2200 0.0439 0.3919 0.1731
0.5475 0.5703 0.5434 0.5959 0.0000 0.3464 0.2921 0.5057 0.1873 0.6703 0.2732 0.3800 0.6067 0.5577 0.4497 0.2703 0.5257 0.1475 0.3179 0.4055 0.4408
0.4757 0.4312 0.3272 0.3797 0.4099 0.0000 0.1957 0.4087 0.4205 0.6672 0.2424 0.5801 0.5743 0.3809 0.3854 0.2904 0.7451 0.2617 0.4614 0.1914 0.3294
0.5661 0.3646 0.3552 0.5065 0.3493 0.1865 0.0000 0.3219 0.2157 0.2851 0.2438 0.3343 0.2494 0.4694 0.2824 0.6277 0.3123 0.2163 0.2375 0.2882 0.0978
0.4034 0.1775 0.4355 0.6645 0.3929 0.3112 0.3202 0.0000 0.5266 0.7363 0.2298 0.6364 0.5103 0.5121 0.2609 0.4350 0.3714 0.5238 0.5045 0.1871 0.3390
0.4694 0.4460 0.4588 0.2113 0.2883 0.1435 0.2647 0.4587 0.0000 0.4733 0.3856 0.4091 0.4729 0.3031 0.3423 0.7031 0.2615 0.1006 0.2430 0.1916 0.2403
0.3452 0.4048 0.3294 0.2959 0.5507 0.5978 0.3298 0.5755 0.4699 0.0000 0.3078 0.6441 0.4098 0.5218 0.2566 0.2464 0.3152 0.5322 0.1997 0.4329 0.4349
0.5230 0.4479 0.3132 0.2288 0.3693 0.6784 0.4515 0.3157 0.3933 0.3159 0.0000 0.3038 0.4765 0.3381 0.4057 0.5107 0.3567 0.1803 0.3399 0.2663 0.4910
0.4381 0.3400 0.5771 0.3508 0.3412 0.4377 0.2912 0.5911 0.5730 0.6107 0.1543 0.0000 0.3169 0.4991 0.3470 0.4326 0.2005 0.4086 0.2754 0.3516 0.4805
0.5055 0.7256 0.3646 0.2990 0.3999 0.5344 0.5170 0.5017 0.4413 0.2634 0.4366 0.3381 0.0000 0.4514 0.4170 0.2475 0.1790 0.4267 0.3433 0.6290 0.3301
0.4238 0.4510 0.4185 0.5577 0.5506 0.4493 0.4714 0.4437 0.5828 0.6294 0.4041 0.5281 0.4291 0.0000 0.5141 0.1651 0.7484 0.3622 0.3222 0.5766 0.4143
0.4323 0.4108 0.5133 0.3582 0.4895 0.4035 0.6174 0.2702 0.1702 0.4771 0.5941 0.3446 0.3506 0.4688 0.0000 0.2999 0.2079 0.5246 0.3557 0.3599 0.4972
0.2324 0.5961 0.4995 0.1349 0.3709 0.2174 0.1837 0.4234 0.4056 0.6905 0.5558 0.4198 0.2145 0.1746 0.2721 0.0000 0.2757 0.2622 0.2838 0.3674 0.2568
0.1172 0.4382 0.2468 0.2222 0.3327 0.7547 0.2017 0.4156 0.3684 0.2554 0.1855 0.4352 0.4371 0.5094 0.2048 0.2823 0.0000 0.2997 0.4538 0.3824 0.6166
0.1241 0.3354 0.2746 0.4923 0.2246 0.2353 0.1857 0.5287 0.2832 0.3324 0.3450 0.4053 0.3037 0.2687 0.2258 0.2354 0.3348 0.0000 0.4213 0.2326 0.3114
0.2827 0.4778 0.2358 0.2684 0.2932 0.2906 0.2496 0.5717 0.3795 0.3156 0.1767 0.5490 0.4510 0.3064 0.2902 0.3140 0.5611 0.2609 0.0000 0.2759 0.2851
0.5550 0.6734 0.4332 0.2704 0.5477 0.1940 0.2465 0.4669 0.1754 0.5154 0.4343 0.3813 0.5145 0.4872 0.3209 0.4711 0.6183 0.5127 0.2615 0.0000 0.2714
0.3201 0.6889 0.3244 0.3811 0.5384 0.2626 0.1833 0.4445 0.4730 0.3628 0.3629 0.4994 0.3392 0.4759 0.2041 0.5860 0.3292 0.2485 0.2661 0.4978 0.0000

--- Sample 5 ---
node_demand:
0.2000
0.0333
0.2333
0.1667
0.1333
0.0333
0.2000
0.2333
0.2333
0.1333
0.1333
0.2333
0.0667
0.2000
0.1333
0.1000
0.1000
0.0333
0.1667
0.3000

dist_matrix:
0.0000 0.4374 0.4915 0.2868 0.5136 0.2357 0.5680 0.4295 0.4682 0.4674 0.5838 0.5130 0.4367 0.6257 0.4299 0.7239 0.1301 0.2183 0.4151 0.6868 0.3539
0.4431 0.0000 0.5491 0.2537 0.4112 0.4932 0.5893 0.4355 0.3416 0.3463 0.4573 0.3594 0.5669 0.4652 0.4820 0.6179 0.4348 0.3796 0.2516 0.2870 0.6487
0.5902 0.3427 0.0000 0.4499 0.6691 0.3957 0.3282 0.3586 0.2662 0.3230 0.5308 0.3755 0.3817 0.4498 0.3862 0.4816 0.3253 0.3224 0.3929 0.4145 0.5964
0.2846 0.2494 0.4151 0.0000 0.4319 0.5374 0.3037 0.2412 0.5861 0.2022 0.1540 0.4881 0.2985 0.4881 0.4849 0.4448 0.1437 0.3542 0.3803 0.3845 0.2463
0.3478 0.5919 0.3482 0.5532 0.0000 0.3333 0.2825 0.5468 0.3199 0.5613 0.3933 0.4728 0.4035 0.3932 0.3405 0.4197 0.3651 0.1703 0.3291 0.4832 0.5321
0.3239 0.4615 0.2681 0.5479 0.3264 0.0000 0.1884 0.2848 0.2938 0.3870 0.6672 0.2790 0.3755 0.4399 0.3127 0.6120 0.5469 0.3049 0.2488 0.2025 0.2762
0.2224 0.4217 0.4714 0.3310 0.3895 0.1858 0.0000 0.2867 0.1705 0.5183 0.3476 0.4277 0.3353 0.3120 0.1380 0.6705 0.2059 0.0875 0.2314 0.3624 0.1337
0.4582 0.4399 0.4584 0.3451 0.5586 0.3298 0.2612 0.0000 0.5104 0.7905 0.4508 0.5874 0.4028 0.5767 0.2702 0.4807 0.4501 0.5358 0.5233 0.4156 0.3877
0.2913 0.4650 0.5422 0.5040 0.4152 0.4564 0.1877 0.4150 0.0000 0.2617 0.3139 0.4601 0.3289 0.3080 0.1846 0.5913 0.1265 0.2027 0.4197 0.1887 0.2057
0.4213 0.4543 0.2435 0.4781 0.7057 0.6229 0.5011 0.3721 0.2906 0.0000 0.3094 0.5576 0.1110 0.4702 0.3754 0.6770 0.2599 0.4985 0.4287 0.3922 0.4163
0.3573 0.5003 0.3404 0.2599 0.3900 0.2201 0.3625 0.2653 0.3120 0.2861 0.0000 0.2182 0.3669 0.2909 0.4165 0.4495 0.3723 0.4333 0.3701 0.5634 0.4691
0.4162 0.3365 0.4810 0.4901 0.4497 0.3063 0.3254 0.4487 0.4120 0.4442 0.1464 0.0000 0.2911 0.5923 0.3407 0.2779 0.3631 0.3948 0.3781 0.3098 0.4808
0.5837 0.6168 0.3846 0.3684 0.5012 0.3692 0.5255 0.6741 0.4733 0.5188 0.3894 0.3510 0.0000 0.4600 0.2560 0.2300 0.6627 0.3654 0.3431 0.4642 0.3607
0.3493 0.4533 0.6339 0.3546 0.3027 0.2891 0.6000 0.5941 0.6332 0.5831 0.3796 0.4786 0.3952 0.0000 0.4911 0.1759 0.7652 0.3773 0.2815 0.5831 0.5956
0.2710 0.4171 0.4363 0.4046 0.3365 0.5701 0.3243 0.2756 0.2115 0.4004 0.3527 0.3137 0.2235 0.4879 0.0000 0.3608 0.2382 0.4024 0.3108 0.3138 0.3703
0.6873 0.3630 0.4026 0.2099 0.4463 0.3831 0.7202 0.3901 0.3432 0.5038 0.5182 0.4449 0.2331 0.1714 0.2360 0.0000 0.6168 0.2687 0.3368 0.3697 0.5605
0.1998 0.4011 0.4579 0.1606 0.3153 0.2086 0.2952 0.3276 0.2401 0.2856 0.2729 0.2787 0.4453 0.7891 0.2497 0.5012 0.0000 0.2488 0.4578 0.3777 0.3960
0.2185 0.4487 0.2624 0.3055 0.1571 0.1816 0.2655 0.5694 0.1580 0.4037 0.1402 0.3615 0.6003 0.4726 0.4458 0.1875 0.2484 0.0000 0.2908 0.4036 0.4089
0.4405 0.3483 0.4644 0.1631 0.2641 0.2789 0.2418 0.2289 0.3962 0.3486 0.1686 0.4531 0.6414 0.2803 0.3427 0.1892 0.5296 0.5097 0.0000 0.3090 0.3434
0.7080 0.5662 0.3668 0.1780 0.4101 0.1843 0.3232 0.1997 0.1845 0.5998 0.5597 0.3151 0.4185 0.6612 0.3627 0.3804 0.4216 0.2335 0.4658 0.0000 0.2861
0.4053 0.4039 0.4517 0.3976 0.4910 0.3233 0.1012 0.2911 0.4563 0.3395 0.5439 0.3408 0.3646 0.4102 0.4767 0.4958 0.3524 0.2071 0.2886 0.3963 0.0000
