min_dist:
0.0000 0.3200 0.4100 0.4000 0.3200 0.2900 0.4000 0.4200 0.3600 0.2600 0.2400 0.4400 0.3400 0.0800 0.2000 0.3400 0.2600 0.2600 0.1500 0.3200 0.2600
0.3200 0.0000 0.2800 0.3000 0.2600 0.1400 0.2400 0.2200 0.4300 0.1700 0.3200 0.2600 0.3100 0.3400 0.2200 0.2000 0.4800 0.2800 0.3100 0.1600 0.2000
0.4100 0.2800 0.0000 0.3600 0.3900 0.3100 0.3800 0.3600 0.3800 0.2800 0.2800 0.3000 0.1800 0.3600 0.2400 0.4800 0.4200 0.4500 0.4200 0.1200 0.3300
0.4000 0.3000 0.3600 0.0000 0.2700 0.1900 0.3000 0.3200 0.2200 0.1600 0.3600 0.4200 0.3000 0.3200 0.2000 0.2600 0.4200 0.1800 0.3000 0.2400 0.3000
0.3200 0.2600 0.3900 0.2700 0.0000 0.1400 0.1800 0.1600 0.2200 0.1100 0.1800 0.2400 0.2500 0.3200 0.3000 0.2600 0.4200 0.1800 0.2500 0.2700 0.0600
0.2900 0.1400 0.3100 0.1900 0.1400 0.0000 0.2800 0.2600 0.2900 0.0300 0.2700 0.2900 0.1700 0.2400 0.3100 0.3400 0.4000 0.3200 0.1700 0.1900 0.2000
0.4000 0.2400 0.3800 0.3000 0.1800 0.2800 0.0000 0.0200 0.4000 0.2900 0.2400 0.2200 0.3400 0.3200 0.2000 0.2000 0.2400 0.2800 0.3900 0.3200 0.2400
0.4200 0.2200 0.3600 0.3200 0.1600 0.2600 0.0200 0.0000 0.3800 0.2700 0.2200 0.2400 0.3200 0.3400 0.2200 0.2200 0.2600 0.2600 0.4100 0.3400 0.2200
0.3600 0.4300 0.3800 0.2200 0.2200 0.2900 0.4000 0.3800 0.0000 0.3200 0.3000 0.3200 0.2000 0.2800 0.4000 0.4300 0.2000 0.4000 0.3200 0.3000 0.2800
0.2600 0.1700 0.2800 0.1600 0.1100 0.0300 0.2900 0.2700 0.3200 0.0000 0.2400 0.2600 0.1400 0.2100 0.2800 0.3700 0.3800 0.2900 0.1400 0.1600 0.1700
0.2400 0.3200 0.2800 0.3600 0.1800 0.2700 0.2400 0.2200 0.3000 0.2400 0.0000 0.2200 0.1000 0.2800 0.1600 0.3400 0.3300 0.3600 0.3500 0.2800 0.2400
0.4400 0.2600 0.3000 0.4200 0.2400 0.2900 0.2200 0.2400 0.3200 0.2600 0.2200 0.0000 0.1200 0.4000 0.2800 0.3600 0.2800 0.2800 0.4000 0.2800 0.1800
0.3400 0.3100 0.1800 0.3000 0.2500 0.1700 0.3400 0.3200 0.2000 0.1400 0.1000 0.1200 0.0000 0.3500 0.2600 0.4200 0.2400 0.3400 0.2800 0.3000 0.2200
0.0800 0.3400 0.3600 0.3200 0.3200 0.2400 0.3200 0.3400 0.2800 0.2100 0.2800 0.4000 0.3500 0.0000 0.1200 0.3400 0.2100 0.2600 0.0700 0.2400 0.2900
0.2000 0.2200 0.2400 0.2000 0.3000 0.3100 0.2000 0.2200 0.4000 0.2800 0.1600 0.2800 0.2600 0.1200 0.0000 0.4000 0.3300 0.3800 0.1900 0.1200 0.3300
0.3400 0.2000 0.4800 0.2600 0.2600 0.3400 0.2000 0.2200 0.4300 0.3700 0.3400 0.3600 0.4200 0.3400 0.4000 0.0000 0.4200 0.0800 0.4100 0.3600 0.2000
0.2600 0.4800 0.4200 0.4200 0.4200 0.4000 0.2400 0.2600 0.2000 0.3800 0.3300 0.2800 0.2400 0.2100 0.3300 0.4200 0.0000 0.4700 0.2600 0.4500 0.4600
0.2600 0.2800 0.4500 0.1800 0.1800 0.3200 0.2800 0.2600 0.4000 0.2900 0.3600 0.2800 0.3400 0.2600 0.3800 0.0800 0.4700 0.0000 0.3300 0.3300 0.1200
0.1500 0.3100 0.4200 0.3000 0.2500 0.1700 0.3900 0.4100 0.3200 0.1400 0.3500 0.4000 0.2800 0.0700 0.1900 0.4100 0.2600 0.3300 0.0000 0.3000 0.2600
0.3200 0.1600 0.1200 0.2400 0.2700 0.1900 0.3200 0.3400 0.3000 0.1600 0.2800 0.2800 0.3000 0.2400 0.1200 0.3600 0.4500 0.3300 0.3000 0.0000 0.2100
0.2600 0.2000 0.3300 0.3000 0.0600 0.2000 0.2400 0.2200 0.2800 0.1700 0.2400 0.1800 0.2200 0.2900 0.3300 0.2000 0.4600 0.1200 0.2600 0.2100 0.0000

max_dist:
0.0000 0.3400 0.5400 0.6700 0.6000 0.6700 0.7000 0.6700 0.6200 0.5800 0.3100 0.5000 0.5500 0.1200 0.5400 0.6600 0.5700 0.3800 0.5000 0.5600 0.5200
0.3400 0.0000 0.4200 0.5800 0.5600 0.5000 0.3600 0.4200 0.8600 0.6400 0.5800 0.4000 0.7500 0.4600 0.8200 0.5700 0.7400 0.6900 0.5400 0.2200 0.4600
0.5400 0.4200 0.0000 0.5600 0.6800 0.5700 0.6200 0.6500 0.6600 0.7400 0.5600 0.5600 0.5300 0.6500 0.4900 0.5600 0.7000 0.7400 0.6000 0.2000 0.6800
0.6700 0.5800 0.5600 0.0000 0.7100 0.4900 0.6400 0.5100 0.4400 0.8000 0.5500 0.8000 0.7600 0.5500 0.8000 0.4300 0.9600 0.5400 0.5100 0.3600 0.4200
0.6000 0.5600 0.6800 0.7100 0.0000 0.7600 0.7900 0.2000 0.7800 0.5000 0.3000 0.5600 0.5300 0.4800 0.6200 0.6400 0.6200 0.6000 0.5700 0.4800 0.3700
0.6700 0.5000 0.5700 0.4900 0.7600 0.0000 0.4800 0.5600 0.7100 0.6500 0.7200 0.5000 0.3900 0.5500 0.5200 0.7300 0.5400 0.8700 0.4800 0.6400 0.7600
0.7000 0.3600 0.6200 0.6400 0.7900 0.4800 0.0000 0.7800 0.5000 0.5600 0.7400 0.7600 0.6500 0.6600 0.4600 0.4600 0.5000 0.5800 0.6000 0.4800 0.6100
0.6700 0.4200 0.6500 0.5100 0.2000 0.5600 0.7800 0.0000 0.5800 0.5900 0.3800 0.5800 0.4400 0.5900 0.4200 0.7600 0.7000 0.8000 0.6800 0.6400 0.5700
0.6200 0.8600 0.6600 0.4400 0.7800 0.7100 0.5000 0.5800 0.0000 0.6600 0.9300 0.8100 0.4800 0.5000 0.6800 0.5400 0.6700 0.7200 0.3800 0.7400 0.5500
0.5800 0.6400 0.7400 0.8000 0.5000 0.6500 0.5600 0.5900 0.6600 0.0000 0.3600 0.4700 0.3800 0.4600 0.6900 0.7600 0.7600 0.4800 0.5000 0.7200 0.6600
0.3100 0.5800 0.5600 0.5500 0.3000 0.7200 0.7400 0.3800 0.9300 0.3600 0.0000 0.6000 0.4800 0.4300 0.5400 0.5000 0.5300 0.6400 0.8100 0.4600 0.6700
0.5000 0.4000 0.5600 0.8000 0.5600 0.5000 0.7600 0.5800 0.8100 0.4700 0.6000 0.0000 0.8500 0.6200 0.4500 0.6100 0.3700 0.5000 0.4700 0.6200 0.6600
0.5500 0.7500 0.5300 0.7600 0.5300 0.3900 0.6500 0.4400 0.4800 0.3800 0.4800 0.8500 0.0000 0.4300 0.6400 0.5600 0.5400 0.6800 0.5800 0.7300 0.8300
0.1200 0.4600 0.6500 0.5500 0.4800 0.5500 0.6600 0.5900 0.5000 0.4600 0.4300 0.6200 0.4300 0.0000 0.6600 0.7800 0.6900 0.5000 0.4600 0.6800 0.6400
0.5400 0.8200 0.4900 0.8000 0.6200 0.5200 0.4600 0.4200 0.6800 0.6900 0.5400 0.4500 0.6400 0.6600 0.0000 0.9000 0.4700 0.6200 0.6800 0.6900 0.7200
0.6600 0.5700 0.5600 0.4300 0.6400 0.7300 0.4600 0.7600 0.5400 0.7600 0.5000 0.6100 0.5600 0.7800 0.9000 0.0000 0.7800 0.2800 0.6000 0.6000 0.5100
0.5700 0.7400 0.7000 0.9600 0.6200 0.5400 0.5000 0.7000 0.6700 0.7600 0.5300 0.3700 0.5400 0.6900 0.4700 0.7800 0.0000 0.8200 0.6000 0.8200 0.6000
0.3800 0.6900 0.7400 0.5400 0.6000 0.8700 0.5800 0.8000 0.7200 0.4800 0.6400 0.5000 0.6800 0.5000 0.6200 0.2800 0.8200 0.0000 0.5700 0.5600 0.2300
0.5000 0.5400 0.6000 0.5100 0.5700 0.4800 0.6000 0.6800 0.3800 0.5000 0.8100 0.4700 0.5800 0.4600 0.6800 0.6000 0.6000 0.5700 0.0000 0.4000 0.3400
0.5600 0.2200 0.2000 0.3600 0.4800 0.6400 0.4800 0.6400 0.7400 0.7200 0.4600 0.6200 0.7300 0.6800 0.6900 0.6000 0.8200 0.5600 0.4000 0.0000 0.6800
0.5200 0.4600 0.6800 0.4200 0.3700 0.7600 0.6100 0.5700 0.5500 0.6600 0.6700 0.6600 0.8300 0.6400 0.7200 0.5100 0.6000 0.2300 0.3400 0.6800 0.0000

--- Contains 5 samples ---

--- Sample 1 ---
node_demand:
0.3000
0.1333
0.2000
0.1000
0.0667
0.2667
0.2000
0.1000
0.0333
0.2333
0.2667
0.1333
0.1000
0.2000
0.2333
0.0667
0.0333
0.3000
0.0333
0.1667

dist_matrix:
0.0000 0.3339 0.4407 0.5107 0.5522 0.3606 0.5523 0.5892 0.5106 0.5684 0.2807 0.4648 0.4148 0.0835 0.2007 0.4098 0.3300 0.3646 0.3927 0.5106 0.2918
0.3382 0.0000 0.2887 0.3965 0.4961 0.4527 0.3033 0.3657 0.7226 0.5948 0.5531 0.3863 0.6525 0.4579 0.2757 0.2718 0.6328 0.2868 0.4678 0.2049 0.3000
0.4897 0.3476 0.0000 0.4166 0.4321 0.4636 0.5047 0.5188 0.5060 0.4866 0.3600 0.3136 0.2832 0.6288 0.3235 0.4954 0.5698 0.7246 0.5571 0.1769 0.5772
0.5270 0.5090 0.4109 0.0000 0.5371 0.4393 0.6137 0.4178 0.2838 0.3919 0.3872 0.5386 0.5019 0.4156 0.4024 0.4006 0.4238 0.4816 0.3406 0.2864 0.3814
0.4270 0.4782 0.4339 0.3803 0.0000 0.3598 0.3237 0.1768 0.6962 0.4373 0.2704 0.4189 0.3297 0.3245 0.5851 0.4323 0.5525 0.2955 0.5333 0.2849 0.2230
0.4530 0.3387 0.5519 0.4730 0.6956 0.0000 0.3127 0.5026 0.5974 0.1537 0.4011 0.3863 0.1841 0.2510 0.5003 0.5523 0.4128 0.6789 0.2499 0.2742 0.4450
0.6746 0.2825 0.5333 0.3989 0.2355 0.3849 0.0000 0.2912 0.4301 0.3271 0.6064 0.5817 0.3785 0.5994 0.2344 0.3678 0.4954 0.5669 0.4996 0.3498 0.5202
0.5608 0.3104 0.4585 0.4223 0.1933 0.4790 0.2103 0.0000 0.5717 0.4361 0.3152 0.5194 0.4284 0.4831 0.3901 0.3123 0.6271 0.6891 0.4750 0.5754 0.2782
0.3724 0.8456 0.5850 0.3402 0.5370 0.3499 0.4663 0.4129 0.0000 0.3936 0.9082 0.3899 0.3409 0.4690 0.6609 0.4462 0.6547 0.7057 0.3616 0.4171 0.2940
0.3597 0.4109 0.6854 0.7062 0.2855 0.6349 0.3622 0.4491 0.6339 0.0000 0.2455 0.3961 0.3417 0.3584 0.4196 0.7573 0.7264 0.4602 0.4209 0.5369 0.5683
0.2663 0.4488 0.3390 0.3625 0.2035 0.6344 0.7073 0.2305 0.5286 0.3125 0.0000 0.2750 0.3216 0.4173 0.2024 0.3415 0.5164 0.4355 0.5498 0.3268 0.5045
0.4492 0.3455 0.3589 0.4215 0.5450 0.4116 0.4497 0.4197 0.4966 0.4347 0.4721 0.0000 0.3285 0.4010 0.2859 0.5311 0.2927 0.4473 0.4239 0.3221 0.3616
0.4946 0.4936 0.4501 0.5943 0.3452 0.3899 0.4231 0.3611 0.3099 0.1646 0.1691 0.6980 0.0000 0.4148 0.5222 0.5258 0.3714 0.4299 0.4351 0.3562 0.8020
0.1055 0.3910 0.5907 0.4637 0.4477 0.3909 0.4464 0.4222 0.3556 0.2601 0.3394 0.4378 0.4024 0.0000 0.6488 0.3828 0.3562 0.3893 0.0769 0.5980 0.4339
0.2490 0.7231 0.2712 0.6379 0.4192 0.4336 0.2303 0.3148 0.4027 0.6010 0.2993 0.3587 0.5942 0.5044 0.0000 0.6994 0.4279 0.5104 0.4789 0.2276 0.4276
0.5300 0.2887 0.5044 0.3429 0.3581 0.6564 0.4104 0.4999 0.4408 0.4477 0.4353 0.5280 0.5081 0.7298 0.4510 0.0000 0.4956 0.0835 0.5818 0.5166 0.2440
0.3041 0.5358 0.5437 0.7319 0.5165 0.4108 0.2685 0.5540 0.6593 0.7155 0.4162 0.3654 0.2875 0.2254 0.4159 0.6169 0.0000 0.4767 0.4871 0.4656 0.5268
0.3551 0.3846 0.5924 0.2493 0.4636 0.4640 0.4035 0.6911 0.5891 0.3643 0.4621 0.3693 0.6616 0.4132 0.5913 0.1835 0.6131 0.0000 0.5289 0.3704 0.2174
0.2076 0.4874 0.4828 0.3690 0.5212 0.3682 0.4165 0.6074 0.3588 0.4426 0.7632 0.4457 0.3385 0.3533 0.2214 0.5875 0.3769 0.4280 0.0000 0.3594 0.2727
0.4490 0.2196 0.1733 0.2437 0.3915 0.2889 0.4008 0.3441 0.5359 0.3622 0.2982 0.4286 0.3557 0.3104 0.4423 0.4663 0.7667 0.5011 0.3954 0.0000 0.6463
0.4576 0.2681 0.5076 0.3069 0.1689 0.7288 0.2469 0.3284 0.3763 0.6225 0.4638 0.4882 0.4229 0.4107 0.4067 0.4539 0.5354 0.1571 0.3203 0.5005 0.0000

--- Sample 2 ---
node_demand:
0.3000
0.1333
0.2000
0.1000
0.0667
0.2667
0.2000
0.1000
0.0333
0.2333
0.2667
0.1333
0.1000
0.2000
0.2333
0.0667
0.0333
0.3000
0.0333
0.1667

dist_matrix:
0.0000 0.3226 0.5302 0.5613 0.4739 0.4262 0.5530 0.6695 0.5869 0.5377 0.2940 0.4533 0.3953 0.1158 0.2006 0.3992 0.4507 0.3318 0.3734 0.3296 0.5096
0.3330 0.0000 0.3961 0.3164 0.4283 0.2037 0.3011 0.3715 0.6178 0.5765 0.4362 0.2793 0.4819 0.3746 0.6757 0.2406 0.7399 0.3816 0.3882 0.2101 0.2188
0.4945 0.2851 0.0000 0.4598 0.6703 0.4157 0.4098 0.5097 0.5847 0.5001 0.4357 0.4999 0.1955 0.4125 0.4035 0.4916 0.4289 0.7380 0.5787 0.1491 0.6712
0.4613 0.4016 0.3968 0.0000 0.5145 0.4484 0.3545 0.4357 0.4236 0.7891 0.4991 0.6369 0.6537 0.4150 0.6098 0.3688 0.5272 0.3552 0.3148 0.2680 0.3634
0.3682 0.5462 0.5176 0.6003 0.0000 0.5408 0.5189 0.1729 0.4172 0.2963 0.2934 0.4169 0.5029 0.3738 0.4046 0.2824 0.6086 0.2430 0.3887 0.4069 0.1381
0.5413 0.3334 0.4825 0.4235 0.4365 0.0000 0.3918 0.5413 0.5456 0.2129 0.4573 0.3770 0.2098 0.3312 0.4028 0.6359 0.5159 0.4479 0.1876 0.3241 0.5376
0.5343 0.2482 0.4372 0.4961 0.4927 0.4670 0.0000 0.2379 0.4290 0.5382 0.4978 0.4313 0.6274 0.3704 0.3266 0.4580 0.2749 0.5699 0.5598 0.4284 0.2829
0.6424 0.2483 0.5281 0.4176 0.1746 0.5270 0.6152 0.0000 0.4595 0.3306 0.2393 0.4855 0.4052 0.4249 0.3055 0.5439 0.5717 0.6967 0.5327 0.4144 0.2448
0.4388 0.6332 0.5146 0.3150 0.2948 0.3059 0.4469 0.4775 0.0000 0.3332 0.3952 0.6161 0.3409 0.4354 0.5813 0.4675 0.6196 0.5234 0.3579 0.4115 0.2869
0.5282 0.3712 0.5378 0.7451 0.3653 0.1496 0.3141 0.3773 0.6191 0.0000 0.2511 0.3002 0.2990 0.2700 0.3224 0.6109 0.4806 0.3347 0.1913 0.4047 0.3231
0.2865 0.3618 0.3239 0.4653 0.2318 0.4116 0.6091 0.3236 0.8860 0.3222 0.0000 0.2370 0.3217 0.3423 0.4112 0.3794 0.4824 0.6106 0.3586 0.2986 0.3232
0.4718 0.3826 0.5011 0.5843 0.3223 0.4108 0.2337 0.4176 0.5517 0.4203 0.5367 0.0000 0.2605 0.5793 0.3880 0.5778 0.3642 0.4661 0.4343 0.3975 0.5090
0.4235 0.6461 0.2992 0.3827 0.4324 0.2118 0.3970 0.3941 0.4221 0.1718 0.2443 0.6929 0.0000 0.3687 0.5487 0.4209 0.3191 0.3556 0.5579 0.5338 0.2713
0.1198 0.3810 0.5705 0.4919 0.4057 0.4408 0.5471 0.3952 0.4243 0.3750 0.3965 0.4307 0.3665 0.0000 0.1718 0.7530 0.4401 0.4082 0.2800 0.5691 0.3319
0.2598 0.3846 0.3879 0.4541 0.3087 0.4193 0.3738 0.3853 0.4234 0.6394 0.3092 0.3361 0.2727 0.5828 0.0000 0.7090 0.4186 0.5166 0.2273 0.6094 0.6357
0.3510 0.4815 0.5408 0.3578 0.6298 0.3701 0.3278 0.3795 0.4599 0.5597 0.4870 0.4600 0.5111 0.3785 0.7107 0.0000 0.5579 0.2776 0.4822 0.4476 0.4561
0.4236 0.6984 0.4365 0.6930 0.5109 0.4461 0.3454 0.4936 0.5774 0.7126 0.3688 0.3476 0.4638 0.5325 0.4097 0.4230 0.0000 0.6282 0.5175 0.5982 0.5333
0.3323 0.5552 0.5516 0.4024 0.4610 0.8350 0.4626 0.3313 0.4751 0.4523 0.5869 0.3496 0.6013 0.3303 0.5199 0.2217 0.7195 0.0000 0.5584 0.4467 0.2192
0.4452 0.4414 0.5217 0.3052 0.2630 0.3263 0.4752 0.6040 0.3549 0.1987 0.7211 0.4049 0.3007 0.4379 0.4697 0.5882 0.3337 0.3930 0.0000 0.3741 0.3112
0.4347 0.1640 0.1831 0.3171 0.3888 0.2945 0.4375 0.5238 0.6366 0.2993 0.3063 0.2889 0.4442 0.4531 0.1251 0.3617 0.5086 0.3569 0.3242 0.0000 0.2380
0.2848 0.2870 0.3851 0.3817 0.2472 0.2595 0.5363 0.5371 0.4856 0.2230 0.5063 0.4433 0.8027 0.3291 0.3863 0.3220 0.5024 0.2216 0.3263 0.2159 0.0000

--- Sample 3 ---
node_demand:
0.3000
0.1333
0.2000
0.1000
0.0667
0.2667
0.2000
0.1000
0.0333
0.2333
0.2667
0.1333
0.1000
0.2000
0.2333
0.0667
0.0333
0.3000
0.0333
0.1667

dist_matrix:
0.0000 0.3395 0.4754 0.6469 0.3566 0.3794 0.5972 0.5517 0.4481 0.2886 0.2578 0.4606 0.4398 0.1178 0.4906 0.3814 0.5129 0.2733 0.2320 0.3768 0.4768
0.3262 0.0000 0.3846 0.3730 0.4955 0.4750 0.2516 0.2415 0.5459 0.4582 0.5701 0.3140 0.7178 0.3916 0.2482 0.5445 0.6338 0.4009 0.4848 0.2182 0.2717
0.4184 0.3751 0.0000 0.5056 0.6533 0.4988 0.4080 0.5761 0.5051 0.6243 0.4962 0.3997 0.2442 0.3639 0.3388 0.4831 0.6125 0.4525 0.4368 0.1502 0.5117
0.4373 0.5645 0.3785 0.0000 0.4127 0.4463 0.6364 0.3603 0.3046 0.6528 0.5394 0.6588 0.6435 0.4129 0.2818 0.3887 0.9549 0.2524 0.4179 0.3557 0.4176
0.5813 0.5270 0.4061 0.3839 0.0000 0.2591 0.4134 0.1693 0.6794 0.2280 0.1914 0.3654 0.3009 0.3858 0.3885 0.5814 0.5809 0.4614 0.3648 0.4619 0.3208
0.5726 0.2650 0.3952 0.2584 0.6485 0.0000 0.3476 0.5597 0.6904 0.0498 0.4056 0.4944 0.2526 0.3766 0.3320 0.4888 0.4376 0.5315 0.4555 0.6080 0.4727
0.6625 0.2425 0.4521 0.3574 0.7355 0.3380 0.0000 0.4024 0.4400 0.5442 0.6009 0.6978 0.4417 0.3632 0.4212 0.2161 0.3228 0.2867 0.4687 0.4522 0.5952
0.6621 0.2478 0.3836 0.3852 0.1984 0.2895 0.2021 0.0000 0.4358 0.4306 0.3252 0.3403 0.3621 0.4906 0.2823 0.4738 0.4919 0.7897 0.6124 0.4574 0.3747
0.5900 0.8018 0.5941 0.3559 0.3011 0.6054 0.4864 0.5311 0.0000 0.5945 0.6057 0.8099 0.3155 0.4380 0.5108 0.4698 0.2466 0.5164 0.3544 0.3984 0.4039
0.4432 0.3864 0.5347 0.1737 0.4707 0.4464 0.5576 0.4423 0.5816 0.0000 0.2497 0.3201 0.1879 0.2508 0.3823 0.5943 0.6995 0.3144 0.1826 0.5944 0.6136
0.2771 0.3374 0.5476 0.5132 0.2406 0.7001 0.5964 0.2608 0.5235 0.2885 0.0000 0.3517 0.2334 0.3048 0.3015 0.4705 0.4575 0.5394 0.6587 0.3821 0.6511
0.4547 0.3994 0.5553 0.4461 0.3667 0.4465 0.5136 0.3944 0.5302 0.3544 0.5183 0.0000 0.1297 0.5420 0.3646 0.4586 0.2867 0.4338 0.4125 0.2946 0.3607
0.4636 0.3265 0.2393 0.5126 0.3257 0.2073 0.5148 0.3892 0.3998 0.3555 0.2972 0.5317 0.0000 0.3698 0.4259 0.5140 0.3951 0.4090 0.4433 0.3734 0.4428
0.0962 0.4158 0.4658 0.5106 0.4224 0.2406 0.3929 0.3775 0.4184 0.3634 0.3179 0.5208 0.4063 0.0000 0.3609 0.5341 0.4581 0.4875 0.0986 0.3683 0.3544
0.3896 0.4947 0.4636 0.7231 0.4848 0.4041 0.4015 0.2703 0.6475 0.4576 0.4636 0.4356 0.6013 0.5322 0.0000 0.4312 0.3470 0.4924 0.4273 0.1472 0.3371
0.3749 0.2213 0.4958 0.4087 0.4212 0.5235 0.4096 0.5396 0.4441 0.5617 0.4296 0.5357 0.5579 0.4108 0.5580 0.0000 0.5526 0.0942 0.5293 0.3760 0.4583
0.2769 0.7368 0.4696 0.7517 0.4256 0.5226 0.2964 0.5006 0.3896 0.4870 0.3303 0.3663 0.4535 0.2128 0.3720 0.4766 0.0000 0.7409 0.3357 0.6046 0.5429
0.3613 0.3169 0.5734 0.3863 0.2551 0.5524 0.3163 0.6045 0.6733 0.3188 0.4966 0.3411 0.4911 0.2661 0.5566 0.1649 0.7690 0.0000 0.3953 0.4291 0.1322
0.3395 0.4284 0.4523 0.3900 0.2541 0.1943 0.4298 0.4957 0.3778 0.4260 0.5106 0.4523 0.5361 0.1227 0.5362 0.5536 0.5614 0.4261 0.0000 0.3873 0.2783
0.3373 0.1869 0.1706 0.2947 0.2917 0.2328 0.3787 0.5874 0.5453 0.2902 0.3355 0.4405 0.5515 0.5018 0.2959 0.5145 0.6748 0.3404 0.3801 0.0000 0.6197
0.4170 0.3064 0.5248 0.4102 0.3585 0.3587 0.4640 0.2907 0.3126 0.2969 0.4617 0.4383 0.3812 0.4291 0.5405 0.4544 0.5605 0.1553 0.2624 0.5240 0.0000

--- Sample 4 ---
node_demand:
0.3000
0.1333
0.2000
0.1000
0.0667
0.2667
0.2000
0.1000
0.0333
0.2333
0.2667
0.1333
0.1000
0.2000
0.2333
0.0667
0.0333
0.3000
0.0333
0.1667

dist_matrix:
0.0000 0.3231 0.4524 0.6091 0.3298 0.5117 0.6042 0.6623 0.4781 0.3090 0.2472 0.4937 0.3601 0.0807 0.5059 0.3650 0.4040 0.3577 0.2061 0.3510 0.4737
0.3313 0.0000 0.3792 0.3185 0.5330 0.2676 0.3107 0.3048 0.4805 0.5819 0.4856 0.3285 0.3784 0.3750 0.4577 0.4588 0.5112 0.4638 0.3752 0.2061 0.4159
0.4613 0.4021 0.0000 0.3835 0.6637 0.4031 0.4814 0.3872 0.5854 0.5532 0.5217 0.4005 0.3721 0.4746 0.3254 0.5560 0.4728 0.5714 0.4634 0.1724 0.3411
0.5111 0.4180 0.3663 0.0000 0.5474 0.4006 0.4784 0.3851 0.2321 0.6653 0.5396 0.4971 0.6992 0.3755 0.7836 0.2833 0.4782 0.1895 0.4017 0.3363 0.3677
0.5680 0.4660 0.4446 0.6756 0.0000 0.2506 0.3203 0.1657 0.6737 0.1216 0.2258 0.2752 0.4970 0.4042 0.5939 0.6285 0.5845 0.4192 0.2979 0.2749 0.2405
0.3419 0.2061 0.3195 0.2100 0.4029 0.0000 0.3517 0.3943 0.6196 0.2053 0.5795 0.4096 0.2199 0.3104 0.4463 0.6438 0.5235 0.8085 0.3387 0.3870 0.2422
0.5680 0.2475 0.4514 0.3596 0.5123 0.4738 0.0000 0.0791 0.4420 0.5109 0.4997 0.4247 0.4676 0.4991 0.2028 0.2132 0.3851 0.3719 0.4034 0.4427 0.4154
0.5273 0.3000 0.5966 0.4509 0.1918 0.5285 0.3398 0.0000 0.4070 0.5269 0.3146 0.5607 0.3703 0.5472 0.2730 0.7070 0.2779 0.4086 0.6118 0.5911 0.5144
0.4318 0.8091 0.6049 0.2629 0.6921 0.5866 0.4103 0.3867 0.0000 0.3761 0.7224 0.4915 0.3607 0.4553 0.4550 0.5094 0.4104 0.7175 0.3333 0.3606 0.4918
0.2656 0.2981 0.3398 0.5248 0.3105 0.5207 0.4526 0.2765 0.5857 0.0000 0.3590 0.4249 0.3319 0.3014 0.5132 0.4705 0.4540 0.4065 0.2640 0.2157 0.4685
0.2622 0.4684 0.4029 0.4334 0.2350 0.4776 0.6321 0.3561 0.4744 0.2563 0.0000 0.4729 0.1184 0.3657 0.1725 0.3486 0.3389 0.5852 0.5450 0.3129 0.3587
0.4559 0.2680 0.4615 0.6552 0.4267 0.3534 0.5149 0.4698 0.4950 0.2690 0.2453 0.0000 0.4723 0.5538 0.2976 0.3894 0.3646 0.4248 0.4515 0.5973 0.2440
0.4454 0.4535 0.5218 0.4697 0.3668 0.3700 0.6008 0.4296 0.2488 0.3396 0.3410 0.7101 0.0000 0.3517 0.3704 0.5235 0.3954 0.4817 0.4396 0.5394 0.7978
0.0906 0.3714 0.5350 0.4422 0.4572 0.3450 0.3386 0.5596 0.3071 0.3401 0.3229 0.4349 0.4240 0.0000 0.3812 0.6578 0.3673 0.4880 0.4597 0.2488 0.5330
0.2694 0.6989 0.4497 0.5035 0.4812 0.4242 0.4599 0.3272 0.4614 0.6496 0.2156 0.3756 0.3502 0.3246 0.0000 0.5720 0.3342 0.5796 0.2978 0.2809 0.4805
0.5130 0.5658 0.5338 0.3019 0.6079 0.5439 0.4072 0.4856 0.4900 0.5363 0.4226 0.6066 0.4598 0.5595 0.6488 0.0000 0.5128 0.2295 0.4552 0.5780 0.3533
0.4439 0.5623 0.6576 0.5524 0.5136 0.5228 0.4335 0.6567 0.5478 0.7469 0.3663 0.3235 0.4459 0.3784 0.4145 0.4914 0.0000 0.6296 0.4687 0.6355 0.5896
0.2668 0.3545 0.6410 0.5066 0.3237 0.6339 0.3182 0.4317 0.5249 0.3379 0.5734 0.4164 0.5199 0.3646 0.4116 0.1177 0.7624 0.0000 0.3356 0.4150 0.2056
0.3025 0.4663 0.5976 0.3879 0.4896 0.2753 0.4539 0.5936 0.3625 0.4862 0.7867 0.4624 0.5133 0.4488 0.5169 0.4565 0.3239 0.4033 0.0000 0.3178 0.3315
0.3419 0.1739 0.1810 0.2639 0.3322 0.4040 0.4354 0.5217 0.7171 0.5280 0.2962 0.3362 0.6013 0.6159 0.3510 0.4822 0.6109 0.5312 0.3726 0.0000 0.3286
0.2786 0.4478 0.6195 0.3602 0.2453 0.7520 0.4652 0.2256 0.4417 0.5484 0.6165 0.5816 0.5700 0.4993 0.4889 0.5093 0.5269 0.2084 0.2792 0.6177 0.0000

--- Sample 5 ---
node_demand:
0.3000
0.1333
0.2000
0.1000
0.0667
0.2667
0.2000
0.1000
0.0333
0.2333
0.2667
0.1333
0.1000
0.2000
0.2333
0.0667
0.0333
0.3000
0.0333
0.1667

dist_matrix:
0.0000 0.3360 0.4812 0.4301 0.4893 0.5423 0.5640 0.5213 0.5197 0.5261 0.2951 0.4665 0.4689 0.0942 0.4130 0.3905 0.3475 0.3324 0.3907 0.4895 0.2648
0.3364 0.0000 0.2996 0.3419 0.3841 0.4839 0.2996 0.4150 0.4887 0.6172 0.5405 0.3886 0.3865 0.4479 0.6961 0.3113 0.5033 0.3414 0.4975 0.1903 0.4281
0.5258 0.3346 0.0000 0.5499 0.6468 0.4240 0.4571 0.5759 0.4574 0.5799 0.5495 0.3255 0.2915 0.5969 0.3250 0.5548 0.5406 0.6450 0.4828 0.1947 0.5202
0.5103 0.4348 0.5275 0.0000 0.3446 0.3532 0.3056 0.3408 0.3910 0.3291 0.5097 0.6963 0.4697 0.4345 0.4530 0.4288 0.4658 0.3903 0.4496 0.2676 0.3595
0.3359 0.3906 0.4670 0.4407 0.0000 0.2798 0.5550 0.1775 0.4570 0.3628 0.2447 0.4522 0.3431 0.3937 0.3968 0.3310 0.4285 0.4755 0.5406 0.3157 0.2062
0.3206 0.1401 0.5241 0.3231 0.4464 0.0000 0.4792 0.5336 0.5315 0.6329 0.4736 0.4280 0.3130 0.4958 0.3406 0.6927 0.5349 0.6153 0.1868 0.4898 0.6150
0.6545 0.2638 0.5772 0.3948 0.3222 0.3856 0.0000 0.3405 0.4658 0.4270 0.6549 0.3428 0.4060 0.3297 0.3392 0.3763 0.4804 0.5375 0.4808 0.3249 0.5812
0.5084 0.3569 0.4929 0.3563 0.1967 0.5260 0.6962 0.0000 0.5742 0.4312 0.3649 0.4358 0.4199 0.4262 0.3469 0.3013 0.4969 0.7564 0.5947 0.3980 0.2442
0.3687 0.8141 0.5675 0.2244 0.4295 0.6110 0.4630 0.5339 0.0000 0.6398 0.7694 0.4881 0.3240 0.3797 0.6562 0.4622 0.2016 0.4136 0.3632 0.5600 0.3070
0.4178 0.6147 0.6500 0.2512 0.2670 0.4031 0.3450 0.5680 0.4855 0.0000 0.2450 0.2774 0.2187 0.3206 0.6287 0.6993 0.6589 0.2935 0.2684 0.2945 0.4742
0.2785 0.4540 0.5491 0.5226 0.1914 0.5883 0.2788 0.2655 0.3457 0.3309 0.0000 0.4768 0.1916 0.4276 0.4218 0.4863 0.5218 0.5275 0.6580 0.3019 0.6636
0.4840 0.3756 0.4986 0.5779 0.3189 0.3508 0.7547 0.3976 0.7747 0.3433 0.2562 0.0000 0.4306 0.4629 0.2847 0.3991 0.3519 0.4493 0.4511 0.4548 0.3444
0.3936 0.3134 0.2068 0.7439 0.3305 0.2611 0.3846 0.4341 0.3256 0.3300 0.3521 0.1972 0.0000 0.3804 0.4925 0.5096 0.4057 0.4962 0.5232 0.4840 0.4184
0.1024 0.4364 0.6327 0.5419 0.4327 0.4887 0.3500 0.5744 0.3391 0.4301 0.2995 0.6114 0.3546 0.0000 0.2180 0.5496 0.3697 0.3278 0.2411 0.4580 0.6052
0.3631 0.3088 0.4766 0.2911 0.5332 0.5019 0.3915 0.4163 0.6114 0.3672 0.4030 0.3305 0.4659 0.6360 0.0000 0.6437 0.4419 0.6077 0.5154 0.6762 0.6383
0.6059 0.4118 0.4901 0.3225 0.2694 0.4334 0.4585 0.5004 0.4480 0.6955 0.3864 0.4211 0.5402 0.4894 0.5881 0.0000 0.5898 0.1545 0.4569 0.4727 0.2074
0.3214 0.6989 0.5994 0.6869 0.5046 0.4165 0.3056 0.2723 0.4466 0.6492 0.5100 0.3590 0.3914 0.3662 0.3788 0.7103 0.0000 0.5979 0.2934 0.4985 0.5360
0.3660 0.6175 0.5012 0.2563 0.2532 0.5656 0.3585 0.5246 0.5019 0.4752 0.5415 0.4638 0.4459 0.4622 0.4982 0.1415 0.5842 0.0000 0.4120 0.5350 0.1233
0.3681 0.3536 0.5704 0.4168 0.2878 0.3307 0.4694 0.5265 0.3502 0.3585 0.4991 0.4116 0.3194 0.3510 0.4782 0.5227 0.4231 0.3749 0.0000 0.3726 0.3026
0.3762 0.1900 0.1656 0.2740 0.2964 0.4446 0.4045 0.5419 0.5030 0.6317 0.3528 0.3754 0.6901 0.3924 0.2064 0.4775 0.5444 0.3508 0.3750 0.0000 0.6076
0.2894 0.4165 0.4247 0.3939 0.1588 0.2273 0.3199 0.2910 0.3504 0.4552 0.5825 0.4688 0.2873 0.5330 0.5147 0.3946 0.4675 0.1219 0.2606 0.3461 0.0000
