min_dist:
0.0000 0.3000 0.3000 0.1400 0.2000 0.2200 0.2000 0.2400 0.1400 0.2300 0.2800 0.2200 0.3400 0.3600 0.3000 0.0600 0.2500 0.3200 0.1800 0.2200 0.1400
0.3000 0.0000 0.2900 0.3500 0.2500 0.2400 0.1200 0.2000 0.1600 0.2800 0.3100 0.2300 0.4100 0.2100 0.2000 0.3300 0.4700 0.1600 0.3800 0.3500 0.3400
0.3000 0.2900 0.0000 0.2500 0.2300 0.2200 0.3700 0.3500 0.4200 0.4400 0.4600 0.2600 0.1200 0.0800 0.4100 0.2400 0.3400 0.1300 0.2800 0.1700 0.2700
0.1400 0.3500 0.2500 0.0000 0.1000 0.2400 0.3400 0.2800 0.2800 0.3700 0.3000 0.2500 0.2800 0.2200 0.1600 0.0800 0.3400 0.2700 0.3200 0.0800 0.2800
0.2000 0.2500 0.2300 0.1000 0.0000 0.3100 0.3700 0.3800 0.3400 0.3000 0.4000 0.2700 0.3000 0.2800 0.2600 0.1800 0.2400 0.3300 0.3800 0.1000 0.2400
0.2200 0.2400 0.2200 0.2400 0.3100 0.0000 0.2200 0.1400 0.2800 0.4500 0.2800 0.0400 0.2700 0.1400 0.3600 0.1600 0.2800 0.1900 0.1900 0.2100 0.1500
0.2000 0.1200 0.3700 0.3400 0.3700 0.2200 0.0000 0.0800 0.2200 0.4000 0.2200 0.2600 0.3100 0.2900 0.3200 0.2600 0.3600 0.2400 0.2800 0.4000 0.3400
0.2400 0.2000 0.3500 0.2800 0.3800 0.1400 0.0800 0.0000 0.1400 0.3300 0.1400 0.1800 0.2300 0.2800 0.4000 0.2000 0.4200 0.3200 0.2000 0.3500 0.2800
0.1400 0.1600 0.4200 0.2800 0.3400 0.2800 0.2200 0.1400 0.0000 0.3700 0.2800 0.3200 0.3700 0.3700 0.2600 0.2000 0.3900 0.3200 0.3200 0.3200 0.2800
0.2300 0.2800 0.4400 0.3700 0.3000 0.4500 0.4000 0.3300 0.3700 0.0000 0.4400 0.4500 0.4000 0.3600 0.4800 0.2900 0.4000 0.4100 0.3800 0.4000 0.3700
0.2800 0.3100 0.4600 0.3000 0.4000 0.2800 0.2200 0.1400 0.2800 0.4400 0.0000 0.2500 0.3700 0.4200 0.4600 0.2200 0.4900 0.4400 0.3400 0.3800 0.3600
0.2200 0.2300 0.2600 0.2500 0.2700 0.0400 0.2600 0.1800 0.3200 0.4500 0.2500 0.0000 0.2300 0.1800 0.3700 0.2000 0.2400 0.2300 0.1500 0.1700 0.1100
0.3400 0.4100 0.1200 0.2800 0.3000 0.2700 0.3100 0.2300 0.3700 0.4000 0.3700 0.2300 0.0000 0.2000 0.3500 0.3600 0.2200 0.2500 0.1600 0.2000 0.3400
0.3600 0.2100 0.0800 0.2200 0.2800 0.1400 0.2900 0.2800 0.3700 0.3600 0.4200 0.1800 0.2000 0.0000 0.3500 0.3000 0.4200 0.0500 0.3300 0.2500 0.2900
0.3000 0.2000 0.4100 0.1600 0.2600 0.3600 0.3200 0.4000 0.2600 0.4800 0.4600 0.3700 0.3500 0.3500 0.0000 0.2400 0.4400 0.3000 0.2200 0.2400 0.3000
0.0600 0.3300 0.2400 0.0800 0.1800 0.1600 0.2600 0.2000 0.2000 0.2900 0.2200 0.2000 0.3600 0.3000 0.2400 0.0000 0.3100 0.3500 0.2400 0.1600 0.2000
0.2500 0.4700 0.3400 0.3400 0.2400 0.2800 0.3600 0.4200 0.3900 0.4000 0.4900 0.2400 0.2200 0.4200 0.4400 0.3100 0.0000 0.4700 0.3800 0.3400 0.3500
0.3200 0.1600 0.1300 0.2700 0.3300 0.1900 0.2400 0.3200 0.3200 0.4100 0.4400 0.2300 0.2500 0.0500 0.3000 0.3500 0.4700 0.0000 0.3800 0.3000 0.3400
0.1800 0.3800 0.2800 0.3200 0.3800 0.1900 0.2800 0.2000 0.3200 0.3800 0.3400 0.1500 0.1600 0.3300 0.2200 0.2400 0.3800 0.3800 0.0000 0.3200 0.2600
0.2200 0.3500 0.1700 0.0800 0.1000 0.2100 0.4000 0.3500 0.3200 0.4000 0.3800 0.1700 0.2000 0.2500 0.2400 0.1600 0.3400 0.3000 0.3200 0.0000 0.2800
0.1400 0.3400 0.2700 0.2800 0.2400 0.1500 0.3400 0.2800 0.2800 0.3700 0.3600 0.1100 0.3400 0.2900 0.3000 0.2000 0.3500 0.3400 0.2600 0.2800 0.0000

max_dist:
0.0000 0.7400 0.6800 0.6700 0.6500 0.4200 0.6000 0.2800 0.5600 0.4300 0.5800 0.3800 0.5400 0.6100 0.7700 0.5400 0.6900 0.5600 0.3200 0.6400 0.7800
0.7400 0.0000 0.6200 0.7000 0.4600 0.5200 0.5700 0.7400 0.5400 0.3400 0.6000 0.5200 0.5700 0.4900 0.4600 0.5200 0.7400 0.2800 0.8600 0.3700 0.5200
0.6800 0.6200 0.0000 0.4700 0.5200 0.2600 0.5400 0.7600 0.6400 0.6200 0.4800 0.7400 0.6800 0.6600 0.7900 0.5200 0.5400 0.6200 0.5400 0.5200 0.7800
0.6700 0.7000 0.4700 0.0000 0.2400 0.6800 0.7100 0.7900 0.6600 0.7700 0.6300 0.7200 0.7000 0.4800 0.6200 0.5400 0.4400 0.6600 0.6900 0.6700 0.5000
0.6500 0.4600 0.5200 0.2400 0.0000 0.7800 0.7000 0.5700 0.7600 0.6400 0.5600 0.5600 0.5300 0.6400 0.8600 0.4600 0.4800 0.7400 0.4500 0.5800 0.2600
0.4200 0.5200 0.2600 0.6800 0.7800 0.0000 0.5500 0.6900 0.5000 0.6000 0.6400 0.4800 0.6800 0.5400 0.7400 0.6200 0.6400 0.4000 0.5200 0.7800 0.6000
0.6000 0.5700 0.5400 0.7100 0.7000 0.5500 0.0000 0.3200 0.5600 0.5700 0.4600 0.7600 0.4000 0.5300 0.5600 0.7500 0.6100 0.2900 0.5800 0.6000 0.8100
0.2800 0.7400 0.7600 0.7900 0.5700 0.6900 0.3200 0.0000 0.2800 0.7100 0.7800 0.5800 0.5000 0.3800 0.5000 0.4300 0.6400 0.4600 0.2600 0.6200 0.7000
0.5600 0.5400 0.6400 0.6600 0.7600 0.5000 0.5600 0.2800 0.0000 0.7900 0.5300 0.5700 0.7200 0.6600 0.5000 0.6600 0.6400 0.6000 0.5400 0.3400 0.6800
0.4300 0.3400 0.6200 0.7700 0.6400 0.6000 0.5700 0.7100 0.7900 0.0000 0.6800 0.8100 0.6300 0.7100 0.7200 0.3100 0.7900 0.6200 0.6300 0.6600 0.7400
0.5800 0.6000 0.4800 0.6300 0.5600 0.6400 0.4600 0.7800 0.5300 0.6800 0.0000 0.7200 0.7000 0.4400 0.9200 0.6400 0.8600 0.7400 0.8800 0.8200 0.8000
0.3800 0.5200 0.7400 0.7200 0.5600 0.4800 0.7600 0.5800 0.5700 0.8100 0.7200 0.0000 0.6800 0.4700 0.4800 0.7000 0.5000 0.7900 0.4000 0.3300 0.8200
0.5400 0.5700 0.6800 0.7000 0.5300 0.6800 0.4000 0.5000 0.7200 0.6300 0.7000 0.6800 0.0000 0.4700 0.3800 0.8800 0.7400 0.5600 0.7200 0.7100 0.4200
0.6100 0.4900 0.6600 0.4800 0.6400 0.5400 0.5300 0.3800 0.6600 0.7100 0.4400 0.4700 0.4700 0.0000 0.6800 0.4800 0.7200 0.6000 0.5800 0.6000 0.7100
0.7700 0.4600 0.7900 0.6200 0.8600 0.7400 0.5600 0.5000 0.5000 0.7200 0.9200 0.4800 0.3800 0.6800 0.0000 0.5900 0.5200 0.4100 0.4500 0.6200 0.7800
0.5400 0.5200 0.5200 0.5400 0.4600 0.6200 0.7500 0.4300 0.6600 0.3100 0.6400 0.7000 0.8800 0.4800 0.5900 0.0000 0.6900 0.5100 0.6700 0.4200 0.6300
0.6900 0.7400 0.5400 0.4400 0.4800 0.6400 0.6100 0.6400 0.6400 0.7900 0.8600 0.5000 0.7400 0.7200 0.5200 0.6900 0.0000 0.6400 0.5800 0.8300 0.5100
0.5600 0.2800 0.6200 0.6600 0.7400 0.4000 0.2900 0.4600 0.6000 0.6200 0.7400 0.7900 0.5600 0.6000 0.4100 0.5100 0.6400 0.0000 0.7200 0.5800 0.8000
0.3200 0.8600 0.5400 0.6900 0.4500 0.5200 0.5800 0.2600 0.5400 0.6300 0.8800 0.4000 0.7200 0.5800 0.4500 0.6700 0.5800 0.7200 0.0000 0.5400 0.7100
0.6400 0.3700 0.5200 0.6700 0.5800 0.7800 0.6000 0.6200 0.3400 0.6600 0.8200 0.3300 0.7100 0.6000 0.6200 0.4200 0.8300 0.5800 0.5400 0.0000 0.6600
0.7800 0.5200 0.7800 0.5000 0.2600 0.6000 0.8100 0.7000 0.6800 0.7400 0.8000 0.8200 0.4200 0.7100 0.7800 0.6300 0.5100 0.8000 0.7100 0.6600 0.0000

--- Contains 5 samples ---

--- Sample 1 ---
node_demand:
0.0333
0.2333
0.2000
0.0667
0.1000
0.2333
0.2333
0.1000
0.2000
0.1667
0.2000
0.1333
0.3000
0.1000
0.1667
0.2000
0.2000
0.2000
0.1667
0.1667

dist_matrix:
0.0000 0.3836 0.6731 0.2697 0.2693 0.2832 0.4840 0.2747 0.5546 0.2850 0.4999 0.3610 0.4724 0.3942 0.5515 0.4452 0.3477 0.5296 0.2067 0.5064 0.4199
0.3957 0.0000 0.4020 0.4889 0.3136 0.3354 0.4555 0.2109 0.3538 0.3072 0.5867 0.2431 0.4669 0.3723 0.3978 0.4576 0.5849 0.2746 0.7618 0.3531 0.4639
0.5202 0.5769 0.0000 0.2932 0.4054 0.2531 0.4653 0.6849 0.4551 0.5295 0.4698 0.5192 0.2148 0.4745 0.4587 0.4472 0.4417 0.2073 0.2833 0.3637 0.5985
0.6615 0.5366 0.3458 0.0000 0.2369 0.3680 0.3444 0.3936 0.3055 0.3892 0.4702 0.4105 0.6887 0.2793 0.2633 0.4914 0.3453 0.3945 0.5080 0.3616 0.3863
0.3178 0.3906 0.4480 0.1452 0.0000 0.6066 0.6178 0.5508 0.4096 0.3097 0.4493 0.4736 0.4051 0.4809 0.7929 0.2614 0.2746 0.5829 0.4395 0.4208 0.2431
0.2629 0.5001 0.2416 0.3625 0.6884 0.0000 0.2264 0.3569 0.4326 0.4935 0.3614 0.4141 0.3426 0.2093 0.5357 0.1993 0.5924 0.2124 0.4717 0.2240 0.1747
0.2807 0.5478 0.4901 0.5716 0.5996 0.3068 0.0000 0.2031 0.4501 0.4028 0.2471 0.4405 0.3279 0.3481 0.4254 0.4388 0.4489 0.2850 0.4954 0.4039 0.4549
0.2410 0.6444 0.6929 0.3485 0.4304 0.3322 0.1423 0.0000 0.2159 0.5494 0.7634 0.3414 0.4324 0.3120 0.4183 0.2682 0.5332 0.3425 0.2100 0.3870 0.6298
0.2127 0.2956 0.4725 0.4974 0.4292 0.4138 0.3279 0.1705 0.0000 0.6975 0.3205 0.4123 0.6640 0.5102 0.2767 0.3367 0.5849 0.4671 0.4930 0.3321 0.4292
0.2780 0.3161 0.5928 0.6345 0.5583 0.5501 0.4610 0.3924 0.5494 0.0000 0.5788 0.7301 0.5317 0.4282 0.5716 0.3077 0.7885 0.4421 0.6020 0.4548 0.6777
0.3338 0.4234 0.4683 0.6063 0.5300 0.3851 0.4238 0.4757 0.3646 0.4832 0.0000 0.5001 0.4697 0.4330 0.7638 0.3754 0.7116 0.4509 0.7487 0.5209 0.4857
0.2248 0.4945 0.6794 0.6487 0.4476 0.3600 0.2780 0.2362 0.4974 0.5011 0.5339 0.0000 0.2725 0.3968 0.3769 0.2762 0.4775 0.3726 0.1658 0.2729 0.8123
0.4272 0.4520 0.3755 0.5796 0.4028 0.4710 0.3310 0.4936 0.6282 0.5000 0.5770 0.5422 0.0000 0.2184 0.3530 0.6518 0.6977 0.3847 0.5346 0.5813 0.3820
0.5825 0.3132 0.4213 0.3348 0.3258 0.1693 0.4921 0.3626 0.5496 0.6387 0.4215 0.2898 0.3248 0.0000 0.5519 0.3683 0.5120 0.4084 0.5497 0.2853 0.6370
0.6747 0.4520 0.7292 0.4731 0.5808 0.6182 0.4168 0.4053 0.3788 0.5563 0.5444 0.4319 0.3699 0.3636 0.0000 0.2631 0.4524 0.3183 0.2660 0.4988 0.5534
0.4839 0.4753 0.4328 0.3824 0.1950 0.1940 0.5225 0.3255 0.5334 0.2937 0.3335 0.3035 0.8595 0.3570 0.4585 0.0000 0.6875 0.3715 0.4169 0.3088 0.2687
0.4957 0.6591 0.4588 0.4200 0.4489 0.5349 0.3798 0.4675 0.5887 0.4160 0.8085 0.3073 0.5740 0.4426 0.4688 0.4662 0.0000 0.6375 0.5351 0.4993 0.4476
0.3423 0.2072 0.5824 0.5188 0.5540 0.1945 0.2569 0.4517 0.3239 0.4940 0.6177 0.6478 0.5167 0.1179 0.3838 0.4612 0.6237 0.0000 0.7097 0.3325 0.5015
0.2624 0.4619 0.3173 0.4317 0.4272 0.3783 0.3023 0.2110 0.4118 0.4657 0.3675 0.2177 0.3436 0.4034 0.4289 0.5044 0.4443 0.6297 0.0000 0.3348 0.4397
0.2959 0.3584 0.3797 0.3622 0.2911 0.3306 0.5169 0.4653 0.3252 0.4987 0.7710 0.1992 0.3696 0.4463 0.3730 0.3949 0.4994 0.5474 0.3704 0.0000 0.6327
0.3763 0.4476 0.4837 0.3231 0.2528 0.2116 0.4577 0.5204 0.3481 0.6923 0.4573 0.2034 0.3470 0.4110 0.5993 0.4151 0.4258 0.6243 0.3413 0.2999 0.0000

--- Sample 2 ---
node_demand:
0.0333
0.2333
0.2000
0.0667
0.1000
0.2333
0.2333
0.1000
0.2000
0.1667
0.2000
0.1333
0.3000
0.1000
0.1667
0.2000
0.2000
0.2000
0.1667
0.1667

dist_matrix:
0.0000 0.4413 0.3290 0.2452 0.4947 0.3069 0.5003 0.2625 0.3173 0.3257 0.5047 0.2343 0.4159 0.5711 0.4829 0.3982 0.3019 0.5010 0.2725 0.6020 0.3535
0.6571 0.0000 0.3509 0.3654 0.3891 0.2949 0.5069 0.4004 0.4646 0.3195 0.4928 0.4040 0.4531 0.4074 0.3182 0.4947 0.6333 0.2323 0.8326 0.3656 0.3910
0.3938 0.6049 0.0000 0.4565 0.3923 0.2520 0.3753 0.4300 0.6118 0.5955 0.4635 0.3238 0.4083 0.6029 0.5817 0.4887 0.4774 0.5884 0.3904 0.2055 0.3017
0.2114 0.3978 0.2573 0.0000 0.1534 0.4104 0.4572 0.3853 0.5064 0.7532 0.3668 0.4967 0.2995 0.4701 0.2395 0.3236 0.3821 0.3323 0.6357 0.5139 0.4835
0.5509 0.2750 0.4345 0.1929 0.0000 0.4700 0.6025 0.4279 0.6624 0.4456 0.5593 0.3510 0.3900 0.5230 0.6393 0.4569 0.3691 0.4006 0.4070 0.2344 0.2509
0.2957 0.4097 0.2379 0.3269 0.6537 0.0000 0.3389 0.2794 0.4134 0.4994 0.5620 0.4029 0.5902 0.2835 0.5037 0.3731 0.5023 0.3110 0.4529 0.6957 0.2077
0.2237 0.2493 0.3707 0.6023 0.6043 0.4141 0.0000 0.2068 0.5149 0.4401 0.2775 0.6195 0.3708 0.3903 0.3293 0.2925 0.5978 0.2725 0.4360 0.5593 0.4476
0.2488 0.2712 0.5115 0.5605 0.5002 0.5380 0.1336 0.0000 0.2425 0.6463 0.4948 0.3724 0.2439 0.3201 0.4317 0.3090 0.5946 0.3699 0.2146 0.4837 0.5657
0.4600 0.2534 0.4503 0.5147 0.6671 0.3845 0.5449 0.1974 0.0000 0.5309 0.4121 0.3451 0.4246 0.5222 0.3794 0.2441 0.6085 0.3475 0.5209 0.3257 0.6000
0.3953 0.2990 0.4993 0.4611 0.3102 0.5556 0.4963 0.5928 0.5393 0.0000 0.5391 0.5985 0.6118 0.4913 0.5045 0.2973 0.6984 0.5790 0.5129 0.6525 0.6362
0.4991 0.5940 0.4784 0.4533 0.4767 0.4437 0.4380 0.2602 0.4487 0.4884 0.0000 0.4503 0.6326 0.4336 0.6250 0.5234 0.5085 0.6111 0.7468 0.4635 0.6121
0.3459 0.2963 0.6003 0.3287 0.2803 0.2209 0.4371 0.5672 0.4121 0.6333 0.6886 0.0000 0.6691 0.2915 0.4538 0.5181 0.3707 0.2635 0.2267 0.3131 0.6144
0.4649 0.4407 0.5373 0.2840 0.3238 0.6481 0.3384 0.2705 0.5022 0.4040 0.6950 0.6697 0.0000 0.2820 0.3648 0.4636 0.6091 0.4357 0.5656 0.7059 0.3965
0.3955 0.2240 0.2358 0.3192 0.4819 0.4317 0.4179 0.2825 0.6026 0.4113 0.4356 0.3248 0.3449 0.0000 0.6720 0.4329 0.5136 0.1109 0.5740 0.5084 0.3198
0.5080 0.2347 0.7379 0.2680 0.5820 0.4706 0.5157 0.4588 0.4430 0.6157 0.9165 0.3868 0.3568 0.5704 0.0000 0.3600 0.5112 0.3206 0.4341 0.4847 0.6796
0.1386 0.4333 0.5194 0.3145 0.2758 0.5856 0.4626 0.3059 0.3476 0.3042 0.3125 0.4475 0.6485 0.3210 0.5252 0.0000 0.6162 0.4587 0.3948 0.1936 0.6210
0.4761 0.5589 0.4021 0.3424 0.3464 0.5702 0.5342 0.5061 0.6244 0.4672 0.7136 0.4056 0.5324 0.6498 0.4588 0.6423 0.0000 0.6388 0.5603 0.7431 0.3571
0.4814 0.1708 0.6026 0.4924 0.7282 0.3920 0.2776 0.3709 0.4969 0.4784 0.6798 0.2938 0.2985 0.0573 0.3777 0.4397 0.4772 0.0000 0.5951 0.3815 0.6264
0.1957 0.6869 0.4207 0.4763 0.4200 0.4930 0.4592 0.2582 0.4777 0.5125 0.4620 0.2470 0.4111 0.4879 0.3706 0.4828 0.4562 0.6719 0.0000 0.5147 0.4513
0.4471 0.3695 0.1901 0.3583 0.4065 0.2662 0.5314 0.4353 0.3284 0.4089 0.5761 0.2961 0.2855 0.5947 0.5985 0.1905 0.5204 0.4371 0.3671 0.0000 0.4053
0.6874 0.3967 0.7501 0.3876 0.2499 0.3596 0.3832 0.6929 0.4415 0.4097 0.6298 0.1708 0.3468 0.4801 0.6621 0.5380 0.3954 0.3655 0.2979 0.3079 0.0000

--- Sample 3 ---
node_demand:
0.0333
0.2333
0.2000
0.0667
0.1000
0.2333
0.2333
0.1000
0.2000
0.1667
0.2000
0.1333
0.3000
0.1000
0.1667
0.2000
0.2000
0.2000
0.1667
0.1667

dist_matrix:
0.0000 0.6321 0.5588 0.5630 0.3238 0.3467 0.5731 0.2485 0.2050 0.3735 0.4275 0.2278 0.4979 0.5378 0.3364 0.2178 0.6681 0.4459 0.3044 0.3931 0.2806
0.5973 0.0000 0.5624 0.4394 0.3757 0.2618 0.5486 0.4371 0.4048 0.3210 0.4710 0.3168 0.4822 0.4215 0.3549 0.4588 0.5220 0.1816 0.6680 0.3530 0.4136
0.6544 0.3340 0.0000 0.2566 0.2609 0.2224 0.4027 0.7599 0.5010 0.6126 0.4676 0.5579 0.2191 0.6068 0.7683 0.4995 0.4994 0.1385 0.5174 0.2321 0.6273
0.5664 0.6873 0.3008 0.0000 0.2165 0.6621 0.5905 0.7226 0.3331 0.7209 0.3627 0.6005 0.6901 0.3702 0.2821 0.4976 0.3789 0.2755 0.6407 0.5787 0.4940
0.2325 0.3125 0.2785 0.1126 0.0000 0.7601 0.5912 0.3813 0.6144 0.3478 0.4622 0.4385 0.5294 0.4234 0.4716 0.1832 0.3905 0.5643 0.4150 0.1990 0.2474
0.2325 0.4286 0.2493 0.5294 0.4690 0.0000 0.4720 0.2689 0.3375 0.5646 0.5836 0.1431 0.6405 0.3739 0.5941 0.2271 0.6368 0.3122 0.2284 0.6829 0.5482
0.3325 0.4352 0.5029 0.6130 0.4637 0.4262 0.0000 0.1923 0.5197 0.5643 0.4556 0.3541 0.3581 0.3520 0.3253 0.4393 0.4272 0.2509 0.2963 0.4719 0.4133
0.2709 0.4577 0.6985 0.3124 0.4678 0.1768 0.0806 0.0000 0.2718 0.6225 0.6185 0.4849 0.3852 0.2875 0.4464 0.4199 0.5433 0.3380 0.2089 0.5370 0.6217
0.4770 0.4271 0.4756 0.5831 0.6900 0.4735 0.4362 0.2152 0.0000 0.4062 0.5113 0.4739 0.6238 0.5377 0.4422 0.4181 0.5584 0.3826 0.3369 0.3254 0.2960
0.2325 0.3362 0.4836 0.5192 0.4514 0.5304 0.4864 0.3589 0.7356 0.0000 0.6500 0.5532 0.6181 0.5539 0.6858 0.2904 0.6505 0.5287 0.4324 0.4517 0.7321
0.4476 0.4559 0.4756 0.6276 0.4292 0.3350 0.3620 0.3010 0.3775 0.5178 0.0000 0.5162 0.5387 0.4257 0.7654 0.4340 0.8005 0.5677 0.5368 0.6716 0.6628
0.3066 0.4977 0.6575 0.6287 0.4640 0.1189 0.7107 0.5190 0.4862 0.5727 0.6042 0.0000 0.4693 0.4315 0.4598 0.3287 0.3582 0.5422 0.3504 0.2824 0.4515
0.3538 0.4121 0.2661 0.4506 0.3009 0.2740 0.3471 0.2631 0.5037 0.4930 0.3936 0.6463 0.0000 0.4134 0.3749 0.5310 0.2525 0.3798 0.4882 0.3939 0.3974
0.5947 0.3893 0.3367 0.3091 0.3412 0.1429 0.5012 0.2961 0.5097 0.5668 0.4204 0.3378 0.3107 0.0000 0.4905 0.3268 0.5250 0.2739 0.4472 0.4367 0.4132
0.6660 0.3919 0.6071 0.3084 0.6718 0.6655 0.3846 0.4505 0.4115 0.6159 0.5581 0.4728 0.3714 0.6082 0.0000 0.4930 0.4939 0.3261 0.2258 0.5807 0.7736
0.4293 0.4961 0.4988 0.2049 0.3564 0.4929 0.3441 0.2873 0.3831 0.2936 0.5536 0.2329 0.5854 0.3462 0.4679 0.0000 0.4201 0.3887 0.5675 0.1938 0.3748
0.4386 0.5349 0.4755 0.3412 0.3550 0.5432 0.3813 0.4800 0.5245 0.6640 0.5167 0.3038 0.6834 0.5624 0.4934 0.6685 0.0000 0.6099 0.5702 0.6491 0.4851
0.3468 0.2329 0.1655 0.6057 0.5109 0.2384 0.2671 0.4439 0.4348 0.5231 0.7326 0.7067 0.3796 0.2163 0.3619 0.4608 0.4918 0.0000 0.4482 0.3144 0.3875
0.1918 0.4156 0.4559 0.5685 0.4270 0.3231 0.4199 0.2507 0.3404 0.4034 0.7724 0.2288 0.3093 0.3527 0.4130 0.4736 0.4410 0.6475 0.0000 0.3649 0.4717
0.6011 0.3605 0.3736 0.2631 0.2460 0.6061 0.4756 0.4914 0.3285 0.4752 0.5882 0.2698 0.4699 0.3419 0.3637 0.1679 0.6994 0.3950 0.3724 0.0000 0.4923
0.3599 0.4559 0.6508 0.4759 0.2499 0.5944 0.5107 0.5199 0.6438 0.5783 0.5172 0.1753 0.3726 0.6434 0.3180 0.3501 0.4513 0.4363 0.4656 0.4792 0.0000

--- Sample 4 ---
node_demand:
0.0333
0.2333
0.2000
0.0667
0.1000
0.2333
0.2333
0.1000
0.2000
0.1667
0.2000
0.1333
0.3000
0.1000
0.1667
0.2000
0.2000
0.2000
0.1667
0.1667

dist_matrix:
0.0000 0.3898 0.6460 0.5072 0.5826 0.3086 0.2776 0.2615 0.5432 0.3759 0.3034 0.2746 0.3929 0.6040 0.5960 0.1044 0.5702 0.4666 0.2993 0.3257 0.3212
0.3196 0.0000 0.4495 0.6124 0.4029 0.5131 0.3341 0.2660 0.2221 0.3065 0.5463 0.2370 0.4518 0.2103 0.4444 0.4032 0.7320 0.2389 0.7535 0.3510 0.4995
0.3231 0.3787 0.0000 0.2515 0.4439 0.2249 0.3762 0.6120 0.6185 0.5206 0.4763 0.3149 0.3961 0.4024 0.4708 0.3126 0.4101 0.4296 0.3990 0.4996 0.6014
0.4690 0.3915 0.4653 0.0000 0.1413 0.4795 0.6130 0.6985 0.3009 0.6575 0.5281 0.5646 0.4064 0.4458 0.4695 0.3381 0.4048 0.4515 0.3581 0.5468 0.4909
0.5862 0.3083 0.2727 0.1196 0.0000 0.3438 0.3741 0.3855 0.5206 0.4432 0.4294 0.2966 0.4272 0.5123 0.7367 0.4388 0.2773 0.5758 0.3977 0.4730 0.2578
0.3110 0.4658 0.2553 0.5950 0.3289 0.0000 0.5201 0.5960 0.3683 0.5935 0.5856 0.2828 0.6091 0.1491 0.4799 0.2497 0.4417 0.2750 0.3640 0.2245 0.4436
0.4269 0.2657 0.5028 0.4924 0.5332 0.2624 0.0000 0.0838 0.3934 0.4926 0.2214 0.7067 0.3986 0.3321 0.3378 0.4742 0.5227 0.2663 0.3401 0.4334 0.4579
0.2739 0.3532 0.3988 0.6399 0.4334 0.1670 0.1928 0.0000 0.2006 0.5345 0.7311 0.5489 0.4845 0.2978 0.4368 0.2526 0.5785 0.3867 0.2558 0.6058 0.3331
0.4501 0.1832 0.5680 0.4914 0.6637 0.3564 0.3643 0.1689 0.0000 0.6211 0.4676 0.4334 0.6439 0.6479 0.4552 0.6380 0.6089 0.5004 0.4664 0.3216 0.3737
0.4292 0.3357 0.5521 0.4485 0.4020 0.5461 0.5102 0.4320 0.6404 0.0000 0.4880 0.6149 0.4670 0.4691 0.5046 0.3075 0.4417 0.5068 0.3853 0.5450 0.6905
0.4115 0.4445 0.4602 0.6110 0.4020 0.4064 0.3423 0.7600 0.5124 0.4470 0.0000 0.3310 0.5460 0.4352 0.6619 0.4200 0.5026 0.7062 0.7286 0.4877 0.3675
0.2734 0.2411 0.6513 0.7012 0.4122 0.0877 0.5216 0.5688 0.3267 0.4597 0.4435 0.0000 0.6111 0.4557 0.4159 0.5585 0.3485 0.2816 0.3066 0.2964 0.2962
0.4300 0.5658 0.5263 0.3324 0.3775 0.4146 0.3299 0.4646 0.5828 0.5481 0.4144 0.2763 0.0000 0.3521 0.3723 0.8455 0.3859 0.3728 0.5997 0.2567 0.3910
0.4861 0.2332 0.3315 0.4191 0.5818 0.4287 0.5217 0.2818 0.4851 0.4338 0.4253 0.4349 0.3722 0.0000 0.5218 0.3254 0.6945 0.4812 0.4192 0.5128 0.5671
0.6952 0.2962 0.5431 0.2364 0.7728 0.5966 0.3211 0.4180 0.4994 0.6087 0.8791 0.4436 0.3715 0.6439 0.0000 0.5020 0.5165 0.3978 0.2718 0.5041 0.4332
0.3233 0.4191 0.2683 0.2567 0.1803 0.3164 0.4940 0.2887 0.4643 0.3076 0.2458 0.5758 0.6652 0.4638 0.5871 0.0000 0.4720 0.4845 0.5302 0.2615 0.2522
0.3200 0.5238 0.4563 0.3798 0.4317 0.6282 0.4806 0.5254 0.4139 0.5571 0.5529 0.4825 0.4830 0.4396 0.4891 0.4394 0.0000 0.6016 0.3965 0.3810 0.4490
0.4461 0.1820 0.4755 0.5554 0.7077 0.2686 0.2685 0.4136 0.4193 0.5922 0.6008 0.6778 0.3221 0.4745 0.3282 0.3755 0.6148 0.0000 0.5819 0.4956 0.3479
0.3054 0.8020 0.4216 0.6129 0.4068 0.4815 0.4296 0.2116 0.3940 0.6120 0.7022 0.2077 0.4609 0.4304 0.2299 0.3233 0.4301 0.7000 0.0000 0.4175 0.6385
0.4430 0.3598 0.3247 0.3002 0.1837 0.6871 0.5389 0.4256 0.3387 0.6513 0.6153 0.3075 0.3330 0.5425 0.6016 0.3257 0.8000 0.5484 0.3795 0.0000 0.3815
0.4744 0.3945 0.7716 0.3199 0.2451 0.5610 0.5687 0.3676 0.6395 0.4962 0.4740 0.5688 0.3730 0.3231 0.5458 0.6124 0.4612 0.7423 0.3771 0.4459 0.0000

--- Sample 5 ---
node_demand:
0.0333
0.2333
0.2000
0.0667
0.1000
0.2333
0.2333
0.1000
0.2000
0.1667
0.2000
0.1333
0.3000
0.1000
0.1667
0.2000
0.2000
0.2000
0.1667
0.1667

dist_matrix:
0.0000 0.3228 0.6688 0.4679 0.6025 0.2321 0.5756 0.2540 0.5149 0.3273 0.3759 0.3156 0.4086 0.3819 0.5370 0.4420 0.6636 0.5259 0.2260 0.5846 0.6271
0.4781 0.0000 0.5576 0.4991 0.2524 0.3438 0.3200 0.5945 0.4466 0.3012 0.4164 0.3064 0.5102 0.2514 0.2365 0.3409 0.6421 0.2442 0.6201 0.3642 0.4690
0.5341 0.5061 0.0000 0.3250 0.2410 0.2541 0.4940 0.5477 0.4981 0.5689 0.4663 0.4237 0.4592 0.4236 0.7780 0.3827 0.3935 0.3573 0.3386 0.1750 0.4376
0.6386 0.6135 0.3878 0.0000 0.1232 0.5837 0.4316 0.5073 0.5470 0.7417 0.4628 0.4732 0.5974 0.2443 0.4655 0.2404 0.3804 0.4177 0.5398 0.0869 0.3900
0.3378 0.2916 0.4504 0.1861 0.0000 0.3867 0.6983 0.5191 0.7128 0.3269 0.4169 0.3746 0.3446 0.3339 0.8259 0.1911 0.4280 0.5876 0.4462 0.3138 0.2494
0.2802 0.4425 0.2369 0.5469 0.3665 0.0000 0.4533 0.2584 0.4768 0.4912 0.3395 0.1314 0.6127 0.4341 0.4546 0.5800 0.4036 0.3824 0.1921 0.2855 0.1567
0.5277 0.5478 0.3740 0.5440 0.3900 0.5277 0.0000 0.1470 0.4146 0.5051 0.3314 0.7222 0.3851 0.4738 0.3325 0.4455 0.4669 0.2472 0.4918 0.5849 0.4209
0.2646 0.4800 0.5485 0.3877 0.5444 0.3087 0.3059 0.0000 0.1924 0.5812 0.4580 0.5598 0.3417 0.3625 0.4457 0.4177 0.5528 0.4158 0.2095 0.5559 0.4038
0.3913 0.5001 0.5948 0.4576 0.4830 0.3682 0.3989 0.1477 0.0000 0.7703 0.4415 0.5532 0.6005 0.6421 0.3665 0.3749 0.5749 0.4370 0.3773 0.3328 0.5110
0.2756 0.3180 0.5483 0.5464 0.4872 0.5483 0.5501 0.3543 0.6143 0.0000 0.4408 0.6363 0.4114 0.5473 0.5779 0.2947 0.7190 0.4536 0.4069 0.4899 0.3724
0.3860 0.5728 0.4600 0.5773 0.4938 0.5804 0.4447 0.2846 0.5168 0.6358 0.0000 0.3407 0.4527 0.4360 0.6271 0.3557 0.4989 0.4969 0.8415 0.5243 0.7971
0.3265 0.4441 0.3553 0.4661 0.3040 0.1652 0.5860 0.4092 0.5161 0.5262 0.3522 0.0000 0.4159 0.2861 0.4145 0.2534 0.3895 0.3111 0.3888 0.3221 0.5348
0.5226 0.5630 0.5167 0.6171 0.3948 0.4191 0.3849 0.4691 0.6114 0.5305 0.5588 0.2880 0.0000 0.3167 0.3778 0.7250 0.6953 0.2699 0.7099 0.5974 0.4188
0.5934 0.3877 0.2699 0.3208 0.3742 0.4968 0.5203 0.3558 0.5535 0.3868 0.4233 0.3873 0.3117 0.0000 0.6717 0.3629 0.5850 0.0647 0.5349 0.3589 0.5872
0.4966 0.3434 0.4540 0.3749 0.6447 0.4161 0.4666 0.4488 0.3921 0.5501 0.6831 0.4334 0.3543 0.5720 0.0000 0.2826 0.5149 0.3910 0.3696 0.4782 0.3475
0.1423 0.4961 0.2558 0.1256 0.2069 0.4772 0.4025 0.3409 0.3826 0.2961 0.2868 0.2378 0.6611 0.4530 0.4512 0.0000 0.4271 0.4734 0.4348 0.3481 0.4822
0.5551 0.6241 0.5339 0.3491 0.3779 0.5243 0.5969 0.5245 0.4661 0.6022 0.6616 0.2951 0.2999 0.7146 0.4738 0.6096 0.0000 0.5280 0.4073 0.8250 0.3589
0.4314 0.1816 0.3395 0.5868 0.4496 0.3079 0.2729 0.3924 0.3241 0.5880 0.7033 0.2617 0.5575 0.3522 0.3385 0.3723 0.6371 0.0000 0.6661 0.3131 0.5292
0.2188 0.5361 0.5028 0.3221 0.4066 0.4318 0.2801 0.2264 0.3781 0.4325 0.5540 0.3336 0.4570 0.4180 0.4491 0.6468 0.3944 0.5171 0.0000 0.4520 0.4350
0.2400 0.3561 0.1922 0.1866 0.3939 0.7253 0.4245 0.3940 0.3377 0.5118 0.7320 0.1931 0.5823 0.4198 0.5901 0.4067 0.4215 0.3171 0.4079 0.0000 0.4976
0.3827 0.4061 0.3348 0.3327 0.2471 0.5490 0.6829 0.6984 0.6184 0.5665 0.5014 0.7063 0.3627 0.7079 0.5552 0.2128 0.4240 0.6458 0.5904 0.6118 0.0000
