min_dist:
0.0000 0.1400 0.3200 0.2800 0.2600 0.2000 0.2100 0.1000 0.3300 0.0600 0.1400 0.1400 0.1800 0.3200 0.2300 0.2600 0.2200 0.3400 0.3100 0.1300 0.2800
0.1400 0.0000 0.2800 0.3200 0.1200 0.2200 0.1400 0.1800 0.2600 0.0800 0.2200 0.0800 0.2000 0.2800 0.1700 0.1400 0.1600 0.2100 0.2800 0.1500 0.2400
0.3200 0.2800 0.0000 0.2800 0.2200 0.2800 0.2800 0.2200 0.1600 0.3600 0.2600 0.2300 0.2800 0.1400 0.3200 0.2000 0.2000 0.3100 0.2400 0.3000 0.1000
0.2800 0.3200 0.2800 0.0000 0.2000 0.3200 0.4100 0.1800 0.4400 0.3400 0.2200 0.3000 0.3000 0.3600 0.3600 0.3400 0.3800 0.1900 0.3700 0.4100 0.3200
0.2600 0.1200 0.2200 0.2000 0.0000 0.2200 0.2600 0.3000 0.3400 0.2000 0.3400 0.2000 0.2400 0.1600 0.2900 0.2200 0.2800 0.0900 0.2700 0.2700 0.1200
0.2000 0.2200 0.2800 0.3200 0.2200 0.0000 0.3200 0.1800 0.2700 0.1400 0.2200 0.1400 0.0200 0.1400 0.2300 0.2600 0.2200 0.1800 0.1800 0.2100 0.1800
0.2100 0.1400 0.2800 0.4100 0.2600 0.3200 0.0000 0.2600 0.1200 0.1800 0.3000 0.2200 0.3000 0.2400 0.3100 0.1000 0.2400 0.3500 0.3100 0.2500 0.2000
0.1000 0.1800 0.2200 0.1800 0.3000 0.1800 0.2600 0.0000 0.3100 0.1600 0.0400 0.2400 0.1600 0.3000 0.3300 0.1600 0.2600 0.3200 0.2100 0.2300 0.2600
0.3300 0.2600 0.1600 0.4400 0.3400 0.2700 0.1200 0.3100 0.0000 0.2900 0.3500 0.2900 0.2500 0.3000 0.2000 0.2200 0.3200 0.3800 0.3200 0.3600 0.2600
0.0600 0.0800 0.3600 0.3400 0.2000 0.1400 0.1800 0.1600 0.2900 0.0000 0.2000 0.1600 0.1200 0.2800 0.2500 0.2200 0.1800 0.2800 0.3200 0.0700 0.3000
0.1400 0.2200 0.2600 0.2200 0.3400 0.2200 0.3000 0.0400 0.3500 0.2000 0.0000 0.2800 0.2000 0.3400 0.2900 0.2000 0.3000 0.3500 0.1700 0.2700 0.3000
0.1400 0.0800 0.2300 0.3000 0.2000 0.1400 0.2200 0.2400 0.2900 0.1600 0.2800 0.0000 0.1200 0.2800 0.0900 0.2200 0.0800 0.2600 0.3200 0.2300 0.3000
0.1800 0.2000 0.2800 0.3000 0.2400 0.0200 0.3000 0.1600 0.2500 0.1200 0.2000 0.1200 0.0000 0.1600 0.2100 0.2800 0.2000 0.1600 0.2000 0.1900 0.1800
0.3200 0.2800 0.1400 0.3600 0.1600 0.1400 0.2400 0.3000 0.3000 0.2800 0.3400 0.2800 0.1600 0.0000 0.3700 0.1400 0.2800 0.2500 0.3200 0.3500 0.0400
0.2300 0.1700 0.3200 0.3600 0.2900 0.2300 0.3100 0.3300 0.2000 0.2500 0.2900 0.0900 0.2100 0.3700 0.0000 0.2600 0.1200 0.3500 0.4100 0.3200 0.3600
0.2600 0.1400 0.2000 0.3400 0.2200 0.2600 0.1000 0.1600 0.2200 0.2200 0.2000 0.2200 0.2800 0.1400 0.2600 0.0000 0.1400 0.3100 0.2800 0.2900 0.1000
0.2200 0.1600 0.2000 0.3800 0.2800 0.2200 0.2400 0.2600 0.3200 0.1800 0.3000 0.0800 0.2000 0.2800 0.1200 0.1400 0.0000 0.2500 0.4000 0.2500 0.2400
0.3400 0.2100 0.3100 0.1900 0.0900 0.1800 0.3500 0.3200 0.3800 0.2800 0.3500 0.2600 0.1600 0.2500 0.3500 0.3100 0.2500 0.0000 0.1800 0.3200 0.2100
0.3100 0.2800 0.2400 0.3700 0.2700 0.1800 0.3100 0.2100 0.3200 0.3200 0.1700 0.3200 0.2000 0.3200 0.4100 0.2800 0.4000 0.1800 0.0000 0.3900 0.3200
0.1300 0.1500 0.3000 0.4100 0.2700 0.2100 0.2500 0.2300 0.3600 0.0700 0.2700 0.2300 0.1900 0.3500 0.3200 0.2900 0.2500 0.3200 0.3900 0.0000 0.3700
0.2800 0.2400 0.1000 0.3200 0.1200 0.1800 0.2000 0.2600 0.2600 0.3000 0.3000 0.3000 0.1800 0.0400 0.3600 0.1000 0.2400 0.2100 0.3200 0.3700 0.0000

max_dist:
0.0000 0.6800 0.5800 0.5800 0.6300 0.3400 0.6600 0.5000 0.5600 0.8900 0.7500 0.3800 0.4800 0.4800 0.5100 0.3900 0.6200 0.4500 0.7000 0.6100 0.6500
0.6800 0.0000 0.4800 0.4400 0.5800 0.6600 0.3200 0.1800 0.6600 0.4800 0.4800 0.7500 0.6700 0.6400 0.5600 0.4600 0.3200 0.5400 0.2800 0.7000 0.4500
0.5800 0.4800 0.0000 0.6000 0.6400 0.5400 0.5400 0.3400 0.4600 0.7200 0.6400 0.3800 0.5900 0.2800 0.8400 0.5900 0.3600 0.7500 0.6000 0.6000 0.6400
0.5800 0.4400 0.6000 0.0000 0.3200 0.6000 0.7200 0.2600 0.6900 0.8800 0.4600 0.6900 0.7000 0.6800 0.4800 0.6400 0.5800 0.4400 0.5200 0.5800 0.5200
0.6300 0.5800 0.6400 0.3200 0.0000 0.6300 0.8000 0.4800 0.6200 0.8400 0.5700 0.9200 0.5100 0.6100 0.7600 0.7800 0.7300 0.5800 0.6500 0.8500 0.3900
0.3400 0.6600 0.5400 0.6000 0.6300 0.0000 0.4300 0.7200 0.5000 0.7200 0.6700 0.7000 0.4900 0.2600 0.7200 0.7200 0.5100 0.5200 0.6600 0.6000 0.7100
0.6600 0.3200 0.5400 0.7200 0.8000 0.4300 0.0000 0.5000 0.5800 0.7200 0.6400 0.7200 0.8000 0.5000 0.6100 0.6600 0.6400 0.8000 0.4400 0.7600 0.6000
0.5000 0.1800 0.3400 0.2600 0.4800 0.7200 0.5000 0.0000 0.7200 0.6600 0.3000 0.5700 0.5200 0.4600 0.6400 0.4700 0.3200 0.4400 0.2600 0.8000 0.6300
0.5600 0.6600 0.4600 0.6900 0.6200 0.5000 0.5800 0.7200 0.0000 0.4200 0.5800 0.5800 0.5400 0.7400 0.5800 0.8600 0.4900 0.8000 0.5600 0.6600 0.3200
0.8900 0.4800 0.7200 0.8800 0.8400 0.7200 0.7200 0.6600 0.4200 0.0000 0.7600 0.6200 0.4100 0.5200 0.7700 0.8500 0.3600 0.6300 0.5800 0.6600 0.4500
0.7500 0.4800 0.6400 0.4600 0.5700 0.6700 0.6400 0.3000 0.5800 0.7600 0.0000 0.8000 0.6200 0.5600 0.3400 0.3600 0.6100 0.5800 0.3800 0.5300 0.4000
0.3800 0.7500 0.3800 0.6900 0.9200 0.7000 0.7200 0.5700 0.5800 0.6200 0.8000 0.0000 0.4100 0.4400 0.6800 0.7000 0.5000 0.6500 0.6400 0.5700 0.6300
0.4800 0.6700 0.5900 0.7000 0.5100 0.4900 0.8000 0.5200 0.5400 0.4100 0.6200 0.4100 0.0000 0.7200 0.3600 0.7000 0.3600 0.2600 0.6300 0.6100 0.2200
0.4800 0.6400 0.2800 0.6800 0.6100 0.2600 0.5000 0.4600 0.7400 0.5200 0.5600 0.4400 0.7200 0.0000 0.5600 0.4600 0.5800 0.7800 0.5100 0.6500 0.5600
0.5100 0.5600 0.8400 0.4800 0.7600 0.7200 0.6100 0.6400 0.5800 0.7700 0.3400 0.6800 0.3600 0.5600 0.0000 0.7000 0.4800 0.6200 0.5800 0.8000 0.5800
0.3900 0.4600 0.5900 0.6400 0.7800 0.7200 0.6600 0.4700 0.8600 0.8500 0.3600 0.7000 0.7000 0.4600 0.7000 0.0000 0.4900 0.4400 0.4500 0.5700 0.5500
0.6200 0.3200 0.3600 0.5800 0.7300 0.5100 0.6400 0.3200 0.4900 0.3600 0.6100 0.5000 0.3600 0.5800 0.4800 0.4900 0.0000 0.4000 0.5800 0.5200 0.5800
0.4500 0.5400 0.7500 0.4400 0.5800 0.5200 0.8000 0.4400 0.8000 0.6300 0.5800 0.6500 0.2600 0.7800 0.6200 0.4400 0.4000 0.0000 0.4600 0.5400 0.4800
0.7000 0.2800 0.6000 0.5200 0.6500 0.6600 0.4400 0.2600 0.5600 0.5800 0.3800 0.6400 0.6300 0.5100 0.5800 0.4500 0.5800 0.4600 0.0000 0.8700 0.4100
0.6100 0.7000 0.6000 0.5800 0.8500 0.6000 0.7600 0.8000 0.6600 0.6600 0.5300 0.5700 0.6100 0.6500 0.8000 0.5700 0.5200 0.5400 0.8700 0.0000 0.8200
0.6500 0.4500 0.6400 0.5200 0.3900 0.7100 0.6000 0.6300 0.3200 0.4500 0.4000 0.6300 0.2200 0.5600 0.5800 0.5500 0.5800 0.4800 0.4100 0.8200 0.0000

--- Contains 5 samples ---

--- Sample 1 ---
node_demand:
0.0333
0.2333
0.2333
0.0333
0.1000
0.2000
0.1333
0.2667
0.2667
0.0333
0.2000
0.1000
0.1667
0.1333
0.1667
0.2333
0.1000
0.1000
0.1333
0.1333

dist_matrix:
0.0000 0.3633 0.3475 0.2865 0.4359 0.2001 0.3520 0.2553 0.4217 0.3746 0.6893 0.3577 0.4328 0.4057 0.2615 0.3487 0.3155 0.3609 0.4410 0.1505 0.5654
0.5635 0.0000 0.3064 0.3434 0.3164 0.2557 0.2224 0.1800 0.2954 0.2369 0.2568 0.2179 0.5881 0.5218 0.2495 0.1568 0.2363 0.3767 0.2800 0.5610 0.3103
0.3367 0.3859 0.0000 0.3892 0.5767 0.5015 0.4954 0.2953 0.1836 0.6407 0.4999 0.3337 0.4654 0.2276 0.7053 0.4572 0.3455 0.6147 0.5552 0.3414 0.4325
0.3397 0.3646 0.4371 0.0000 0.2350 0.5852 0.5429 0.2226 0.6585 0.4063 0.2822 0.3613 0.6280 0.3889 0.3961 0.4230 0.5605 0.4284 0.4674 0.5656 0.4588
0.3277 0.5388 0.4100 0.2886 0.0000 0.3532 0.2643 0.3694 0.3522 0.5631 0.3493 0.7197 0.4671 0.3280 0.4188 0.2855 0.3723 0.1817 0.6010 0.3722 0.3776
0.3116 0.4448 0.3236 0.5798 0.5728 0.0000 0.3869 0.4588 0.3646 0.5260 0.5137 0.1609 0.4145 0.1669 0.3074 0.6643 0.3857 0.3741 0.3521 0.3423 0.3835
0.4527 0.1879 0.3797 0.5378 0.5393 0.4242 0.0000 0.4620 0.4086 0.6603 0.5379 0.2248 0.3912 0.4850 0.6088 0.3390 0.3643 0.5866 0.3603 0.6428 0.3630
0.1735 0.1800 0.2722 0.2520 0.3972 0.2924 0.4414 0.0000 0.6050 0.4600 0.0720 0.2577 0.3210 0.4478 0.5093 0.2654 0.3059 0.3502 0.2419 0.3334 0.5781
0.4724 0.3898 0.3876 0.5332 0.4693 0.4471 0.1334 0.4627 0.0000 0.3391 0.3973 0.4328 0.4411 0.5992 0.4658 0.7221 0.4809 0.7440 0.4457 0.5503 0.2739
0.4546 0.4155 0.5251 0.6003 0.7284 0.3295 0.2271 0.5715 0.3712 0.0000 0.3511 0.4540 0.2719 0.3778 0.5757 0.5507 0.2449 0.5741 0.3781 0.3721 0.4208
0.5416 0.4115 0.3925 0.2620 0.4024 0.4820 0.4657 0.0665 0.4891 0.2870 0.0000 0.3006 0.2413 0.4674 0.3180 0.3093 0.3994 0.5537 0.3786 0.5035 0.3227
0.2910 0.3543 0.3666 0.4249 0.6732 0.3806 0.4294 0.4538 0.3642 0.3718 0.6675 0.0000 0.2534 0.3671 0.2668 0.4009 0.4759 0.4510 0.4013 0.3874 0.6167
0.2230 0.2139 0.3878 0.5840 0.3322 0.4075 0.5341 0.5126 0.4149 0.1429 0.3058 0.3179 0.0000 0.6939 0.2609 0.3282 0.2825 0.1968 0.2497 0.2019 0.1945
0.3534 0.5079 0.1512 0.6403 0.5057 0.1734 0.2814 0.4237 0.4052 0.4274 0.3831 0.3655 0.4693 0.0000 0.4196 0.2732 0.3231 0.7028 0.3289 0.5382 0.3391
0.3446 0.4464 0.4573 0.4332 0.5101 0.4658 0.4220 0.5472 0.4499 0.5550 0.3051 0.5314 0.2729 0.3884 0.0000 0.4925 0.4446 0.4033 0.5436 0.7373 0.5552
0.3759 0.2361 0.4056 0.4085 0.5903 0.6085 0.6261 0.4421 0.7946 0.3447 0.2871 0.4710 0.3172 0.2753 0.5594 0.0000 0.4492 0.4342 0.3495 0.3433 0.4041
0.4442 0.2894 0.2188 0.4343 0.4130 0.2851 0.3472 0.3180 0.3862 0.3199 0.3426 0.4405 0.3326 0.3540 0.3319 0.2223 0.0000 0.3047 0.5663 0.2623 0.3348
0.4340 0.4334 0.6584 0.2136 0.4087 0.2621 0.4494 0.3767 0.7299 0.5888 0.4765 0.5137 0.2427 0.6387 0.4055 0.3436 0.2811 0.0000 0.4332 0.5319 0.2217
0.5684 0.2800 0.2946 0.4786 0.3891 0.5207 0.3300 0.2263 0.4061 0.4927 0.2416 0.4925 0.3559 0.4268 0.4884 0.3671 0.4958 0.2808 0.0000 0.8093 0.4062
0.1454 0.6795 0.3708 0.5048 0.5452 0.4640 0.4978 0.4049 0.4140 0.3302 0.3862 0.3013 0.3148 0.5901 0.6828 0.4176 0.4514 0.4455 0.5771 0.0000 0.7070
0.4151 0.3359 0.2303 0.5065 0.1469 0.2777 0.4422 0.4777 0.3030 0.3664 0.3690 0.4693 0.1817 0.4554 0.3740 0.2459 0.3453 0.2204 0.3239 0.6075 0.0000

--- Sample 2 ---
node_demand:
0.0333
0.2333
0.2333
0.0333
0.1000
0.2000
0.1333
0.2667
0.2667
0.0333
0.2000
0.1000
0.1667
0.1333
0.1667
0.2333
0.1000
0.1000
0.1333
0.1333

dist_matrix:
0.0000 0.6212 0.4649 0.3644 0.3192 0.2292 0.3746 0.1470 0.5549 0.8221 0.4926 0.3305 0.4365 0.3230 0.4141 0.3292 0.2489 0.4057 0.4208 0.2862 0.3744
0.5989 0.0000 0.3070 0.4363 0.4306 0.6519 0.2057 0.1800 0.6203 0.4461 0.2520 0.2541 0.4264 0.4897 0.4662 0.2062 0.1867 0.3823 0.2800 0.3596 0.4325
0.5545 0.3705 0.0000 0.3248 0.4536 0.3040 0.3603 0.3323 0.3009 0.6491 0.3268 0.3705 0.3786 0.2373 0.5145 0.3750 0.2196 0.3786 0.3419 0.3883 0.3726
0.4182 0.3475 0.5156 0.0000 0.2799 0.4122 0.6507 0.1868 0.5380 0.7585 0.2793 0.4444 0.4646 0.6343 0.4632 0.4823 0.4435 0.2810 0.4551 0.4863 0.4588
0.5542 0.5758 0.6236 0.2774 0.0000 0.3040 0.7831 0.4744 0.5240 0.3562 0.5106 0.5497 0.4605 0.2976 0.3597 0.6455 0.2859 0.2987 0.4950 0.2974 0.3114
0.2759 0.3121 0.4198 0.3968 0.5569 0.0000 0.4299 0.4326 0.3913 0.4542 0.5827 0.6317 0.4432 0.1803 0.7133 0.7127 0.3443 0.3378 0.2238 0.2348 0.1867
0.3079 0.1435 0.3760 0.6075 0.7290 0.3595 0.0000 0.3383 0.2697 0.4284 0.5675 0.7041 0.6658 0.2619 0.4890 0.1834 0.4810 0.7045 0.3928 0.7192 0.2849
0.4654 0.1800 0.2793 0.2572 0.3053 0.4082 0.3851 0.0000 0.3895 0.3130 0.1096 0.4915 0.3494 0.4596 0.5087 0.1805 0.3015 0.4066 0.2560 0.4166 0.5960
0.4664 0.3646 0.1751 0.5614 0.4315 0.3851 0.3054 0.7107 0.0000 0.3480 0.4018 0.5660 0.3265 0.4463 0.2627 0.6937 0.4531 0.4296 0.4405 0.5515 0.2900
0.3450 0.3676 0.4321 0.8628 0.8333 0.3134 0.4117 0.2937 0.3462 0.0000 0.2989 0.1863 0.2438 0.4040 0.2937 0.2773 0.2983 0.3404 0.3964 0.2841 0.4439
0.2411 0.3481 0.4822 0.2561 0.3996 0.3397 0.5188 0.1065 0.4817 0.6611 0.0000 0.4835 0.5013 0.4715 0.3060 0.2166 0.4192 0.3580 0.2981 0.3165 0.3841
0.3432 0.5103 0.3534 0.6107 0.3994 0.3223 0.4045 0.2537 0.5362 0.1697 0.4331 0.0000 0.1881 0.3163 0.0975 0.4105 0.4314 0.5516 0.5003 0.2800 0.4780
0.2272 0.5022 0.5306 0.3644 0.3098 0.3620 0.3843 0.4224 0.5351 0.2344 0.3471 0.3806 0.0000 0.2155 0.2932 0.4502 0.3305 0.1748 0.3120 0.2583 0.2139
0.4690 0.3715 0.2651 0.4395 0.2838 0.1722 0.4074 0.3515 0.5961 0.4756 0.4583 0.4092 0.3102 0.0000 0.5077 0.2028 0.4591 0.3674 0.3394 0.4891 0.4099
0.4564 0.3409 0.6399 0.4425 0.7269 0.6480 0.4522 0.5007 0.4794 0.3635 0.3121 0.6364 0.3136 0.3710 0.0000 0.6906 0.1886 0.5339 0.4903 0.6164 0.3629
0.3541 0.1584 0.3160 0.4967 0.4348 0.7101 0.3852 0.2400 0.5443 0.5137 0.2016 0.4212 0.4433 0.2185 0.4743 0.0000 0.4718 0.3246 0.4349 0.3373 0.3984
0.5033 0.2540 0.3082 0.5016 0.6855 0.3293 0.2989 0.3075 0.4332 0.2242 0.5978 0.1685 0.2275 0.5464 0.3285 0.3442 0.0000 0.3518 0.4730 0.5072 0.2487
0.3955 0.4544 0.5745 0.4386 0.0962 0.3911 0.4068 0.3933 0.5735 0.3430 0.4685 0.5163 0.1935 0.2925 0.5227 0.4325 0.2594 0.0000 0.3548 0.3245 0.3642
0.5609 0.2800 0.2725 0.3973 0.5996 0.2961 0.3305 0.2160 0.3251 0.4029 0.2139 0.3758 0.4287 0.3287 0.4563 0.4114 0.5237 0.1804 0.0000 0.7063 0.3219
0.2155 0.2511 0.3041 0.5415 0.4424 0.5796 0.4955 0.7660 0.6348 0.5791 0.3546 0.4045 0.4709 0.6469 0.5304 0.4038 0.4834 0.3292 0.6324 0.0000 0.5062
0.4896 0.4264 0.6283 0.4597 0.2873 0.4154 0.5410 0.3769 0.3163 0.3030 0.3809 0.6122 0.2009 0.2224 0.4171 0.1968 0.5720 0.4190 0.3639 0.4741 0.0000

--- Sample 3 ---
node_demand:
0.0333
0.2333
0.2333
0.0333
0.1000
0.2000
0.1333
0.2667
0.2667
0.0333
0.2000
0.1000
0.1667
0.1333
0.1667
0.2333
0.1000
0.1000
0.1333
0.1333

dist_matrix:
0.0000 0.6314 0.3863 0.4127 0.2646 0.3134 0.4554 0.3956 0.4958 0.3197 0.3890 0.3085 0.3813 0.3405 0.2546 0.2711 0.3604 0.4138 0.3290 0.2281 0.5524
0.2598 0.0000 0.3849 0.4148 0.4758 0.3315 0.3135 0.1800 0.3038 0.2120 0.3625 0.5433 0.2301 0.5380 0.3714 0.4222 0.2984 0.3608 0.2800 0.5376 0.2565
0.5075 0.3122 0.0000 0.3270 0.5728 0.3015 0.3305 0.3392 0.2941 0.6260 0.3400 0.2608 0.2902 0.2326 0.3850 0.4217 0.2953 0.4565 0.5965 0.4654 0.5109
0.5759 0.4078 0.3530 0.0000 0.2177 0.3210 0.5869 0.2437 0.5269 0.7489 0.4354 0.5113 0.4223 0.4172 0.3938 0.3873 0.5425 0.2583 0.4262 0.5363 0.4718
0.5556 0.5260 0.5481 0.2778 0.0000 0.4905 0.5383 0.4165 0.5661 0.5678 0.4291 0.4392 0.3083 0.4347 0.3826 0.4481 0.4576 0.3682 0.5107 0.4957 0.3747
0.3267 0.3899 0.3133 0.4621 0.4651 0.0000 0.3943 0.4187 0.3081 0.6082 0.4859 0.3460 0.2362 0.2399 0.4393 0.3549 0.4249 0.2846 0.4373 0.3731 0.5245
0.3800 0.3190 0.3244 0.6019 0.6436 0.3354 0.0000 0.4553 0.2085 0.5706 0.3760 0.2746 0.6622 0.3381 0.4167 0.5630 0.5334 0.7186 0.3677 0.2922 0.5482
0.4920 0.1800 0.2479 0.2493 0.4166 0.4269 0.4338 0.0000 0.3197 0.4769 0.2020 0.4081 0.4508 0.3883 0.5477 0.2066 0.2844 0.3690 0.2190 0.6146 0.3204
0.3447 0.4891 0.4185 0.5933 0.3696 0.3207 0.3800 0.7189 0.0000 0.3611 0.4579 0.5616 0.5283 0.6459 0.5218 0.4133 0.3940 0.7499 0.3458 0.5973 0.3143
0.5662 0.2867 0.4961 0.4081 0.4227 0.6048 0.4245 0.5006 0.3620 0.0000 0.5920 0.3251 0.1391 0.5063 0.2870 0.4827 0.2590 0.3248 0.5684 0.2393 0.3720
0.6431 0.2623 0.4714 0.3785 0.5012 0.5779 0.4729 0.0844 0.3954 0.4564 0.0000 0.5274 0.3974 0.5344 0.2928 0.2981 0.4864 0.4017 0.2183 0.4014 0.3978
0.3245 0.1423 0.2678 0.3488 0.8386 0.2969 0.6131 0.4942 0.5695 0.2049 0.4409 0.0000 0.2657 0.3967 0.2167 0.5546 0.1247 0.4347 0.3415 0.3615 0.3781
0.2675 0.3210 0.5625 0.6371 0.2701 0.1936 0.4887 0.1777 0.3385 0.1590 0.5900 0.3319 0.0000 0.5157 0.3361 0.4978 0.3355 0.2074 0.5948 0.5282 0.1811
0.4476 0.5361 0.2638 0.3873 0.5752 0.2366 0.2799 0.3002 0.6662 0.4883 0.5088 0.3859 0.3435 0.0000 0.5290 0.3300 0.4448 0.7540 0.4316 0.3790 0.0463
0.2895 0.3569 0.5289 0.4006 0.3019 0.6116 0.5243 0.3653 0.2085 0.5200 0.3036 0.6301 0.2170 0.3964 0.0000 0.3291 0.2373 0.5766 0.5131 0.4911 0.4659
0.3885 0.3145 0.3460 0.4799 0.5720 0.3157 0.2131 0.3617 0.3013 0.7711 0.2003 0.5342 0.3825 0.1556 0.6927 0.0000 0.1909 0.3255 0.4187 0.3168 0.1755
0.3343 0.2116 0.3226 0.5706 0.4271 0.3007 0.6123 0.2665 0.3519 0.3498 0.5190 0.3989 0.2410 0.4423 0.4300 0.3173 0.0000 0.3448 0.5394 0.4271 0.3677
0.3473 0.2145 0.5234 0.3410 0.1220 0.2235 0.6284 0.3514 0.4828 0.4497 0.5066 0.3864 0.1602 0.3883 0.4288 0.4003 0.3057 0.0000 0.1885 0.4635 0.4367
0.4667 0.2800 0.5422 0.3783 0.3107 0.5209 0.4286 0.2250 0.5190 0.4411 0.3025 0.5812 0.3719 0.3268 0.5423 0.4065 0.4797 0.3368 0.0000 0.5410 0.3859
0.1927 0.3557 0.5251 0.4178 0.7177 0.3011 0.5431 0.6406 0.4441 0.1603 0.5088 0.3658 0.3966 0.3811 0.7825 0.4542 0.5079 0.3819 0.6204 0.0000 0.5979
0.6018 0.3080 0.3193 0.3861 0.3381 0.4400 0.4695 0.3345 0.2641 0.3686 0.3580 0.5343 0.2199 0.4893 0.4663 0.2803 0.5258 0.3738 0.4025 0.6548 0.0000

--- Sample 4 ---
node_demand:
0.0333
0.2333
0.2333
0.0333
0.1000
0.2000
0.1333
0.2667
0.2667
0.0333
0.2000
0.1000
0.1667
0.1333
0.1667
0.2333
0.1000
0.1000
0.1333
0.1333

dist_matrix:
0.0000 0.2763 0.5149 0.4786 0.5647 0.3132 0.2204 0.1721 0.5016 0.8091 0.2902 0.3627 0.4630 0.3392 0.2361 0.3435 0.3772 0.3475 0.4626 0.4474 0.5602
0.5079 0.0000 0.3163 0.3765 0.3599 0.6259 0.2371 0.1800 0.6139 0.2406 0.3800 0.6036 0.4872 0.3767 0.2364 0.2425 0.2965 0.2622 0.2800 0.2683 0.2945
0.4155 0.4300 0.0000 0.5399 0.6269 0.3211 0.5276 0.2279 0.3615 0.4024 0.4022 0.3334 0.4299 0.2763 0.4467 0.3092 0.3327 0.4261 0.4511 0.3321 0.1780
0.4452 0.3910 0.5880 0.0000 0.2677 0.4609 0.5994 0.2359 0.6867 0.7208 0.3230 0.6864 0.5872 0.6718 0.4238 0.3769 0.4785 0.2542 0.5098 0.4558 0.3435
0.3562 0.3848 0.4933 0.2490 0.0000 0.5972 0.3358 0.4707 0.4518 0.4660 0.4974 0.3579 0.4645 0.2423 0.3906 0.7430 0.6249 0.2621 0.5558 0.5950 0.2192
0.2444 0.4472 0.2864 0.4378 0.5431 0.0000 0.3286 0.4467 0.2845 0.3523 0.3123 0.5094 0.3165 0.1924 0.2934 0.6931 0.4215 0.2297 0.2854 0.3552 0.4584
0.3959 0.2867 0.3397 0.5914 0.3640 0.3805 0.0000 0.4815 0.5682 0.5765 0.4509 0.4192 0.3531 0.3754 0.5328 0.3431 0.4941 0.4789 0.3449 0.6853 0.2850
0.4691 0.1800 0.2293 0.2378 0.3608 0.4472 0.3040 0.0000 0.5727 0.6258 0.2618 0.3365 0.4753 0.4273 0.3763 0.3350 0.2760 0.3705 0.2489 0.7782 0.5251
0.4593 0.2765 0.3934 0.5379 0.3665 0.4552 0.3482 0.6877 0.0000 0.4097 0.3956 0.5644 0.4471 0.4367 0.5714 0.5895 0.3679 0.7254 0.4849 0.6408 0.3055
0.2480 0.1703 0.6815 0.4875 0.6483 0.2558 0.6742 0.4748 0.3737 0.0000 0.3984 0.2060 0.3740 0.3120 0.7676 0.4203 0.1975 0.3568 0.3218 0.1704 0.4225
0.6454 0.2941 0.5191 0.3658 0.4575 0.4969 0.3257 0.1166 0.4312 0.3705 0.0000 0.5926 0.4452 0.3452 0.2984 0.2102 0.5283 0.5481 0.2184 0.4153 0.3045
0.2424 0.3510 0.2752 0.6226 0.8723 0.2361 0.2669 0.5571 0.5704 0.6146 0.5147 0.0000 0.2909 0.4072 0.2368 0.6521 0.2063 0.5425 0.5988 0.5048 0.3940
0.4253 0.5081 0.5160 0.5521 0.2905 0.2803 0.3660 0.1990 0.5279 0.1827 0.5196 0.2062 0.0000 0.3552 0.2928 0.6667 0.3041 0.1877 0.5376 0.3006 0.1826
0.3691 0.5361 0.2515 0.3611 0.2196 0.2223 0.3479 0.3980 0.5114 0.2963 0.4458 0.3928 0.3060 0.0000 0.4862 0.1881 0.4057 0.5807 0.4844 0.4991 0.1767
0.4455 0.4619 0.7212 0.4274 0.5016 0.3815 0.3733 0.4927 0.2442 0.4335 0.2957 0.3424 0.3178 0.4101 0.0000 0.4191 0.1591 0.5714 0.5523 0.7249 0.4103
0.3333 0.4200 0.5127 0.4319 0.7565 0.3199 0.3154 0.2575 0.5407 0.7960 0.2166 0.6985 0.5099 0.3979 0.4944 0.0000 0.2764 0.4095 0.3832 0.4058 0.5019
0.5443 0.3097 0.3524 0.4298 0.6697 0.3689 0.3257 0.2660 0.3553 0.2802 0.5009 0.1071 0.2500 0.3506 0.4717 0.2648 0.0000 0.2648 0.5736 0.4399 0.4407
0.4227 0.3277 0.4639 0.3406 0.2264 0.2268 0.3838 0.4045 0.5821 0.4511 0.4401 0.5862 0.1627 0.4997 0.3631 0.4274 0.2744 0.0000 0.1887 0.4090 0.2531
0.4528 0.2800 0.4508 0.4157 0.2723 0.5303 0.3506 0.2571 0.5570 0.5380 0.2431 0.5072 0.3200 0.3886 0.4351 0.2973 0.4479 0.3163 0.0000 0.5427 0.3903
0.2745 0.5063 0.5046 0.5687 0.4154 0.4333 0.5252 0.6701 0.5267 0.1064 0.3810 0.5410 0.5270 0.5550 0.3468 0.3766 0.4945 0.4601 0.4097 0.0000 0.6515
0.4897 0.3516 0.5275 0.4105 0.1998 0.4845 0.3394 0.4743 0.2810 0.4430 0.3759 0.5794 0.2087 0.4032 0.3981 0.1618 0.2421 0.2600 0.3902 0.4744 0.0000

--- Sample 5 ---
node_demand:
0.0333
0.2333
0.2333
0.0333
0.1000
0.2000
0.1333
0.2667
0.2667
0.0333
0.2000
0.1000
0.1667
0.1333
0.1667
0.2333
0.1000
0.1000
0.1333
0.1333

dist_matrix:
0.0000 0.5268 0.4323 0.5366 0.3959 0.3341 0.4195 0.3439 0.5465 0.3723 0.6743 0.1846 0.2825 0.4731 0.4231 0.2610 0.4286 0.3695 0.5647 0.4113 0.5143
0.4381 0.0000 0.4772 0.3717 0.4540 0.5483 0.1826 0.1800 0.4238 0.3933 0.2328 0.4235 0.6188 0.5486 0.4352 0.2318 0.2461 0.3534 0.2800 0.2362 0.3204
0.3684 0.4586 0.0000 0.5600 0.4220 0.4558 0.3308 0.2278 0.2290 0.5301 0.6301 0.3202 0.5804 0.2045 0.4542 0.4731 0.3387 0.3346 0.4651 0.4581 0.1011
0.4104 0.3718 0.3551 0.0000 0.2136 0.3255 0.5413 0.2239 0.5864 0.3954 0.3173 0.6354 0.5374 0.4767 0.3649 0.4896 0.4268 0.2143 0.4779 0.5029 0.4090
0.5916 0.4378 0.4432 0.2889 0.0000 0.3684 0.3904 0.4514 0.3475 0.5806 0.4069 0.2104 0.3670 0.3992 0.7115 0.7313 0.3988 0.4055 0.3907 0.4672 0.3129
0.3320 0.3698 0.4833 0.3940 0.5872 0.0000 0.3974 0.5682 0.4475 0.1736 0.3581 0.3152 0.4820 0.2472 0.2817 0.5052 0.2701 0.4468 0.5381 0.3775 0.5286
0.3697 0.2610 0.5374 0.4511 0.5022 0.4168 0.0000 0.2760 0.3996 0.4689 0.5767 0.7151 0.7009 0.3595 0.5129 0.6276 0.2783 0.6798 0.3803 0.7009 0.5772
0.1454 0.1800 0.3388 0.2504 0.4464 0.4722 0.3299 0.0000 0.6069 0.2408 0.2140 0.4533 0.4898 0.4240 0.5238 0.2133 0.3077 0.4175 0.2294 0.7369 0.3628
0.4957 0.6086 0.2622 0.5231 0.5891 0.3169 0.1993 0.3466 0.0000 0.3901 0.4863 0.4476 0.5343 0.6674 0.2462 0.7837 0.3882 0.7004 0.4860 0.4754 0.3103
0.1217 0.4578 0.6799 0.4679 0.6706 0.2229 0.2542 0.4641 0.3524 0.0000 0.5379 0.3947 0.2748 0.4886 0.5473 0.4812 0.3365 0.6102 0.4592 0.6210 0.3637
0.1982 0.3649 0.4872 0.2243 0.3408 0.6045 0.3512 0.2379 0.5795 0.7360 0.0000 0.2930 0.3179 0.4357 0.3175 0.3163 0.3477 0.4251 0.2188 0.2991 0.3059
0.3592 0.1237 0.2367 0.4381 0.6233 0.3166 0.6476 0.3728 0.2928 0.3352 0.3043 0.0000 0.3801 0.4154 0.5404 0.3826 0.2724 0.5881 0.4622 0.3915 0.3143
0.2888 0.4554 0.3022 0.4157 0.4458 0.2851 0.7242 0.3733 0.2933 0.3167 0.3423 0.2192 0.0000 0.3654 0.2240 0.3143 0.3478 0.1733 0.5934 0.2755 0.1941
0.3327 0.3822 0.2636 0.6175 0.5831 0.2287 0.4317 0.4584 0.3967 0.2925 0.4900 0.3080 0.3217 0.0000 0.4441 0.3736 0.5758 0.5456 0.4358 0.4421 0.1429
0.4313 0.5239 0.4900 0.4414 0.2928 0.2304 0.6098 0.5634 0.2950 0.6202 0.2927 0.3032 0.3149 0.5257 0.0000 0.6575 0.2519 0.6199 0.5155 0.3220 0.5762
0.3789 0.1692 0.4473 0.3729 0.2581 0.6763 0.1870 0.1861 0.2457 0.7771 0.2222 0.6706 0.4876 0.3223 0.5973 0.0000 0.3304 0.3411 0.3161 0.4907 0.1172
0.4626 0.1763 0.2388 0.5107 0.4049 0.4564 0.5188 0.2891 0.3382 0.2956 0.3492 0.3421 0.2527 0.4447 0.4121 0.2754 0.0000 0.2647 0.4964 0.3198 0.5357
0.3613 0.3578 0.5272 0.1965 0.2337 0.4224 0.3962 0.3676 0.5960 0.3807 0.5532 0.3626 0.1698 0.3272 0.5918 0.3563 0.3312 0.0000 0.3752 0.4803 0.4471
0.5202 0.2800 0.5908 0.3996 0.5974 0.5634 0.3926 0.2411 0.3880 0.3892 0.2512 0.5979 0.2899 0.3714 0.5482 0.4486 0.5452 0.4445 0.0000 0.5104 0.3219
0.5427 0.4703 0.5145 0.4934 0.4822 0.3508 0.5137 0.7742 0.5897 0.1425 0.2826 0.3349 0.5290 0.3938 0.6654 0.5643 0.3494 0.4244 0.6452 0.0000 0.7479
0.3249 0.4391 0.4416 0.4228 0.1861 0.2213 0.2303 0.3632 0.2728 0.3659 0.3378 0.4809 0.1821 0.1651 0.4201 0.4530 0.5507 0.4195 0.3602 0.3910 0.0000
