min_dist:
0.0000 0.1400 0.2400 0.2100 0.2600 0.1900 0.0600 0.2600 0.2000 0.2700 0.2100 0.2600 0.2400 0.1400 0.2800 0.2700 0.2800 0.3400 0.2400 0.1100 0.3400
0.1400 0.0000 0.1000 0.1300 0.3100 0.1900 0.2000 0.1200 0.2300 0.1300 0.1300 0.2400 0.2600 0.2400 0.2500 0.2600 0.1400 0.2000 0.2400 0.1400 0.2200
0.2400 0.1000 0.0000 0.0800 0.2100 0.0900 0.2800 0.2200 0.2700 0.2300 0.0800 0.2400 0.2400 0.1400 0.1800 0.1600 0.2400 0.3000 0.1400 0.1800 0.3200
0.2100 0.1300 0.0800 0.0000 0.1800 0.1700 0.2000 0.2000 0.1900 0.2600 0.0000 0.1600 0.1800 0.2200 0.2600 0.2400 0.1800 0.3000 0.2200 0.1000 0.3000
0.2600 0.3100 0.2100 0.1800 0.0000 0.1200 0.2000 0.2900 0.3100 0.3200 0.1800 0.2200 0.2400 0.1700 0.2100 0.3500 0.3100 0.1400 0.1700 0.2200 0.1200
0.1900 0.1900 0.0900 0.1700 0.1200 0.0000 0.2500 0.2100 0.1900 0.2000 0.1700 0.1700 0.1500 0.0500 0.0900 0.2500 0.2300 0.2100 0.0500 0.1000 0.2300
0.0600 0.2000 0.2800 0.2000 0.2000 0.2500 0.0000 0.3200 0.2600 0.2600 0.2000 0.2800 0.3000 0.2000 0.3400 0.3300 0.3400 0.3200 0.3000 0.1700 0.3000
0.2600 0.1200 0.2200 0.2000 0.2900 0.2100 0.3200 0.0000 0.2800 0.1800 0.2000 0.1200 0.1400 0.1600 0.1300 0.2500 0.0200 0.2600 0.1700 0.2000 0.2800
0.2000 0.2300 0.2700 0.1900 0.3100 0.1900 0.2600 0.2800 0.0000 0.3400 0.1900 0.2400 0.2600 0.2200 0.2800 0.2500 0.2600 0.4000 0.2400 0.0900 0.4200
0.2700 0.1300 0.2300 0.2600 0.3200 0.2000 0.2600 0.1800 0.3400 0.0000 0.2600 0.2300 0.2500 0.2500 0.2900 0.3600 0.1600 0.3300 0.2500 0.2700 0.3400
0.2100 0.1300 0.0800 0.0000 0.1800 0.1700 0.2000 0.2000 0.1900 0.2600 0.0000 0.1600 0.1800 0.2200 0.2600 0.2400 0.1800 0.3000 0.2200 0.1000 0.3000
0.2600 0.2400 0.2400 0.1600 0.2200 0.1700 0.2800 0.1200 0.2400 0.2300 0.1600 0.0000 0.0200 0.1200 0.1700 0.1300 0.1400 0.2000 0.1300 0.2600 0.2200
0.2400 0.2600 0.2400 0.1800 0.2400 0.1500 0.3000 0.1400 0.2600 0.2500 0.1800 0.0200 0.0000 0.1000 0.1500 0.1500 0.1200 0.1800 0.1100 0.2500 0.2000
0.1400 0.2400 0.1400 0.2200 0.1700 0.0500 0.2000 0.1600 0.2200 0.2500 0.2200 0.1200 0.1000 0.0000 0.1400 0.2500 0.1800 0.2200 0.1000 0.1500 0.2000
0.2800 0.2500 0.1800 0.2600 0.2100 0.0900 0.3400 0.1300 0.2800 0.2900 0.2600 0.1700 0.1500 0.1400 0.0000 0.3000 0.1500 0.1300 0.0400 0.1900 0.1500
0.2700 0.2600 0.1600 0.2400 0.3500 0.2500 0.3300 0.2500 0.2500 0.3600 0.2400 0.1300 0.1500 0.2500 0.3000 0.0000 0.2700 0.3200 0.2600 0.1600 0.3000
0.2800 0.1400 0.2400 0.1800 0.3100 0.2300 0.3400 0.0200 0.2600 0.1600 0.1800 0.1400 0.1200 0.1800 0.1500 0.2700 0.0000 0.2400 0.1900 0.2200 0.2600
0.3400 0.2000 0.3000 0.3000 0.1400 0.2100 0.3200 0.2600 0.4000 0.3300 0.3000 0.2000 0.1800 0.2200 0.1300 0.3200 0.2400 0.0000 0.1600 0.3100 0.0200
0.2400 0.2400 0.1400 0.2200 0.1700 0.0500 0.3000 0.1700 0.2400 0.2500 0.2200 0.1300 0.1100 0.1000 0.0400 0.2600 0.1900 0.1600 0.0000 0.1500 0.1800
0.1100 0.1400 0.1800 0.1000 0.2200 0.1000 0.1700 0.2000 0.0900 0.2700 0.1000 0.2600 0.2500 0.1500 0.1900 0.1600 0.2200 0.3100 0.1500 0.0000 0.3300
0.3400 0.2200 0.3200 0.3000 0.1200 0.2300 0.3000 0.2800 0.4200 0.3400 0.3000 0.2200 0.2000 0.2000 0.1500 0.3000 0.2600 0.0200 0.1800 0.3300 0.0000

max_dist:
0.0000 0.5900 0.4100 0.5300 0.6000 0.2700 0.6200 0.5300 0.3500 0.6400 0.5600 0.5800 0.4600 0.6600 0.6900 0.7400 0.5800 0.6700 0.4600 0.4800 0.7600
0.5900 0.0000 0.6600 0.8200 0.8500 0.5600 0.4300 0.2800 0.7400 0.6900 0.4400 0.6600 0.7900 0.3400 0.5400 0.6000 0.7800 0.8000 0.4300 0.4200 0.6700
0.4100 0.6600 0.0000 0.3600 0.6000 0.1400 0.4300 0.7000 0.7000 0.4200 0.5000 0.5800 0.4600 0.4000 0.2800 0.5200 0.5100 0.4800 0.3600 0.4500 0.5700
0.5300 0.8200 0.3600 0.0000 0.2800 0.5000 0.4400 0.7200 0.7500 0.3400 0.8600 0.5900 0.5800 0.7000 0.6400 0.5800 0.5400 0.6000 0.5000 0.5700 0.8000
0.6000 0.8500 0.6000 0.2800 0.0000 0.4600 0.7200 0.6800 0.7500 0.5800 0.8000 0.3400 0.5400 0.6000 0.5000 0.4800 0.6400 0.8200 0.4800 0.4800 0.5900
0.2700 0.5600 0.1400 0.5000 0.4600 0.0000 0.5600 0.7300 0.6200 0.5600 0.6400 0.6700 0.3200 0.4700 0.4200 0.4800 0.5500 0.4000 0.2200 0.5900 0.6200
0.6200 0.4300 0.4300 0.4400 0.7200 0.5600 0.0000 0.7100 0.9200 0.2600 0.5500 0.5100 0.7400 0.6400 0.6800 0.5700 0.4600 0.6800 0.7600 0.5500 0.3600
0.5300 0.2800 0.7000 0.7200 0.6800 0.7300 0.7100 0.0000 0.5900 0.5800 0.7200 0.3800 0.6200 0.6200 0.7000 0.6600 0.5000 0.6400 0.7100 0.4000 0.3900
0.3500 0.7400 0.7000 0.7500 0.7500 0.6200 0.9200 0.5900 0.0000 0.6600 0.5400 0.5200 0.8100 0.4000 0.7600 0.6200 0.5900 0.5900 0.6600 0.7100 0.6900
0.6400 0.6900 0.4200 0.3400 0.5800 0.5600 0.2600 0.5800 0.6600 0.0000 0.6400 0.6100 0.4800 0.5700 0.7000 0.6800 0.2000 0.6300 0.7300 0.4700 0.6200
0.5600 0.4400 0.5000 0.8600 0.8000 0.6400 0.5500 0.7200 0.5400 0.6400 0.0000 0.6500 0.7100 0.4700 0.5900 0.8600 0.7900 0.3600 0.5200 0.8000 0.3600
0.5800 0.6600 0.5800 0.5900 0.3400 0.6700 0.5100 0.3800 0.5200 0.6100 0.6500 0.0000 0.7000 0.5800 0.7800 0.8000 0.8100 0.6400 0.5400 0.6800 0.7700
0.4600 0.7900 0.4600 0.5800 0.5400 0.3200 0.7400 0.6200 0.8100 0.4800 0.7100 0.7000 0.0000 0.7900 0.4600 0.3600 0.6000 0.7000 0.4600 0.9000 0.7500
0.6600 0.3400 0.4000 0.7000 0.6000 0.4700 0.6400 0.6200 0.4000 0.5700 0.4700 0.5800 0.7900 0.0000 0.6800 0.6800 0.7100 0.8300 0.5800 0.4400 0.4800
0.6900 0.5400 0.2800 0.6400 0.5000 0.4200 0.6800 0.7000 0.7600 0.7000 0.5900 0.7800 0.4600 0.6800 0.0000 0.8000 0.6000 0.7600 0.5600 0.7300 0.6200
0.7400 0.6000 0.5200 0.5800 0.4800 0.4800 0.5700 0.6600 0.6200 0.6800 0.8600 0.8000 0.3600 0.6800 0.8000 0.0000 0.8800 0.8800 0.4600 0.8600 0.7600
0.5800 0.7800 0.5100 0.5400 0.6400 0.5500 0.4600 0.5000 0.5900 0.2000 0.7900 0.8100 0.6000 0.7100 0.6000 0.8800 0.0000 0.4300 0.6700 0.4500 0.5400
0.6700 0.8000 0.4800 0.6000 0.8200 0.4000 0.6800 0.6400 0.5900 0.6300 0.3600 0.6400 0.7000 0.8300 0.7600 0.8800 0.4300 0.0000 0.5800 0.6600 0.4300
0.4600 0.4300 0.3600 0.5000 0.4800 0.2200 0.7600 0.7100 0.6600 0.7300 0.5200 0.5400 0.4600 0.5800 0.5600 0.4600 0.6700 0.5800 0.0000 0.7000 0.7600
0.4800 0.4200 0.4500 0.5700 0.4800 0.5900 0.5500 0.4000 0.7100 0.4700 0.8000 0.6800 0.9000 0.4400 0.7300 0.8600 0.4500 0.6600 0.7000 0.0000 0.7200
0.7600 0.6700 0.5700 0.8000 0.5900 0.6200 0.3600 0.3900 0.6900 0.6200 0.3600 0.7700 0.7500 0.4800 0.6200 0.7600 0.5400 0.4300 0.7600 0.7200 0.0000

--- Contains 5 samples ---

--- Sample 1 ---
node_demand:
0.2333
0.0333
0.1333
0.1000
0.2000
0.2000
0.3000
0.2667
0.2000
0.3000
0.2000
0.1333
0.3000
0.0667
0.1333
0.1333
0.2667
0.2333
0.1000
0.1667

dist_matrix:
0.0000 0.2993 0.2911 0.2803 0.4560 0.2380 0.4949 0.5008 0.2053 0.6375 0.2761 0.4388 0.2691 0.6506 0.4375 0.3595 0.2937 0.5600 0.4210 0.4135 0.6895
0.4918 0.0000 0.5350 0.3841 0.8194 0.2877 0.2743 0.2101 0.4977 0.2394 0.4169 0.2908 0.6194 0.2673 0.4954 0.4827 0.5596 0.2353 0.3704 0.3654 0.3172
0.3374 0.4158 0.0000 0.1219 0.5208 0.0964 0.3554 0.5891 0.4211 0.2779 0.3628 0.4849 0.3563 0.2668 0.1962 0.1923 0.2437 0.4334 0.3522 0.2305 0.4543
0.4829 0.5983 0.2107 0.0000 0.2256 0.3088 0.2698 0.2106 0.4143 0.3361 0.4598 0.3169 0.2259 0.5661 0.3935 0.5288 0.1969 0.3799 0.4978 0.1082 0.3046
0.4512 0.5042 0.3195 0.2246 0.0000 0.3570 0.4296 0.3420 0.3472 0.4639 0.4135 0.2226 0.4280 0.3656 0.3787 0.4448 0.4618 0.3865 0.3289 0.3394 0.5237
0.2025 0.4284 0.1089 0.3614 0.2730 0.0000 0.3852 0.2860 0.4843 0.5215 0.4980 0.1923 0.1949 0.3302 0.4180 0.4456 0.3996 0.3391 0.0984 0.4066 0.5280
0.4731 0.3725 0.3893 0.3771 0.6284 0.3592 0.0000 0.4614 0.3647 0.2600 0.4037 0.5062 0.5544 0.5346 0.5943 0.3833 0.3759 0.4680 0.6643 0.5415 0.3499
0.4249 0.2384 0.3683 0.3432 0.6320 0.2530 0.4990 0.0000 0.3431 0.2837 0.2140 0.3278 0.3601 0.5647 0.5445 0.4488 0.4647 0.2879 0.2836 0.2275 0.3834
0.3078 0.7298 0.6395 0.5262 0.3254 0.2627 0.6665 0.3181 0.0000 0.6404 0.1971 0.4784 0.3263 0.3720 0.6166 0.4201 0.3727 0.4118 0.4436 0.6859 0.6677
0.3547 0.4320 0.2922 0.3236 0.4138 0.2008 0.2600 0.3973 0.5256 0.0000 0.3332 0.2770 0.4594 0.5232 0.4982 0.5056 0.1902 0.5062 0.5479 0.4285 0.5870
0.3557 0.2204 0.2703 0.0875 0.4250 0.2360 0.3051 0.4409 0.2531 0.3166 0.0000 0.5300 0.3149 0.3473 0.5267 0.8275 0.3081 0.3552 0.4118 0.2545 0.3434
0.3662 0.5223 0.2556 0.3237 0.3319 0.6084 0.4230 0.1266 0.3654 0.2341 0.4503 0.0000 0.0564 0.5172 0.7628 0.6052 0.4473 0.3210 0.1909 0.3827 0.4183
0.4505 0.7180 0.2941 0.5050 0.4168 0.2983 0.3178 0.1719 0.3479 0.2779 0.4657 0.6728 0.0000 0.7674 0.1960 0.3535 0.4903 0.2214 0.2808 0.5546 0.6216
0.2568 0.2513 0.3614 0.5919 0.2152 0.2948 0.3304 0.5092 0.2235 0.4230 0.4369 0.4077 0.3527 0.0000 0.6469 0.5744 0.3217 0.6259 0.2788 0.3104 0.4136
0.5732 0.4956 0.2457 0.6091 0.4472 0.2650 0.6454 0.5993 0.7173 0.3588 0.4756 0.7194 0.3691 0.5308 0.0000 0.3259 0.2190 0.4566 0.4756 0.5385 0.1843
0.5343 0.5653 0.1895 0.3538 0.3918 0.4170 0.4236 0.5471 0.4178 0.4833 0.4490 0.1703 0.3228 0.4077 0.7507 0.0000 0.3357 0.8203 0.4195 0.4776 0.4210
0.4757 0.1680 0.3144 0.3870 0.6312 0.3651 0.4248 0.2104 0.5785 0.1872 0.6931 0.5512 0.3997 0.4402 0.4588 0.7316 0.0000 0.4120 0.2549 0.3309 0.3206
0.5138 0.6116 0.4182 0.5370 0.5332 0.2806 0.4695 0.6039 0.4075 0.4460 0.3459 0.4565 0.3967 0.3026 0.7458 0.5428 0.3143 0.0000 0.4609 0.4548 0.3886
0.2799 0.2818 0.3333 0.4585 0.2496 0.0667 0.5937 0.6716 0.5787 0.3644 0.4014 0.2350 0.3250 0.5151 0.4384 0.3022 0.4075 0.3066 0.0000 0.1731 0.3704
0.3863 0.2301 0.2486 0.3474 0.3681 0.4825 0.3258 0.2072 0.1239 0.3563 0.2383 0.6570 0.3320 0.4152 0.4045 0.5976 0.2778 0.5825 0.1941 0.0000 0.5960
0.4207 0.6062 0.4258 0.5777 0.3454 0.5918 0.3294 0.3010 0.4889 0.5493 0.3356 0.6681 0.2859 0.3406 0.1628 0.3409 0.4327 0.0221 0.5607 0.5734 0.0000

--- Sample 2 ---
node_demand:
0.2333
0.0333
0.1333
0.1000
0.2000
0.2000
0.3000
0.2667
0.2000
0.3000
0.2000
0.1333
0.3000
0.0667
0.1333
0.1333
0.2667
0.2333
0.1000
0.1667

dist_matrix:
0.0000 0.2790 0.3167 0.4471 0.4655 0.2631 0.5635 0.4179 0.3308 0.2982 0.2790 0.3619 0.4179 0.5473 0.6348 0.4427 0.4664 0.4975 0.4468 0.3092 0.4975
0.4356 0.0000 0.4585 0.3123 0.5538 0.5375 0.3046 0.2364 0.7046 0.5746 0.2680 0.5876 0.2663 0.2690 0.3363 0.5434 0.4261 0.3608 0.4099 0.2457 0.5726
0.3270 0.2884 0.0000 0.0812 0.3755 0.1356 0.3759 0.6384 0.6914 0.3641 0.4992 0.3852 0.3489 0.3459 0.2583 0.4212 0.3770 0.3305 0.3080 0.3419 0.4239
0.3313 0.4853 0.2649 0.0000 0.1916 0.4512 0.4119 0.3373 0.4618 0.2973 0.6673 0.3112 0.2216 0.5077 0.3446 0.2719 0.5339 0.3101 0.3608 0.4458 0.6786
0.4695 0.6080 0.2127 0.2564 0.0000 0.2110 0.6833 0.4359 0.4340 0.4093 0.4408 0.2554 0.2635 0.5773 0.4612 0.4447 0.4191 0.2346 0.1846 0.4179 0.4822
0.2265 0.4228 0.1137 0.3282 0.3002 0.0000 0.4559 0.5783 0.4562 0.2394 0.5315 0.3674 0.1648 0.2430 0.1086 0.3689 0.5208 0.2728 0.0913 0.3343 0.2934
0.5666 0.4111 0.4278 0.2342 0.4782 0.4446 0.0000 0.5101 0.7207 0.2600 0.4818 0.3167 0.7344 0.3089 0.4859 0.3525 0.4049 0.3313 0.3774 0.3801 0.3465
0.3792 0.1617 0.4001 0.6421 0.5502 0.5010 0.4283 0.0000 0.3938 0.3701 0.6090 0.2052 0.1730 0.4729 0.2702 0.5141 0.4964 0.3172 0.2078 0.3808 0.3620
0.3011 0.6363 0.3767 0.5482 0.6399 0.6144 0.8255 0.4381 0.0000 0.4001 0.3288 0.3055 0.3500 0.2861 0.5148 0.5425 0.5122 0.5634 0.5942 0.5294 0.5357
0.4610 0.4507 0.2352 0.3250 0.5618 0.2436 0.2600 0.1886 0.4949 0.0000 0.2983 0.2698 0.3266 0.3735 0.6366 0.5096 0.1645 0.3859 0.5907 0.4045 0.5986
0.2167 0.4251 0.4265 0.7316 0.7956 0.2463 0.2460 0.2721 0.2916 0.2690 0.0000 0.6441 0.6814 0.2439 0.3399 0.4269 0.3276 0.3575 0.3380 0.7982 0.3210
0.4702 0.2467 0.4244 0.5319 0.2477 0.2953 0.3000 0.3429 0.3662 0.2986 0.4065 0.0000 0.3515 0.3437 0.6103 0.5810 0.2849 0.3916 0.4545 0.2677 0.3753
0.3036 0.7139 0.3948 0.3475 0.3426 0.2794 0.3792 0.4649 0.6238 0.3090 0.2317 0.5138 0.0000 0.1556 0.4087 0.1958 0.3458 0.5211 0.3585 0.3635 0.3676
0.5918 0.2560 0.3487 0.5627 0.2402 0.3693 0.2986 0.6046 0.3156 0.3225 0.2878 0.3726 0.6406 0.0000 0.2202 0.4717 0.3335 0.3497 0.3103 0.4366 0.3816
0.4773 0.3222 0.2635 0.5541 0.3908 0.3360 0.5983 0.3829 0.7520 0.4988 0.4047 0.5113 0.2291 0.1721 0.0000 0.3632 0.4258 0.5663 0.4123 0.5906 0.4541
0.5044 0.2910 0.3482 0.3128 0.4015 0.2729 0.3464 0.4932 0.2987 0.4870 0.6895 0.5960 0.3444 0.4963 0.3054 0.0000 0.3209 0.6879 0.4187 0.2641 0.7600
0.5279 0.5619 0.4235 0.5293 0.3976 0.3419 0.3993 0.0793 0.4058 0.1978 0.5146 0.6904 0.2174 0.4320 0.5508 0.2737 0.0000 0.2446 0.2820 0.3664 0.5141
0.5050 0.6178 0.4336 0.4851 0.3908 0.3960 0.5557 0.6117 0.4192 0.4938 0.3041 0.5444 0.2333 0.4300 0.4395 0.8407 0.2403 0.0000 0.3819 0.3887 0.2755
0.3408 0.3672 0.3311 0.3526 0.3473 0.0624 0.5150 0.5395 0.6256 0.4336 0.5056 0.1993 0.2391 0.5640 0.5589 0.3466 0.3733 0.5542 0.0000 0.2644 0.3293
0.2076 0.2080 0.2260 0.4731 0.4092 0.2586 0.2368 0.3223 0.5346 0.3111 0.4207 0.4709 0.2933 0.2454 0.2441 0.2394 0.4045 0.3556 0.1801 0.0000 0.4498
0.5594 0.3040 0.5117 0.3992 0.2108 0.5912 0.3090 0.3763 0.6834 0.4787 0.3564 0.3124 0.4964 0.3314 0.2180 0.4907 0.3043 0.1411 0.6869 0.5700 0.0000

--- Sample 3 ---
node_demand:
0.2333
0.0333
0.1333
0.1000
0.2000
0.2000
0.3000
0.2667
0.2000
0.3000
0.2000
0.1333
0.3000
0.0667
0.1333
0.1333
0.2667
0.2333
0.1000
0.1667

dist_matrix:
0.0000 0.2165 0.3037 0.3915 0.5814 0.2395 0.3042 0.4930 0.2775 0.3826 0.4726 0.4830 0.2848 0.3636 0.4901 0.4939 0.3124 0.3727 0.3191 0.1345 0.5993
0.3133 0.0000 0.6592 0.8034 0.4518 0.3193 0.2203 0.1662 0.6507 0.1553 0.1846 0.4472 0.4545 0.2841 0.3856 0.3714 0.7030 0.4979 0.3606 0.2159 0.4440
0.2514 0.4943 0.0000 0.2676 0.3247 0.1076 0.4132 0.4468 0.3402 0.2748 0.1904 0.5114 0.4383 0.3968 0.2264 0.3534 0.2736 0.3247 0.2804 0.2271 0.5523
0.3804 0.1347 0.1877 0.0000 0.2095 0.4530 0.4095 0.5062 0.6407 0.3199 0.7748 0.5305 0.4248 0.6415 0.5377 0.5629 0.2684 0.5726 0.4283 0.3038 0.5132
0.4723 0.5224 0.4087 0.2054 0.0000 0.4361 0.3482 0.5312 0.5269 0.3991 0.6351 0.3175 0.3131 0.5653 0.4212 0.4675 0.3166 0.4663 0.2716 0.4453 0.1611
0.2468 0.2028 0.1366 0.2030 0.1774 0.0000 0.2871 0.4788 0.4684 0.2723 0.4311 0.3215 0.1723 0.2472 0.1398 0.3132 0.5309 0.3708 0.2124 0.3457 0.5328
0.3807 0.3650 0.3576 0.3780 0.6546 0.3454 0.0000 0.4867 0.3049 0.2600 0.5087 0.3183 0.5194 0.2959 0.3929 0.3326 0.4597 0.6645 0.6773 0.3992 0.3033
0.5138 0.2555 0.3454 0.3184 0.4193 0.4040 0.4899 0.0000 0.4252 0.5596 0.4136 0.2478 0.5468 0.4027 0.6795 0.5995 0.2858 0.5440 0.6516 0.2714 0.3051
0.2300 0.4346 0.3013 0.3915 0.5241 0.3074 0.3791 0.5193 0.0000 0.5130 0.2942 0.3408 0.5211 0.3709 0.3303 0.4262 0.2933 0.4394 0.4610 0.1444 0.6296
0.4075 0.5365 0.3108 0.2625 0.5337 0.3707 0.2600 0.2446 0.3873 0.0000 0.3933 0.4656 0.3136 0.5280 0.5568 0.6218 0.1796 0.5710 0.4411 0.3908 0.4969
0.5283 0.3485 0.3337 0.4911 0.6359 0.4973 0.3989 0.2308 0.4800 0.5832 0.0000 0.5097 0.3646 0.4650 0.5857 0.7035 0.6368 0.3009 0.2836 0.6998 0.3150
0.2724 0.3156 0.5019 0.5102 0.2867 0.2808 0.4416 0.2162 0.4720 0.4967 0.5375 0.0000 0.2809 0.3708 0.1855 0.3383 0.2917 0.3569 0.4867 0.5442 0.2963
0.2485 0.7843 0.3914 0.5025 0.3088 0.1912 0.3883 0.5415 0.5508 0.2637 0.4086 0.6673 0.0000 0.1659 0.2761 0.2987 0.1874 0.3873 0.1624 0.8348 0.7021
0.3212 0.2925 0.3762 0.2629 0.3682 0.3193 0.5404 0.3778 0.2944 0.3351 0.3437 0.2276 0.6619 0.0000 0.5493 0.4744 0.4762 0.2921 0.3653 0.3021 0.4540
0.6054 0.5295 0.2800 0.2652 0.2673 0.2579 0.6184 0.1677 0.3034 0.6855 0.3329 0.4149 0.3427 0.4697 0.0000 0.5220 0.4394 0.6493 0.3900 0.3768 0.3875
0.5615 0.4257 0.2171 0.5171 0.3950 0.4719 0.3754 0.2689 0.4879 0.5460 0.5910 0.3633 0.1743 0.6623 0.3079 0.0000 0.7734 0.5324 0.3181 0.4874 0.4308
0.2905 0.2174 0.4455 0.1923 0.4354 0.3279 0.4179 0.2433 0.4552 0.1623 0.5743 0.6621 0.5059 0.2094 0.5466 0.4919 0.0000 0.3021 0.5847 0.2906 0.4766
0.3477 0.5865 0.3847 0.3937 0.2971 0.2959 0.6234 0.6083 0.4942 0.6092 0.3577 0.5350 0.6930 0.5638 0.2845 0.4073 0.2981 0.0000 0.1700 0.3441 0.3701
0.2774 0.3731 0.2038 0.4178 0.4601 0.2121 0.5154 0.4004 0.4583 0.6524 0.2311 0.2831 0.2438 0.4568 0.0952 0.3073 0.3108 0.1768 0.0000 0.2790 0.2819
0.1466 0.3581 0.2597 0.4145 0.2633 0.4231 0.3250 0.3698 0.3439 0.3212 0.5083 0.5034 0.4707 0.3095 0.4546 0.5186 0.2440 0.6364 0.5354 0.0000 0.5614
0.5942 0.2694 0.3956 0.5674 0.5067 0.3021 0.3187 0.3096 0.4753 0.4215 0.3338 0.3988 0.6840 0.4789 0.2726 0.4377 0.4993 0.0436 0.3465 0.6957 0.0000

--- Sample 4 ---
node_demand:
0.2333
0.0333
0.1333
0.1000
0.2000
0.2000
0.3000
0.2667
0.2000
0.3000
0.2000
0.1333
0.3000
0.0667
0.1333
0.1333
0.2667
0.2333
0.1000
0.1667

dist_matrix:
0.0000 0.5219 0.3106 0.4871 0.3182 0.2498 0.6090 0.3049 0.3264 0.6090 0.5214 0.4264 0.3543 0.4135 0.4277 0.3295 0.3098 0.6076 0.4118 0.2229 0.5079
0.5051 0.0000 0.4646 0.7578 0.5378 0.2945 0.2568 0.2203 0.6632 0.1492 0.1626 0.3653 0.4673 0.3291 0.4853 0.4767 0.3190 0.3548 0.2407 0.1946 0.2342
0.2683 0.6393 0.0000 0.1674 0.5349 0.1133 0.3241 0.6262 0.3035 0.3163 0.2893 0.4466 0.4540 0.2268 0.2128 0.1676 0.4274 0.3054 0.2665 0.3415 0.5224
0.4212 0.1410 0.2187 0.0000 0.2288 0.2846 0.4336 0.3469 0.3517 0.3242 0.8025 0.3937 0.5460 0.7000 0.5481 0.5615 0.3963 0.4140 0.3879 0.2079 0.7038
0.4158 0.4620 0.3945 0.2689 0.0000 0.4450 0.7116 0.3613 0.6415 0.5209 0.5569 0.2394 0.2892 0.4615 0.3350 0.4484 0.4099 0.1405 0.3676 0.2297 0.2156
0.1981 0.2481 0.1220 0.4662 0.4380 0.0000 0.5451 0.4367 0.3751 0.4750 0.5533 0.2459 0.2743 0.1791 0.4027 0.3158 0.3310 0.3288 0.2104 0.3869 0.5944
0.2999 0.3247 0.3767 0.3449 0.3080 0.3481 0.0000 0.6017 0.4516 0.2600 0.3035 0.4440 0.4471 0.5531 0.4012 0.5382 0.3834 0.3675 0.7186 0.3330 0.3184
0.3906 0.2216 0.6320 0.5173 0.3756 0.2734 0.5753 0.0000 0.3401 0.2870 0.2584 0.3732 0.3837 0.3146 0.1435 0.5696 0.3895 0.4948 0.2414 0.2429 0.3405
0.3201 0.2671 0.2739 0.3811 0.4415 0.3142 0.5874 0.3684 0.0000 0.5764 0.4180 0.3915 0.7641 0.2798 0.6371 0.5714 0.3452 0.5793 0.3476 0.2114 0.4746
0.3705 0.1581 0.2836 0.3157 0.4433 0.5365 0.2600 0.3666 0.6389 0.0000 0.5522 0.5673 0.3238 0.4512 0.4215 0.6408 0.1694 0.4591 0.7276 0.3658 0.3654
0.4472 0.1387 0.4724 0.4830 0.6286 0.3517 0.4474 0.3856 0.1981 0.5566 0.0000 0.2650 0.4549 0.2620 0.5021 0.6583 0.2022 0.3207 0.4443 0.2693 0.3039
0.2670 0.4239 0.3983 0.4036 0.3355 0.1993 0.4756 0.2658 0.2859 0.3531 0.5709 0.0000 0.4791 0.4944 0.5871 0.4479 0.7932 0.4079 0.2141 0.2752 0.4100
0.2561 0.3048 0.3435 0.5608 0.4616 0.1552 0.3749 0.5004 0.5425 0.4085 0.4692 0.4082 0.0000 0.4857 0.3063 0.2070 0.5306 0.4137 0.3192 0.7820 0.6897
0.3342 0.2968 0.1840 0.2918 0.5685 0.1313 0.5423 0.4719 0.2839 0.3432 0.3918 0.3541 0.6357 0.0000 0.5267 0.3453 0.4833 0.6270 0.2158 0.2030 0.2015
0.3317 0.3721 0.1816 0.6139 0.4325 0.1642 0.5017 0.4460 0.3896 0.4782 0.4982 0.6048 0.3386 0.1762 0.0000 0.6878 0.5359 0.1854 0.2690 0.5715 0.5828
0.3406 0.5700 0.3462 0.2505 0.4101 0.4767 0.5630 0.4834 0.4874 0.6622 0.7088 0.5134 0.2819 0.3957 0.6235 0.0000 0.3640 0.4408 0.3265 0.5737 0.5225
0.4792 0.1586 0.2852 0.2333 0.5906 0.5309 0.4201 0.1811 0.3265 0.1742 0.6738 0.3294 0.4601 0.2787 0.1957 0.3905 0.0000 0.4032 0.4492 0.2553 0.4628
0.6026 0.5072 0.4083 0.4800 0.2214 0.3079 0.6410 0.4678 0.4668 0.5722 0.3576 0.2434 0.4521 0.5124 0.7427 0.5469 0.4075 0.0000 0.2132 0.3583 0.1292
0.3484 0.3106 0.2183 0.2763 0.2377 0.0784 0.3747 0.5527 0.5239 0.4384 0.2463 0.3751 0.1504 0.3330 0.3418 0.3193 0.4385 0.2255 0.0000 0.3008 0.1986
0.3401 0.1980 0.2333 0.5143 0.4796 0.4055 0.2208 0.2858 0.6680 0.2813 0.7447 0.6149 0.4254 0.3167 0.3076 0.8229 0.2645 0.3719 0.3170 0.0000 0.4271
0.4718 0.3975 0.3619 0.3894 0.5468 0.5502 0.3343 0.2961 0.4982 0.5830 0.3125 0.5001 0.5553 0.3695 0.3528 0.5367 0.2779 0.3658 0.2557 0.4131 0.0000

--- Sample 5 ---
node_demand:
0.2333
0.0333
0.1333
0.1000
0.2000
0.2000
0.3000
0.2667
0.2000
0.3000
0.2000
0.1333
0.3000
0.0667
0.1333
0.1333
0.2667
0.2333
0.1000
0.1667

dist_matrix:
0.0000 0.5191 0.2707 0.3193 0.4640 0.2366 0.5025 0.3527 0.2402 0.4848 0.4661 0.4646 0.4426 0.4055 0.6669 0.5974 0.5667 0.4071 0.3568 0.1177 0.6645
0.3684 0.0000 0.6388 0.6180 0.3621 0.3889 0.3442 0.1891 0.6244 0.3399 0.3923 0.2796 0.4053 0.2822 0.3105 0.2718 0.2433 0.4697 0.3745 0.2768 0.5301
0.3914 0.1578 0.0000 0.1307 0.5291 0.1312 0.3523 0.6034 0.6440 0.3521 0.2483 0.4258 0.2900 0.2690 0.2069 0.3961 0.3447 0.3469 0.1468 0.3136 0.5050
0.2606 0.3587 0.1101 0.0000 0.2459 0.4790 0.2609 0.6035 0.2056 0.2674 0.2773 0.3821 0.3613 0.6715 0.3909 0.3597 0.3671 0.3242 0.3197 0.5397 0.3308
0.5677 0.8039 0.5650 0.1857 0.0000 0.3268 0.2331 0.5913 0.3470 0.3582 0.6085 0.3233 0.2711 0.2873 0.4417 0.4394 0.3280 0.3845 0.2785 0.3774 0.5241
0.2673 0.4824 0.1331 0.2731 0.4047 0.0000 0.5092 0.4331 0.3139 0.3919 0.5160 0.3308 0.1700 0.1584 0.1110 0.4670 0.5097 0.3420 0.2150 0.5346 0.4082
0.4108 0.4184 0.3846 0.4188 0.4755 0.3126 0.0000 0.6497 0.3707 0.2600 0.3231 0.4679 0.4842 0.5632 0.5384 0.5592 0.4328 0.6430 0.4432 0.1720 0.3131
0.3167 0.1700 0.2476 0.5368 0.5802 0.4958 0.5490 0.0000 0.4226 0.4596 0.3625 0.2714 0.6186 0.5981 0.3916 0.2785 0.4552 0.6319 0.5196 0.2565 0.3626
0.3284 0.5710 0.5054 0.5410 0.4028 0.4072 0.8410 0.5136 0.0000 0.5529 0.4808 0.4461 0.2613 0.3648 0.4720 0.5032 0.2958 0.5707 0.6020 0.3585 0.4501
0.3517 0.4347 0.2396 0.3325 0.3646 0.3882 0.2600 0.2024 0.4926 0.0000 0.6310 0.2438 0.4526 0.4252 0.3696 0.6140 0.1632 0.6167 0.2828 0.3363 0.6125
0.3429 0.2247 0.1831 0.1036 0.7922 0.3310 0.3874 0.5713 0.4481 0.4563 0.0000 0.1907 0.5657 0.3459 0.3588 0.4591 0.5516 0.3513 0.4819 0.6542 0.3089
0.5335 0.5055 0.3159 0.5507 0.2772 0.5899 0.4778 0.1239 0.2830 0.4986 0.2174 0.0000 0.6527 0.4119 0.3410 0.3831 0.7825 0.2785 0.4003 0.4259 0.5292
0.2996 0.3129 0.4572 0.4285 0.5070 0.3084 0.4660 0.3168 0.7549 0.3973 0.3657 0.2214 0.0000 0.2823 0.3704 0.2175 0.4004 0.5250 0.1195 0.2784 0.5841
0.2419 0.3248 0.2786 0.5263 0.4219 0.3946 0.3925 0.3993 0.3269 0.3405 0.3046 0.5573 0.7488 0.0000 0.3999 0.4337 0.5967 0.4821 0.2133 0.2879 0.2935
0.5928 0.4331 0.2563 0.5573 0.2303 0.2994 0.3603 0.3584 0.6557 0.6226 0.5075 0.7146 0.2164 0.4065 0.0000 0.3254 0.5795 0.5497 0.2743 0.4767 0.2086
0.3769 0.3567 0.3847 0.5212 0.4264 0.2989 0.4148 0.3556 0.2785 0.6481 0.4664 0.3545 0.2669 0.3969 0.5790 0.0000 0.3521 0.5207 0.2831 0.2202 0.4085
0.4225 0.5032 0.4404 0.5094 0.4522 0.4592 0.3891 0.3699 0.2852 0.1846 0.4484 0.7463 0.5741 0.6517 0.5711 0.7877 0.0000 0.3324 0.4250 0.3104 0.3904
0.3522 0.2921 0.3188 0.5046 0.5724 0.2922 0.4295 0.5457 0.5110 0.3955 0.3553 0.6023 0.5759 0.4039 0.3275 0.8661 0.4155 0.0000 0.5776 0.4254 0.4237
0.4089 0.3350 0.1714 0.2727 0.2302 0.0673 0.5397 0.2656 0.4507 0.5569 0.3612 0.3423 0.1345 0.5674 0.4035 0.3446 0.2470 0.4974 0.0000 0.3169 0.6192
0.3317 0.2741 0.1953 0.4171 0.2941 0.1467 0.3621 0.2346 0.6566 0.4690 0.5556 0.6085 0.7954 0.2107 0.3065 0.5011 0.2350 0.4938 0.5620 0.0000 0.5225
0.6573 0.5943 0.3222 0.7620 0.1480 0.4182 0.3228 0.3568 0.5704 0.3548 0.3450 0.2367 0.4081 0.4147 0.5142 0.5245 0.5031 0.2681 0.7562 0.6578 0.0000
