min_dist:
0.0000 0.3100 0.2000 0.3300 0.1600 0.3300 0.3400 0.2500 0.2200 0.3000 0.2600 0.2500 0.3600 0.2400 0.1800 0.3400 0.1600 0.2600 0.3000 0.2600 0.3300
0.3100 0.0000 0.2400 0.2200 0.2000 0.1100 0.2700 0.2900 0.1400 0.2200 0.2600 0.2000 0.0700 0.2000 0.1300 0.1000 0.3400 0.2100 0.0800 0.2400 0.2200
0.2000 0.2400 0.0000 0.2100 0.0400 0.2900 0.3700 0.0500 0.1000 0.2200 0.1400 0.1300 0.1800 0.1200 0.2100 0.2200 0.2400 0.2400 0.1800 0.2400 0.2100
0.3300 0.2200 0.2100 0.0000 0.1700 0.2500 0.2600 0.2400 0.2300 0.1200 0.1600 0.0800 0.2000 0.2000 0.1600 0.1800 0.1800 0.2400 0.3000 0.0800 0.0000
0.1600 0.2000 0.0400 0.1700 0.0000 0.2500 0.3300 0.0900 0.0600 0.2500 0.1000 0.0900 0.2200 0.0800 0.1700 0.1800 0.2800 0.2000 0.1400 0.2500 0.1700
0.3300 0.1100 0.2900 0.2500 0.2500 0.0000 0.2400 0.3400 0.2500 0.3100 0.3300 0.1700 0.1800 0.1700 0.1500 0.0700 0.3600 0.2100 0.1900 0.3100 0.2500
0.3400 0.2700 0.3700 0.2600 0.3300 0.2400 0.0000 0.4200 0.2700 0.3200 0.3800 0.3400 0.3400 0.4000 0.3900 0.3100 0.1800 0.4100 0.1900 0.2800 0.2600
0.2500 0.2900 0.0500 0.2400 0.0900 0.3400 0.4200 0.0000 0.1500 0.2700 0.1900 0.1800 0.2300 0.1700 0.2600 0.2700 0.2900 0.2900 0.2300 0.2900 0.2400
0.2200 0.1400 0.1000 0.2300 0.0600 0.2500 0.2700 0.1500 0.0000 0.3100 0.1600 0.1500 0.2100 0.1400 0.2200 0.2400 0.3400 0.1400 0.0800 0.3100 0.2300
0.3000 0.2200 0.2200 0.1200 0.2500 0.3100 0.3200 0.2700 0.3100 0.0000 0.2800 0.1600 0.1500 0.1800 0.2000 0.2400 0.1400 0.2800 0.3000 0.0400 0.1200
0.2600 0.2600 0.1400 0.1600 0.1000 0.3300 0.3800 0.1900 0.1600 0.2800 0.0000 0.1900 0.3200 0.1800 0.2000 0.2800 0.3400 0.1200 0.2400 0.2400 0.1600
0.2500 0.2000 0.1300 0.0800 0.0900 0.1700 0.3400 0.1800 0.1500 0.1600 0.1900 0.0000 0.2200 0.1700 0.0800 0.1000 0.2600 0.1600 0.2300 0.1600 0.0800
0.3600 0.0700 0.1800 0.2000 0.2200 0.1800 0.3400 0.2300 0.2100 0.1500 0.3200 0.2200 0.0000 0.2700 0.2000 0.1700 0.2900 0.2800 0.1500 0.1900 0.2000
0.2400 0.2000 0.1200 0.2000 0.0800 0.1700 0.4000 0.1700 0.1400 0.1800 0.1800 0.1700 0.2700 0.0000 0.2500 0.1000 0.2800 0.2800 0.2200 0.2000 0.2000
0.1800 0.1300 0.2100 0.1600 0.1700 0.1500 0.3900 0.2600 0.2200 0.2000 0.2000 0.0800 0.2000 0.2500 0.0000 0.1800 0.2600 0.0800 0.2100 0.1600 0.1600
0.3400 0.1000 0.2200 0.1800 0.1800 0.0700 0.3100 0.2700 0.2400 0.2400 0.2800 0.1000 0.1700 0.1000 0.1800 0.0000 0.2900 0.2600 0.1800 0.2600 0.1800
0.1600 0.3400 0.2400 0.1800 0.2800 0.3600 0.1800 0.2900 0.3400 0.1400 0.3400 0.2600 0.2900 0.2800 0.2600 0.2900 0.0000 0.3400 0.3700 0.1000 0.1800
0.2600 0.2100 0.2400 0.2400 0.2000 0.2100 0.4100 0.2900 0.1400 0.2800 0.1200 0.1600 0.2800 0.2800 0.0800 0.2600 0.3400 0.0000 0.2200 0.2400 0.2400
0.3000 0.0800 0.1800 0.3000 0.1400 0.1900 0.1900 0.2300 0.0800 0.3000 0.2400 0.2300 0.1500 0.2200 0.2100 0.1800 0.3700 0.2200 0.0000 0.3200 0.3000
0.2600 0.2400 0.2400 0.0800 0.2500 0.3100 0.2800 0.2900 0.3100 0.0400 0.2400 0.1600 0.1900 0.2000 0.1600 0.2600 0.1000 0.2400 0.3200 0.0000 0.0800
0.3300 0.2200 0.2100 0.0000 0.1700 0.2500 0.2600 0.2400 0.2300 0.1200 0.1600 0.0800 0.2000 0.2000 0.1600 0.1800 0.1800 0.2400 0.3000 0.0800 0.0000

max_dist:
0.0000 0.3700 0.5600 0.7000 0.3400 0.5800 0.6000 0.6800 0.6200 0.4200 0.6200 0.7500 0.4100 0.7000 0.5800 0.6300 0.3800 0.4700 0.6800 0.8200 0.8800
0.3700 0.0000 0.6900 0.6700 0.6400 0.2100 0.6300 0.6800 0.2800 0.5800 0.6000 0.5200 0.3200 0.4400 0.5100 0.3300 0.5000 0.5200 0.5600 0.4500 0.8200
0.5600 0.6900 0.0000 0.7500 0.4600 0.5400 0.6200 0.3400 0.5600 0.5500 0.4900 0.7600 0.3700 0.4900 0.4800 0.6400 0.8300 0.7100 0.4500 0.3700 0.5100
0.7000 0.6700 0.7500 0.0000 0.4000 0.5300 0.5600 0.8300 0.5400 0.7600 0.7400 0.4400 0.7200 0.5000 0.4800 0.3400 0.7700 0.7300 0.5800 0.4400 0.4000
0.3400 0.6400 0.4600 0.4000 0.0000 0.5200 0.5800 0.7600 0.5200 0.4600 0.4300 0.7900 0.5000 0.7300 0.7100 0.6500 0.5600 0.4600 0.8600 0.7200 0.5400
0.5800 0.2100 0.5400 0.5300 0.5200 0.0000 0.4200 0.8600 0.4900 0.3700 0.8100 0.6900 0.5300 0.4800 0.3800 0.5400 0.6400 0.6300 0.6200 0.6400 0.6600
0.6000 0.6300 0.6200 0.5600 0.5800 0.4200 0.0000 0.5200 0.6300 0.6400 0.7600 0.6800 0.8600 0.8000 0.6100 0.6500 0.2200 0.5400 0.4800 0.7100 0.7400
0.6800 0.6800 0.3400 0.8300 0.7600 0.8600 0.5200 0.0000 0.6100 0.5000 0.5900 0.7800 0.5800 0.6000 0.6000 0.6000 0.7400 0.4900 0.5200 0.5900 0.7000
0.6200 0.2800 0.5600 0.5400 0.5200 0.4900 0.6300 0.6100 0.0000 0.5600 0.5300 0.4400 0.6000 0.7000 0.7400 0.5000 0.7800 0.4900 0.4600 0.6800 0.8700
0.4200 0.5800 0.5500 0.7600 0.4600 0.3700 0.6400 0.5000 0.5600 0.0000 0.7100 0.3300 0.5000 0.3800 0.7500 0.4200 0.7900 0.8400 0.5900 0.7000 0.6400
0.6200 0.6000 0.4900 0.7400 0.4300 0.8100 0.7600 0.5900 0.5300 0.7100 0.0000 0.3800 0.5000 0.5400 0.4700 0.6200 0.5800 0.2200 0.4700 0.6600 0.5700
0.7500 0.5200 0.7600 0.4400 0.7900 0.6900 0.6800 0.7800 0.4400 0.3300 0.3800 0.0000 0.8300 0.7100 0.7200 0.6000 0.4600 0.6000 0.5000 0.5600 0.6300
0.4100 0.3200 0.3700 0.7200 0.5000 0.5300 0.8600 0.5800 0.6000 0.5000 0.5000 0.8300 0.0000 0.7200 0.5900 0.6500 0.7500 0.7200 0.5600 0.7400 0.5000
0.7000 0.4400 0.4900 0.5000 0.7300 0.4800 0.8000 0.6000 0.7000 0.3800 0.5400 0.7100 0.7200 0.0000 0.6500 0.3300 0.5800 0.7600 0.5800 0.3600 0.7400
0.5800 0.5100 0.4800 0.4800 0.7100 0.3800 0.6100 0.6000 0.7400 0.7500 0.4700 0.7200 0.5900 0.6500 0.0000 0.7000 0.5200 0.2500 0.7000 0.3000 0.3300
0.6300 0.3300 0.6400 0.3400 0.6500 0.5400 0.6500 0.6000 0.5000 0.4200 0.6200 0.6000 0.6500 0.3300 0.7000 0.0000 0.4300 0.4500 0.6600 0.5900 0.7400
0.3800 0.5000 0.8300 0.7700 0.5600 0.6400 0.2200 0.7400 0.7800 0.7900 0.5800 0.4600 0.7500 0.5800 0.5200 0.4300 0.0000 0.5600 0.7000 0.4900 0.6300
0.4700 0.5200 0.7100 0.7300 0.4600 0.6300 0.5400 0.4900 0.4900 0.8400 0.2200 0.6000 0.7200 0.7600 0.2500 0.4500 0.5600 0.0000 0.6600 0.5500 0.5000
0.6800 0.5600 0.4500 0.5800 0.8600 0.6200 0.4800 0.5200 0.4600 0.5900 0.4700 0.5000 0.5600 0.5800 0.7000 0.6600 0.7000 0.6600 0.0000 0.7500 0.5300
0.8200 0.4500 0.3700 0.4400 0.7200 0.6400 0.7100 0.5900 0.6800 0.7000 0.6600 0.5600 0.7400 0.3600 0.3000 0.5900 0.4900 0.5500 0.7500 0.0000 0.6300
0.8800 0.8200 0.5100 0.4000 0.5400 0.6600 0.7400 0.7000 0.8700 0.6400 0.5700 0.6300 0.5000 0.7400 0.3300 0.7400 0.6300 0.5000 0.5300 0.6300 0.0000

--- Contains 5 samples ---

--- Sample 1 ---
node_demand:
0.0667
0.1667
0.2000
0.1333
0.1333
0.2667
0.0667
0.2667
0.2667
0.3000
0.3000
0.1333
0.0667
0.2333
0.2000
0.1333
0.0667
0.2000
0.0333
0.0667

dist_matrix:
0.0000 0.3353 0.3922 0.5942 0.2183 0.5271 0.3466 0.6723 0.5670 0.3008 0.3152 0.7202 0.3644 0.6380 0.1997 0.3890 0.1731 0.3935 0.6214 0.8108 0.8163
0.3323 0.0000 0.3376 0.3470 0.2070 0.1379 0.5235 0.5275 0.1731 0.3194 0.3069 0.2010 0.1477 0.3566 0.3416 0.2370 0.4510 0.4893 0.5470 0.3126 0.5472
0.2570 0.3358 0.0000 0.6323 0.1690 0.3121 0.5048 0.0730 0.3295 0.2462 0.3418 0.7556 0.3223 0.3364 0.2700 0.4367 0.6959 0.4757 0.4480 0.3560 0.4490
0.3599 0.2258 0.5619 0.0000 0.3428 0.4117 0.3657 0.7846 0.3194 0.3774 0.3285 0.1435 0.2394 0.2253 0.2076 0.1991 0.6133 0.4064 0.3086 0.2397 0.3574
0.2762 0.3005 0.3511 0.1896 0.0000 0.4849 0.5322 0.5628 0.0772 0.3699 0.3840 0.2016 0.4174 0.6562 0.3172 0.6203 0.4870 0.3992 0.7227 0.3758 0.3117
0.4281 0.1452 0.4194 0.3252 0.4366 0.0000 0.3758 0.8466 0.3190 0.3425 0.6986 0.3024 0.3693 0.1868 0.3019 0.1366 0.5005 0.6265 0.4947 0.4812 0.5098
0.3798 0.3472 0.5034 0.2988 0.4028 0.3777 0.0000 0.4610 0.3394 0.6081 0.5075 0.5814 0.5511 0.4653 0.5652 0.3192 0.2113 0.5032 0.4391 0.6310 0.3413
0.3287 0.4536 0.1967 0.7214 0.7295 0.3971 0.4467 0.0000 0.4624 0.4761 0.4005 0.4381 0.4299 0.2310 0.3993 0.4962 0.7086 0.3694 0.3740 0.5629 0.4828
0.3807 0.2149 0.5287 0.2599 0.3551 0.4177 0.5886 0.4278 0.0000 0.4172 0.3687 0.1689 0.4081 0.6029 0.4015 0.4307 0.7359 0.3467 0.1557 0.6292 0.3341
0.3226 0.5238 0.3990 0.2018 0.2869 0.3122 0.3987 0.3649 0.4686 0.0000 0.3765 0.2533 0.2900 0.3595 0.4419 0.3767 0.2589 0.5980 0.3512 0.5967 0.1786
0.3403 0.5726 0.2432 0.6996 0.4121 0.7586 0.6668 0.2506 0.5294 0.3594 0.0000 0.3517 0.3709 0.3066 0.2881 0.3137 0.4510 0.1760 0.4089 0.5535 0.3703
0.7308 0.3156 0.5102 0.1101 0.5501 0.3316 0.6059 0.4159 0.2193 0.1854 0.2382 0.0000 0.6887 0.1799 0.5769 0.1766 0.3084 0.5288 0.3056 0.2143 0.2716
0.3836 0.2763 0.1816 0.5985 0.2448 0.4994 0.6836 0.3418 0.5280 0.4422 0.4532 0.6879 0.0000 0.3141 0.4229 0.4072 0.4230 0.4368 0.2247 0.2095 0.2540
0.4124 0.2302 0.2912 0.2583 0.2115 0.3341 0.7094 0.5364 0.2196 0.3551 0.4312 0.4889 0.2979 0.0000 0.3027 0.2703 0.3580 0.5480 0.3862 0.3538 0.2397
0.1839 0.2307 0.4780 0.4136 0.2823 0.3669 0.5589 0.2975 0.3202 0.2544 0.2141 0.3958 0.5709 0.2650 0.0000 0.4372 0.3809 0.1579 0.5751 0.2673 0.2539
0.3665 0.2241 0.5633 0.3217 0.2862 0.3812 0.4263 0.5254 0.4709 0.3489 0.4897 0.2281 0.3113 0.2509 0.4904 0.0000 0.3153 0.3241 0.6142 0.3865 0.3280
0.2817 0.4443 0.8259 0.5684 0.3980 0.3642 0.1941 0.5036 0.6164 0.2968 0.5136 0.4040 0.5603 0.3960 0.4204 0.3473 0.0000 0.5443 0.4962 0.2212 0.4071
0.3316 0.4979 0.4999 0.6106 0.4495 0.3987 0.4808 0.3553 0.3775 0.3978 0.1465 0.2368 0.3352 0.5617 0.0918 0.3823 0.3489 0.0000 0.3852 0.2493 0.4776
0.5039 0.4285 0.3976 0.3631 0.8292 0.4693 0.2495 0.3552 0.3894 0.5479 0.3872 0.3701 0.5413 0.3147 0.3651 0.4199 0.5417 0.4076 0.0000 0.4567 0.3424
0.5832 0.2479 0.3153 0.1960 0.3590 0.3262 0.5112 0.3762 0.3741 0.3387 0.3909 0.2387 0.2184 0.2888 0.2440 0.4790 0.2671 0.2906 0.4177 0.0000 0.1803
0.4283 0.2254 0.3725 0.2734 0.5109 0.4510 0.4505 0.4261 0.4925 0.3502 0.1862 0.5898 0.3756 0.6175 0.2618 0.5027 0.6263 0.3215 0.4481 0.1358 0.0000

--- Sample 2 ---
node_demand:
0.0667
0.1667
0.2000
0.1333
0.1333
0.2667
0.0667
0.2667
0.2667
0.3000
0.3000
0.1333
0.0667
0.2333
0.2000
0.1333
0.0667
0.2000
0.0333
0.0667

dist_matrix:
0.0000 0.3288 0.2475 0.5530 0.1699 0.5141 0.5276 0.6300 0.5106 0.3298 0.5680 0.3091 0.4076 0.4344 0.5537 0.5738 0.2342 0.3915 0.3717 0.5072 0.6940
0.3509 0.0000 0.4630 0.4516 0.5616 0.1650 0.5266 0.4268 0.2200 0.5793 0.5534 0.4133 0.2985 0.3558 0.3723 0.2213 0.4626 0.3133 0.1545 0.3022 0.7736
0.4462 0.6858 0.0000 0.2715 0.1149 0.3979 0.5091 0.3120 0.2562 0.4776 0.4759 0.2960 0.3672 0.4312 0.4685 0.5186 0.5279 0.6260 0.3810 0.3432 0.4355
0.5439 0.6641 0.7250 0.0000 0.2027 0.4795 0.3175 0.8043 0.2583 0.2211 0.2259 0.3494 0.4077 0.4764 0.2615 0.2596 0.3406 0.6936 0.5301 0.2086 0.2074
0.2276 0.4258 0.2581 0.3351 0.0000 0.3385 0.3484 0.3098 0.3602 0.3525 0.3564 0.6057 0.4118 0.6074 0.3657 0.6447 0.3900 0.4457 0.5735 0.4531 0.2772
0.4988 0.1981 0.4331 0.3529 0.3218 0.0000 0.4021 0.6569 0.3502 0.3646 0.4789 0.5894 0.2718 0.2310 0.1847 0.3631 0.5175 0.4911 0.5281 0.5375 0.4207
0.5409 0.5171 0.6024 0.4183 0.4637 0.3715 0.0000 0.4306 0.5390 0.3401 0.7002 0.3603 0.6518 0.4819 0.5884 0.3287 0.1947 0.4277 0.4320 0.5766 0.4396
0.3349 0.5423 0.1971 0.7593 0.3208 0.8007 0.4638 0.0000 0.1817 0.3810 0.3481 0.4554 0.3208 0.1708 0.4736 0.4998 0.5936 0.4577 0.3605 0.3597 0.6438
0.4380 0.1983 0.2650 0.2797 0.2149 0.2708 0.6115 0.3728 0.0000 0.4603 0.5036 0.3998 0.3487 0.2963 0.7318 0.3078 0.4140 0.2420 0.1380 0.5307 0.4362
0.3548 0.4478 0.3704 0.3006 0.3261 0.3487 0.5709 0.3088 0.5295 0.0000 0.4414 0.1837 0.3616 0.3141 0.2879 0.2478 0.4648 0.6172 0.4952 0.4554 0.1849
0.4387 0.2856 0.4071 0.6062 0.1052 0.3761 0.5535 0.4635 0.5284 0.6119 0.0000 0.2070 0.3224 0.3572 0.2480 0.2944 0.4083 0.2093 0.4568 0.5550 0.1956
0.4499 0.4708 0.1660 0.3306 0.4465 0.6520 0.5040 0.4168 0.2930 0.2952 0.2321 0.0000 0.8150 0.4417 0.1128 0.1132 0.3637 0.5930 0.3160 0.4890 0.1232
0.3748 0.1615 0.3444 0.3288 0.3508 0.2051 0.7405 0.3961 0.4452 0.2074 0.4325 0.3308 0.0000 0.4590 0.4834 0.4173 0.4001 0.3370 0.5129 0.4203 0.3547
0.6380 0.3432 0.2412 0.2091 0.1303 0.4444 0.5654 0.5001 0.5532 0.3775 0.2628 0.5048 0.4354 0.0000 0.6224 0.1805 0.3334 0.6159 0.4467 0.3397 0.5548
0.4253 0.1493 0.2171 0.2963 0.3800 0.2062 0.4256 0.2988 0.4511 0.2902 0.4139 0.5801 0.5496 0.3507 0.0000 0.3674 0.5158 0.2108 0.4169 0.1781 0.2273
0.3537 0.1257 0.4233 0.2871 0.2520 0.3135 0.3915 0.4013 0.3814 0.3470 0.4596 0.4830 0.3185 0.2813 0.3862 0.0000 0.3413 0.3917 0.5654 0.5132 0.6044
0.3037 0.4423 0.4439 0.3370 0.3822 0.6101 0.1949 0.6283 0.6316 0.4222 0.5586 0.3348 0.3838 0.5443 0.4816 0.3924 0.0000 0.3906 0.6617 0.1321 0.6039
0.4247 0.3844 0.4595 0.5631 0.4073 0.3669 0.5303 0.3356 0.1632 0.5569 0.2120 0.5177 0.3850 0.7084 0.1802 0.2808 0.5206 0.0000 0.4012 0.5277 0.2927
0.5288 0.5295 0.2912 0.3443 0.3886 0.4563 0.4246 0.5131 0.4139 0.3276 0.3091 0.2890 0.5067 0.3256 0.6543 0.4424 0.6889 0.2544 0.0000 0.3935 0.3559
0.8172 0.3221 0.2634 0.3498 0.3366 0.3101 0.4635 0.5767 0.4066 0.0624 0.6185 0.5133 0.2789 0.2588 0.2190 0.5491 0.1727 0.3080 0.3483 0.0000 0.3897
0.6786 0.3983 0.2815 0.0027 0.2124 0.6138 0.3992 0.3206 0.8191 0.2458 0.5367 0.1033 0.2232 0.2664 0.2763 0.2954 0.5574 0.4897 0.3789 0.1964 0.0000

--- Sample 3 ---
node_demand:
0.0667
0.1667
0.2000
0.1333
0.1333
0.2667
0.0667
0.2667
0.2667
0.3000
0.3000
0.1333
0.0667
0.2333
0.2000
0.1333
0.0667
0.2000
0.0333
0.0667

dist_matrix:
0.0000 0.3670 0.5308 0.3329 0.2439 0.5401 0.3646 0.5624 0.4781 0.3377 0.4498 0.5730 0.3783 0.5179 0.1955 0.4820 0.3557 0.4112 0.3126 0.4407 0.4218
0.3653 0.0000 0.5279 0.5994 0.3936 0.1699 0.4661 0.3090 0.2327 0.4443 0.2702 0.2076 0.1662 0.3185 0.2252 0.1151 0.3736 0.3562 0.2316 0.2623 0.4813
0.2995 0.2751 0.0000 0.6012 0.0532 0.4945 0.4152 0.0938 0.4751 0.2287 0.3974 0.6024 0.2743 0.1553 0.2785 0.5056 0.7960 0.5280 0.3593 0.3240 0.4377
0.5402 0.6210 0.5340 0.0000 0.2335 0.3152 0.4725 0.6981 0.2527 0.5144 0.2005 0.2728 0.2430 0.3188 0.2338 0.3141 0.6246 0.4765 0.5775 0.1161 0.2257
0.3353 0.5846 0.3000 0.3881 0.0000 0.3439 0.3859 0.5921 0.3653 0.3582 0.1048 0.2801 0.3886 0.5153 0.4244 0.2212 0.3039 0.2626 0.1708 0.5375 0.4035
0.5495 0.1879 0.4410 0.2922 0.3645 0.0000 0.2800 0.7882 0.3923 0.3335 0.7692 0.6673 0.3466 0.3218 0.3001 0.3822 0.4238 0.3652 0.2578 0.5228 0.5904
0.5911 0.6026 0.6166 0.3644 0.5298 0.3549 0.0000 0.4434 0.6215 0.5658 0.4110 0.6740 0.8168 0.4680 0.4650 0.3172 0.2170 0.5016 0.4774 0.4854 0.6478
0.6511 0.4206 0.1958 0.4039 0.6741 0.6411 0.4853 0.0000 0.4861 0.4148 0.4264 0.2537 0.3325 0.4988 0.5853 0.4097 0.7254 0.4804 0.2704 0.4948 0.5775
0.5183 0.2790 0.4447 0.2694 0.0818 0.4291 0.3270 0.2551 0.0000 0.3656 0.4095 0.2684 0.4020 0.2960 0.6603 0.4670 0.4912 0.1813 0.2438 0.5982 0.7407
0.3466 0.5510 0.2686 0.6011 0.3534 0.3648 0.4267 0.3281 0.4611 0.0000 0.4920 0.3029 0.1832 0.2647 0.2979 0.4023 0.3393 0.6135 0.5152 0.4482 0.4692
0.2871 0.4048 0.4646 0.5190 0.2000 0.7363 0.6111 0.2775 0.1729 0.6096 0.0000 0.2511 0.3934 0.5164 0.2098 0.5456 0.4329 0.2005 0.4677 0.3903 0.3294
0.4081 0.3338 0.2110 0.3179 0.4685 0.3435 0.3512 0.3189 0.4087 0.1713 0.3336 0.0000 0.6661 0.1911 0.6970 0.5249 0.2618 0.2083 0.4734 0.4276 0.2635
0.3876 0.0776 0.3186 0.5625 0.4189 0.4661 0.5150 0.2922 0.2307 0.2753 0.3853 0.7424 0.0000 0.4570 0.4581 0.5635 0.5323 0.5131 0.3885 0.5637 0.3087
0.6858 0.4296 0.3076 0.3359 0.1555 0.4344 0.4281 0.4831 0.4037 0.3503 0.5397 0.5955 0.3351 0.0000 0.6059 0.2988 0.3029 0.3507 0.4176 0.2805 0.2235
0.3259 0.4419 0.2674 0.4054 0.5451 0.1771 0.4407 0.5973 0.7296 0.2813 0.4585 0.1872 0.4656 0.6093 0.0000 0.3508 0.4320 0.1420 0.3921 0.1919 0.2078
0.4861 0.2950 0.6248 0.1883 0.3919 0.3804 0.3932 0.4146 0.2913 0.3054 0.3262 0.4617 0.1806 0.3146 0.6924 0.0000 0.2913 0.3190 0.4442 0.4804 0.2849
0.3621 0.3542 0.6232 0.6851 0.4857 0.6290 0.2156 0.4186 0.5300 0.3531 0.5098 0.3472 0.5443 0.4792 0.5039 0.3581 0.0000 0.3649 0.6236 0.2279 0.3260
0.4227 0.3894 0.5987 0.5501 0.3637 0.5328 0.4673 0.2941 0.3275 0.3675 0.1433 0.4699 0.7127 0.5730 0.1732 0.3963 0.4321 0.0000 0.4806 0.4588 0.3176
0.4392 0.1402 0.2056 0.5157 0.3780 0.5875 0.1949 0.3191 0.4539 0.3760 0.2558 0.4187 0.3648 0.4492 0.6960 0.2785 0.6635 0.5968 0.0000 0.4890 0.4621
0.5563 0.3277 0.2506 0.3053 0.6468 0.4710 0.3898 0.4172 0.4108 0.1734 0.4712 0.2730 0.3228 0.2529 0.2743 0.4716 0.2538 0.2592 0.7260 0.0000 0.2867
0.6411 0.4006 0.3029 0.2772 0.3907 0.4676 0.2978 0.5692 0.6190 0.5662 0.4157 0.1421 0.2974 0.5337 0.1878 0.6503 0.5579 0.2456 0.5163 0.3527 0.0000

--- Sample 4 ---
node_demand:
0.0667
0.1667
0.2000
0.1333
0.1333
0.2667
0.0667
0.2667
0.2667
0.3000
0.3000
0.1333
0.0667
0.2333
0.2000
0.1333
0.0667
0.2000
0.0333
0.0667

dist_matrix:
0.0000 0.3579 0.2673 0.3618 0.2054 0.4722 0.5522 0.4943 0.5410 0.3203 0.3937 0.4749 0.4086 0.5593 0.5119 0.3777 0.3007 0.3616 0.3733 0.7996 0.3396
0.3446 0.0000 0.6054 0.4212 0.2586 0.1428 0.6195 0.3332 0.2362 0.3115 0.5379 0.4673 0.1709 0.3754 0.2695 0.2940 0.4525 0.3813 0.1243 0.3574 0.4599
0.5282 0.5266 0.0000 0.5035 0.2758 0.3267 0.4158 0.1776 0.4450 0.4163 0.3797 0.6081 0.3177 0.2535 0.4009 0.4032 0.3092 0.6453 0.4268 0.3500 0.2707
0.4258 0.3753 0.6111 0.0000 0.1932 0.4105 0.5480 0.2717 0.3671 0.3563 0.5830 0.1060 0.5694 0.4963 0.3484 0.1925 0.5919 0.4084 0.4287 0.2340 0.1423
0.2910 0.4527 0.2997 0.3053 0.0000 0.4031 0.5250 0.2838 0.2755 0.4562 0.2110 0.4617 0.3504 0.2274 0.2642 0.3974 0.4960 0.3632 0.1608 0.4207 0.5217
0.3478 0.1498 0.3156 0.2952 0.4275 0.0000 0.3662 0.8236 0.4171 0.3153 0.6296 0.2133 0.5280 0.3266 0.3253 0.3338 0.5496 0.4077 0.2927 0.6357 0.4140
0.4057 0.2783 0.3946 0.3965 0.4193 0.3957 0.0000 0.4495 0.3582 0.5977 0.5800 0.6411 0.7305 0.5827 0.4134 0.5993 0.1923 0.4221 0.4088 0.6302 0.4849
0.6579 0.3322 0.1883 0.2924 0.4203 0.3730 0.4250 0.0000 0.4707 0.4500 0.3510 0.6747 0.3778 0.4066 0.3557 0.5240 0.5082 0.3338 0.4955 0.5081 0.6228
0.2349 0.2065 0.3893 0.4481 0.2466 0.3028 0.4961 0.2594 0.0000 0.3289 0.3921 0.3184 0.3741 0.2433 0.4679 0.3442 0.6351 0.2305 0.1801 0.6520 0.2458
0.3082 0.3027 0.4833 0.1903 0.3186 0.3277 0.3320 0.3406 0.5437 0.0000 0.4628 0.2573 0.4142 0.2017 0.4838 0.3209 0.4437 0.3485 0.3569 0.0860 0.6374
0.5555 0.5442 0.3453 0.6506 0.1617 0.7161 0.5828 0.2101 0.3922 0.4819 0.0000 0.2997 0.4067 0.3441 0.2242 0.2876 0.3960 0.1779 0.4626 0.4847 0.1861
0.2535 0.2560 0.5140 0.0840 0.2113 0.3874 0.4246 0.5108 0.3249 0.3087 0.3152 0.0000 0.6408 0.2114 0.4262 0.5444 0.3688 0.3740 0.4854 0.3904 0.2515
0.3740 0.3079 0.2069 0.3783 0.2366 0.2049 0.6214 0.3719 0.3659 0.3589 0.3702 0.6485 0.0000 0.6085 0.3946 0.4476 0.7496 0.2853 0.4831 0.3405 0.4006
0.5875 0.2635 0.3995 0.3647 0.5235 0.4316 0.5427 0.4853 0.4741 0.2254 0.5277 0.4140 0.4005 0.0000 0.2781 0.1540 0.5288 0.5173 0.4621 0.3132 0.5705
0.3340 0.2589 0.4157 0.4540 0.7100 0.3401 0.5589 0.3767 0.6660 0.2564 0.2133 0.5087 0.4943 0.4038 0.0000 0.4851 0.3750 0.1898 0.6111 0.2936 0.2752
0.4095 0.1730 0.3900 0.2487 0.5860 0.3244 0.4924 0.3668 0.3068 0.4113 0.4353 0.3729 0.5335 0.2134 0.6472 0.0000 0.3895 0.3627 0.4782 0.3484 0.6109
0.3612 0.4028 0.5799 0.7238 0.3304 0.5738 0.1860 0.6286 0.6446 0.7554 0.4001 0.3300 0.3371 0.3021 0.4111 0.4005 0.0000 0.4720 0.4040 0.3693 0.1823
0.4235 0.4201 0.6557 0.3537 0.2607 0.3616 0.5371 0.4394 0.3318 0.8379 0.1403 0.4488 0.4941 0.4277 0.1354 0.3758 0.5492 0.0000 0.4157 0.3793 0.4876
0.5030 0.4120 0.4222 0.3577 0.2148 0.2216 0.3291 0.4368 0.1563 0.4147 0.2431 0.4077 0.4890 0.5328 0.6796 0.2550 0.5093 0.5694 0.0000 0.4765 0.4083
0.6300 0.3573 0.3121 0.0881 0.6575 0.4760 0.3652 0.4028 0.4901 0.3282 0.3099 0.1648 0.6828 0.2574 0.2896 0.3291 0.2070 0.3597 0.4038 0.0000 0.5870
0.7988 0.6108 0.4995 0.0875 0.5314 0.2932 0.2661 0.6815 0.7992 0.5204 0.4500 0.1669 0.2792 0.4629 0.2675 0.3611 0.5109 0.4065 0.3161 0.2274 0.0000

--- Sample 5 ---
node_demand:
0.0667
0.1667
0.2000
0.1333
0.1333
0.2667
0.0667
0.2667
0.2667
0.3000
0.3000
0.1333
0.0667
0.2333
0.2000
0.1333
0.0667
0.2000
0.0333
0.0667

dist_matrix:
0.0000 0.3222 0.3633 0.4796 0.3020 0.4721 0.5531 0.2522 0.4182 0.3782 0.6198 0.7239 0.3793 0.3283 0.2070 0.4037 0.3647 0.4677 0.5313 0.4948 0.5479
0.3357 0.0000 0.2769 0.2467 0.4286 0.1611 0.4135 0.5149 0.1791 0.4902 0.5535 0.3177 0.1157 0.2190 0.3909 0.1953 0.4134 0.2901 0.1129 0.2515 0.3506
0.4617 0.2568 0.0000 0.2728 0.1929 0.5044 0.4479 0.1051 0.1398 0.2645 0.2391 0.5333 0.2051 0.4077 0.4081 0.5054 0.4409 0.2738 0.2044 0.2441 0.2834
0.6858 0.3414 0.2219 0.0000 0.2694 0.5218 0.4147 0.3072 0.5356 0.3412 0.4152 0.1658 0.3868 0.2717 0.3327 0.3024 0.4127 0.6837 0.5368 0.3541 0.2281
0.1650 0.3565 0.2284 0.3498 0.0000 0.2883 0.5157 0.6545 0.2941 0.4578 0.3778 0.6059 0.2680 0.3694 0.4307 0.3127 0.4888 0.4512 0.4654 0.4748 0.3139
0.4923 0.1189 0.4814 0.2998 0.3259 0.0000 0.4039 0.5603 0.4348 0.3651 0.6890 0.5284 0.5067 0.2898 0.2329 0.4349 0.5429 0.3640 0.2873 0.4613 0.6054
0.5085 0.5395 0.3833 0.3575 0.3958 0.3909 0.0000 0.5004 0.3602 0.5871 0.4107 0.6679 0.5513 0.5481 0.5304 0.5547 0.1891 0.5285 0.3646 0.6671 0.7329
0.6225 0.4961 0.3357 0.8042 0.1591 0.4917 0.4235 0.0000 0.4834 0.3564 0.3657 0.7030 0.2559 0.2665 0.3566 0.4658 0.3708 0.4254 0.2632 0.4417 0.2532
0.5538 0.2568 0.3753 0.4244 0.4633 0.2874 0.4400 0.1860 0.0000 0.3370 0.4509 0.3788 0.5046 0.2557 0.7078 0.3252 0.6048 0.2723 0.2694 0.4868 0.7175
0.3533 0.4535 0.2845 0.6572 0.2741 0.3657 0.5783 0.3844 0.5132 0.0000 0.5179 0.2151 0.3740 0.2664 0.2135 0.3374 0.3401 0.5400 0.4204 0.1874 0.1427
0.3614 0.2953 0.2951 0.2475 0.1780 0.7322 0.6467 0.3736 0.4485 0.6509 0.0000 0.3238 0.3494 0.5001 0.3126 0.4255 0.3671 0.1677 0.3890 0.4357 0.1639
0.4739 0.2672 0.7404 0.2047 0.7411 0.4067 0.3439 0.5610 0.2826 0.2935 0.3160 0.0000 0.8093 0.3972 0.3136 0.2518 0.3224 0.4131 0.2845 0.5518 0.2807
0.3658 0.1161 0.3558 0.6287 0.4458 0.4841 0.5219 0.4118 0.2425 0.3812 0.3537 0.3294 0.0000 0.4299 0.5103 0.5322 0.4474 0.3827 0.1937 0.5916 0.2942
0.6495 0.2892 0.2187 0.2157 0.5461 0.2852 0.5464 0.4351 0.6012 0.2898 0.3478 0.1785 0.4023 0.0000 0.4166 0.1721 0.4789 0.4855 0.5228 0.2297 0.3841
0.4111 0.4367 0.3450 0.4376 0.6035 0.3258 0.5644 0.4127 0.5279 0.2656 0.2708 0.5115 0.4268 0.5907 0.0000 0.5023 0.3862 0.2004 0.6869 0.1610 0.3266
0.5955 0.2669 0.2986 0.2497 0.5298 0.1201 0.3671 0.4675 0.2785 0.3266 0.5148 0.1159 0.5931 0.1456 0.6881 0.0000 0.3239 0.3746 0.6221 0.3479 0.3377
0.1993 0.3953 0.4673 0.6095 0.4752 0.5936 0.2168 0.6756 0.6625 0.1655 0.4126 0.3235 0.5502 0.4904 0.4055 0.3155 0.0000 0.3794 0.6672 0.2302 0.5655
0.3569 0.3107 0.3768 0.6231 0.4168 0.4586 0.4286 0.4296 0.2639 0.6850 0.2123 0.3942 0.6943 0.3616 0.0816 0.3965 0.3853 0.0000 0.5437 0.3960 0.4515
0.3866 0.3232 0.3954 0.5633 0.4196 0.5348 0.3782 0.4381 0.1294 0.5824 0.3746 0.4098 0.3421 0.2811 0.4365 0.4851 0.5218 0.2545 0.0000 0.5899 0.3516
0.6270 0.3623 0.3155 0.4126 0.3564 0.3626 0.6489 0.4409 0.3535 0.1631 0.4935 0.4465 0.4906 0.3337 0.1610 0.4808 0.2972 0.4494 0.5888 0.0000 0.4882
0.3457 0.7210 0.4650 0.3663 0.4077 0.4126 0.3518 0.6725 0.6417 0.4485 0.4622 0.4878 0.2481 0.4823 0.3034 0.4224 0.2957 0.3001 0.5138 0.1499 0.0000
