min_dist:
0.0000 0.2000 0.3100 0.1600 0.0600 0.2800 0.3000 0.2000 0.3400 0.2000 0.2800 0.3200 0.2800 0.3000 0.2600 0.2400 0.2600 0.1200 0.4000 0.1800 0.1200
0.2000 0.0000 0.3900 0.2500 0.1400 0.2400 0.2800 0.2600 0.1400 0.1800 0.2800 0.3000 0.2600 0.2800 0.1800 0.1700 0.3600 0.2000 0.3200 0.3000 0.1000
0.3100 0.3900 0.0000 0.3900 0.2500 0.1800 0.1900 0.3700 0.2800 0.2900 0.1400 0.1700 0.3700 0.3700 0.4400 0.3700 0.3400 0.4200 0.2600 0.3200 0.3700
0.1600 0.2500 0.3900 0.0000 0.2200 0.3500 0.2000 0.3600 0.3000 0.1800 0.2800 0.2600 0.3800 0.2800 0.4100 0.0800 0.3100 0.0900 0.2400 0.3400 0.2600
0.0600 0.1400 0.2500 0.2200 0.0000 0.2200 0.3000 0.2600 0.2800 0.2600 0.2200 0.3800 0.3400 0.3200 0.3200 0.3000 0.2500 0.1800 0.3400 0.2400 0.1800
0.2800 0.2400 0.1800 0.3500 0.2200 0.0000 0.2600 0.2800 0.1900 0.4200 0.2800 0.3200 0.2400 0.3600 0.3600 0.3200 0.2600 0.2600 0.1600 0.3000 0.3400
0.3000 0.2800 0.1900 0.2000 0.3000 0.2600 0.0000 0.3800 0.2200 0.2600 0.0800 0.3500 0.1800 0.2600 0.4600 0.2800 0.3300 0.2900 0.1900 0.3800 0.1800
0.2000 0.2600 0.3700 0.3600 0.2600 0.2800 0.3800 0.0000 0.4000 0.3200 0.3000 0.2900 0.2200 0.4000 0.3100 0.3600 0.1800 0.3200 0.4200 0.2600 0.3200
0.3400 0.1400 0.2800 0.3000 0.2800 0.1900 0.2200 0.4000 0.0000 0.3200 0.1400 0.3400 0.2000 0.3800 0.3200 0.2200 0.2400 0.3400 0.1800 0.1600 0.2400
0.2000 0.1800 0.2900 0.1800 0.2600 0.4200 0.2600 0.3200 0.3200 0.0000 0.3400 0.1200 0.2400 0.2600 0.2600 0.2600 0.1900 0.1600 0.2800 0.2700 0.0800
0.2800 0.2800 0.1400 0.2800 0.2200 0.2800 0.0800 0.3000 0.1400 0.3400 0.0000 0.2800 0.2600 0.2400 0.4600 0.2700 0.3800 0.2800 0.1200 0.3000 0.2600
0.3200 0.3000 0.1700 0.2600 0.3800 0.3200 0.3500 0.2900 0.3400 0.1200 0.2800 0.0000 0.3600 0.2000 0.3800 0.3200 0.3000 0.2800 0.1600 0.2200 0.2000
0.2800 0.2600 0.3700 0.3800 0.3400 0.2400 0.1800 0.2200 0.2000 0.2400 0.2600 0.3600 0.0000 0.3400 0.4400 0.3800 0.1500 0.3700 0.2800 0.2300 0.1600
0.3000 0.2800 0.3700 0.2800 0.3200 0.3600 0.2600 0.4000 0.3800 0.2600 0.2400 0.2000 0.3400 0.0000 0.4200 0.3600 0.4500 0.3700 0.3600 0.4200 0.1800
0.2600 0.1800 0.4400 0.4100 0.3200 0.3600 0.4600 0.3100 0.3200 0.2600 0.4600 0.3800 0.4400 0.4200 0.0000 0.3300 0.4500 0.3800 0.3700 0.4400 0.2800
0.2400 0.1700 0.3700 0.0800 0.3000 0.3200 0.2800 0.3600 0.2200 0.2600 0.2700 0.3200 0.3800 0.3600 0.3300 0.0000 0.3900 0.1700 0.1600 0.3800 0.2700
0.2600 0.3600 0.3400 0.3100 0.2500 0.2600 0.3300 0.1800 0.2400 0.1900 0.3800 0.3000 0.1500 0.4500 0.4500 0.3900 0.0000 0.2200 0.4200 0.0800 0.2700
0.1200 0.2000 0.4200 0.0900 0.1800 0.2600 0.2900 0.3200 0.3400 0.1600 0.2800 0.2800 0.3700 0.3700 0.3800 0.1700 0.2200 0.0000 0.3300 0.3000 0.2400
0.4000 0.3200 0.2600 0.2400 0.3400 0.1600 0.1900 0.4200 0.1800 0.2800 0.1200 0.1600 0.2800 0.3600 0.3700 0.1600 0.4200 0.3300 0.0000 0.3400 0.3600
0.1800 0.3000 0.3200 0.3400 0.2400 0.3000 0.3800 0.2600 0.1600 0.2700 0.3000 0.2200 0.2300 0.4200 0.4400 0.3800 0.0800 0.3000 0.3400 0.0000 0.3000
0.1200 0.1000 0.3700 0.2600 0.1800 0.3400 0.1800 0.3200 0.2400 0.0800 0.2600 0.2000 0.1600 0.1800 0.2800 0.2700 0.2700 0.2400 0.3600 0.3000 0.0000

max_dist:
0.0000 0.7000 0.6200 0.6700 0.8600 0.6000 0.5000 0.6400 0.7400 0.5800 0.6800 0.7500 0.7900 0.5400 0.6000 0.6100 0.7600 0.6200 0.8600 0.5800 0.4400
0.7000 0.0000 0.4600 0.5000 0.2600 0.2800 0.6800 0.3800 0.2000 0.5800 0.5000 0.4800 0.4800 0.5800 0.5600 0.7600 0.5600 0.4900 0.5400 0.6200 0.5400
0.6200 0.4600 0.0000 0.7000 0.3100 0.1800 0.5800 0.5200 0.6000 0.5800 0.6200 0.6700 0.7800 0.6200 0.5000 0.4700 0.5800 0.6900 0.8700 0.4600 0.5200
0.6700 0.5000 0.7000 0.0000 0.7600 0.5400 0.5800 0.7400 0.6700 0.5300 0.7600 0.7000 0.4400 0.5500 0.6200 0.4000 0.7100 0.3800 0.7200 0.5000 0.3600
0.8600 0.2600 0.3100 0.7600 0.0000 0.3600 0.6400 0.6000 0.4600 0.5200 0.5000 0.7200 0.5700 0.5400 0.7000 0.7600 0.3000 0.5100 0.5800 0.4200 0.4200
0.6000 0.2800 0.1800 0.5400 0.3600 0.0000 0.5800 0.6600 0.4200 0.7600 0.7200 0.7600 0.6000 0.4800 0.6200 0.6500 0.5000 0.6000 0.8000 0.6400 0.4600
0.5000 0.6800 0.5800 0.5800 0.6400 0.5800 0.0000 0.6000 0.4800 0.4000 0.1800 0.5400 0.7200 0.4100 0.7000 0.7800 0.5400 0.5600 0.6000 0.5800 0.2200
0.6400 0.3800 0.5200 0.7400 0.6000 0.6600 0.6000 0.0000 0.5800 0.7200 0.7800 0.5400 0.4400 0.5700 0.6000 0.8200 0.5000 0.4800 0.8800 0.3800 0.3800
0.7400 0.2000 0.6000 0.6700 0.4600 0.4200 0.4800 0.5800 0.0000 0.7300 0.3000 0.5600 0.4400 0.5800 0.6200 0.9000 0.6600 0.5400 0.7200 0.7000 0.3900
0.5800 0.5800 0.5800 0.5300 0.5200 0.7600 0.4000 0.7200 0.7300 0.0000 0.4400 0.8000 0.5000 0.5300 0.7800 0.7400 0.3000 0.5800 0.5500 0.4800 0.3400
0.6800 0.5000 0.6200 0.7600 0.5000 0.7200 0.1800 0.7800 0.3000 0.4400 0.0000 0.3600 0.5700 0.5100 0.7000 0.6800 0.5200 0.3800 0.7400 0.7600 0.4000
0.7500 0.4800 0.6700 0.7000 0.7200 0.7600 0.5400 0.5400 0.5600 0.8000 0.3600 0.0000 0.7400 0.3000 0.4700 0.6700 0.7200 0.7200 0.8600 0.6800 0.4900
0.7900 0.4800 0.7800 0.4400 0.5700 0.6000 0.7200 0.4400 0.4400 0.5000 0.5700 0.7400 0.0000 0.6800 0.8500 0.4600 0.2700 0.5600 0.5800 0.5800 0.5000
0.5400 0.5800 0.6200 0.5500 0.5400 0.4800 0.4100 0.5700 0.5800 0.5300 0.5100 0.3000 0.6800 0.0000 0.7400 0.6000 0.5900 0.5000 0.7200 0.7200 0.1900
0.6000 0.5600 0.5000 0.6200 0.7000 0.6200 0.7000 0.6000 0.6200 0.7800 0.7000 0.4700 0.8500 0.7400 0.0000 0.7000 0.5800 0.9600 0.6000 0.7600 0.5500
0.6100 0.7600 0.4700 0.4000 0.7600 0.6500 0.7800 0.8200 0.9000 0.7400 0.6800 0.6700 0.4600 0.6000 0.7000 0.0000 0.5500 0.7800 0.4000 0.5200 0.7400
0.7600 0.5600 0.5800 0.7100 0.3000 0.5000 0.5400 0.5000 0.6600 0.3000 0.5200 0.7200 0.2700 0.5900 0.5800 0.5500 0.0000 0.4000 0.7000 0.5200 0.4000
0.6200 0.4900 0.6900 0.3800 0.5100 0.6000 0.5600 0.4800 0.5400 0.5800 0.3800 0.7200 0.5600 0.5000 0.9600 0.7800 0.4000 0.0000 0.8800 0.7600 0.6900
0.8600 0.5400 0.8700 0.7200 0.5800 0.8000 0.6000 0.8800 0.7200 0.5500 0.7400 0.8600 0.5800 0.7200 0.6000 0.4000 0.7000 0.8800 0.0000 0.6600 0.8200
0.5800 0.6200 0.4600 0.5000 0.4200 0.6400 0.5800 0.3800 0.7000 0.4800 0.7600 0.6800 0.5800 0.7200 0.7600 0.5200 0.5200 0.7600 0.6600 0.0000 0.7600
0.4400 0.5400 0.5200 0.3600 0.4200 0.4600 0.2200 0.3800 0.3900 0.3400 0.4000 0.4900 0.5000 0.1900 0.5500 0.7400 0.4000 0.6900 0.8200 0.7600 0.0000

--- Contains 5 samples ---

--- Sample 1 ---
node_demand:
0.2333
0.2000
0.1000
0.2000
0.1333
0.2333
0.2667
0.0667
0.3000
0.1000
0.2333
0.2333
0.0667
0.0333
0.2000
0.2000
0.0667
0.3000
0.3000
0.1667

dist_matrix:
0.0000 0.4065 0.4264 0.5411 0.5498 0.4095 0.4116 0.3640 0.3838 0.2106 0.4213 0.4183 0.3121 0.3787 0.4767 0.5148 0.2675 0.4188 0.4055 0.4439 0.3878
0.5650 0.0000 0.3900 0.2856 0.2463 0.2471 0.4237 0.3058 0.1434 0.2603 0.4497 0.3255 0.3522 0.4236 0.3644 0.3300 0.4613 0.2449 0.4507 0.3968 0.2721
0.5749 0.4132 0.0000 0.6643 0.2989 0.1800 0.3627 0.4146 0.5703 0.4836 0.3471 0.1913 0.4224 0.4352 0.4717 0.4071 0.5795 0.5507 0.3445 0.4493 0.5059
0.6110 0.3754 0.5015 0.0000 0.6580 0.5013 0.3310 0.7014 0.5719 0.4514 0.6380 0.2609 0.3976 0.5213 0.4983 0.1444 0.5671 0.3502 0.4700 0.4317 0.2930
0.4690 0.2561 0.2857 0.6029 0.0000 0.2207 0.3881 0.3206 0.3331 0.3493 0.4107 0.4531 0.3583 0.4550 0.3524 0.6680 0.2547 0.2931 0.4388 0.3774 0.2766
0.4931 0.2577 0.1800 0.4128 0.2617 0.0000 0.3600 0.3101 0.3854 0.6265 0.5910 0.6942 0.2573 0.3976 0.4114 0.4974 0.4495 0.3720 0.2804 0.3242 0.3964
0.4145 0.3694 0.5599 0.2456 0.5041 0.4246 0.0000 0.5479 0.2549 0.3681 0.1476 0.5091 0.3043 0.2737 0.5796 0.7658 0.4546 0.5599 0.4919 0.4077 0.1885
0.2478 0.3353 0.4823 0.4891 0.4961 0.4766 0.5598 0.0000 0.5591 0.3261 0.6397 0.4437 0.2329 0.4654 0.5672 0.7826 0.4660 0.3412 0.5196 0.3117 0.3445
0.6767 0.1486 0.4381 0.6057 0.4272 0.2361 0.3016 0.4795 0.0000 0.3947 0.2240 0.3630 0.2884 0.4544 0.6005 0.6478 0.2823 0.4270 0.3785 0.4096 0.3605
0.5203 0.2110 0.2907 0.2313 0.3935 0.6419 0.2638 0.6104 0.4118 0.0000 0.4067 0.3714 0.2456 0.4622 0.7710 0.4187 0.2789 0.1823 0.5209 0.3255 0.1552
0.5787 0.4511 0.4818 0.6626 0.4777 0.3669 0.1745 0.5738 0.1823 0.3982 0.0000 0.3347 0.3780 0.4287 0.4857 0.3224 0.4732 0.3430 0.2635 0.4625 0.2817
0.6694 0.3184 0.5174 0.6335 0.6799 0.5515 0.3673 0.5115 0.4624 0.7302 0.3225 0.0000 0.5781 0.2337 0.3876 0.4429 0.5018 0.6743 0.7601 0.2569 0.2944
0.6813 0.3482 0.5732 0.3917 0.4924 0.5433 0.4066 0.2251 0.3983 0.2641 0.3951 0.7269 0.0000 0.4827 0.4631 0.4334 0.2466 0.5409 0.5223 0.4727 0.3666
0.4264 0.4902 0.4901 0.4675 0.4593 0.3818 0.3549 0.5326 0.5725 0.3386 0.4137 0.2038 0.6777 0.0000 0.4300 0.4538 0.4756 0.4466 0.4117 0.5282 0.1823
0.5134 0.5361 0.4494 0.4732 0.4237 0.4211 0.6970 0.4796 0.4232 0.3977 0.4791 0.4530 0.4467 0.5838 0.0000 0.5262 0.5535 0.9562 0.4593 0.4912 0.2842
0.3295 0.2385 0.4309 0.1395 0.6457 0.5168 0.4932 0.6192 0.8561 0.6337 0.6294 0.4757 0.4335 0.5895 0.5128 0.0000 0.4976 0.4395 0.3704 0.4052 0.6231
0.2677 0.4839 0.4222 0.5296 0.2751 0.2882 0.3516 0.3878 0.4339 0.2866 0.3911 0.6323 0.2620 0.5593 0.4550 0.4455 0.0000 0.3113 0.6000 0.1646 0.3252
0.2457 0.3100 0.5498 0.1115 0.2912 0.4482 0.5420 0.3658 0.3402 0.1855 0.3261 0.5779 0.5220 0.4184 0.5838 0.3454 0.3241 0.0000 0.6437 0.3325 0.3206
0.7454 0.4095 0.6276 0.3363 0.4558 0.6038 0.4823 0.5626 0.5925 0.2945 0.3370 0.3438 0.5775 0.6504 0.4754 0.1929 0.4463 0.8012 0.0000 0.4419 0.8064
0.3368 0.3594 0.3965 0.3432 0.3991 0.6338 0.4764 0.3353 0.5218 0.4540 0.6961 0.3978 0.3543 0.7184 0.4503 0.4401 0.3369 0.7358 0.5831 0.0000 0.3178
0.2888 0.3462 0.5178 0.2758 0.2095 0.4271 0.2136 0.3331 0.2623 0.2480 0.3210 0.4863 0.2965 0.1848 0.5233 0.5282 0.3195 0.4974 0.8007 0.3638 0.0000

--- Sample 2 ---
node_demand:
0.2333
0.2000
0.1000
0.2000
0.1333
0.2333
0.2667
0.0667
0.3000
0.1000
0.2333
0.2333
0.0667
0.0333
0.2000
0.2000
0.0667
0.3000
0.3000
0.1667

dist_matrix:
0.0000 0.2442 0.3624 0.2091 0.7142 0.4060 0.3509 0.6110 0.4127 0.5145 0.4174 0.4986 0.7857 0.3027 0.5042 0.5192 0.4237 0.3449 0.8362 0.2299 0.4140
0.5460 0.0000 0.4096 0.2503 0.2341 0.2760 0.6462 0.3255 0.1504 0.2783 0.3517 0.3746 0.4090 0.3538 0.3696 0.6408 0.4352 0.2049 0.4835 0.5128 0.3760
0.5615 0.4413 0.0000 0.4789 0.2817 0.1800 0.2152 0.5198 0.4847 0.4163 0.3944 0.4656 0.7772 0.4515 0.4590 0.3885 0.3596 0.5286 0.8546 0.3975 0.4543
0.6122 0.3782 0.6386 0.0000 0.4094 0.3756 0.4505 0.5304 0.4343 0.4072 0.5457 0.5067 0.3971 0.5146 0.5065 0.2075 0.3382 0.1047 0.5597 0.4986 0.2717
0.3254 0.2519 0.2648 0.4992 0.0000 0.3064 0.4576 0.3691 0.4389 0.3472 0.3435 0.6861 0.3868 0.4012 0.4076 0.7533 0.2502 0.3876 0.4738 0.3597 0.2270
0.3765 0.2456 0.1800 0.3628 0.2765 0.0000 0.2835 0.3498 0.2043 0.6518 0.5468 0.4236 0.2788 0.4206 0.5311 0.6245 0.3150 0.5608 0.3970 0.5276 0.4101
0.4891 0.3814 0.4039 0.2503 0.4462 0.5394 0.0000 0.4227 0.3181 0.2897 0.1647 0.4292 0.6145 0.2731 0.6012 0.4466 0.4047 0.4424 0.2932 0.5237 0.1946
0.3590 0.3162 0.3852 0.7387 0.3819 0.3763 0.5324 0.0000 0.4426 0.6997 0.6676 0.2985 0.2853 0.4384 0.4614 0.6886 0.3345 0.3774 0.6118 0.3001 0.3228
0.4210 0.1573 0.4597 0.3975 0.4069 0.3869 0.3673 0.4909 0.0000 0.6913 0.2857 0.3956 0.3226 0.4788 0.3363 0.8395 0.6086 0.5211 0.6988 0.2735 0.2650
0.3928 0.3890 0.3355 0.4858 0.5155 0.6907 0.2980 0.5409 0.3477 0.0000 0.3954 0.5369 0.3589 0.4524 0.7771 0.6700 0.1981 0.4736 0.4177 0.2932 0.2960
0.5180 0.4257 0.2950 0.5311 0.2779 0.5120 0.1672 0.7646 0.2097 0.4048 0.0000 0.2932 0.5031 0.4797 0.5773 0.5645 0.3805 0.3573 0.2162 0.7561 0.2628
0.4789 0.3294 0.1929 0.2944 0.5566 0.3816 0.3878 0.2920 0.4201 0.7639 0.3288 0.0000 0.5910 0.2679 0.4660 0.3991 0.3550 0.6038 0.4421 0.5663 0.4629
0.5840 0.4489 0.4619 0.3907 0.5173 0.2493 0.5530 0.2257 0.3812 0.3572 0.3927 0.5088 0.0000 0.4020 0.7168 0.4500 0.2504 0.4992 0.4628 0.2637 0.3268
0.3234 0.2971 0.5557 0.4178 0.4572 0.4227 0.3151 0.5366 0.3869 0.3061 0.4277 0.2323 0.4700 0.0000 0.6111 0.5478 0.5727 0.3947 0.6563 0.5008 0.1830
0.5974 0.4126 0.4927 0.6015 0.5086 0.4480 0.4858 0.4213 0.4106 0.6826 0.4918 0.4602 0.6870 0.4442 0.0000 0.3304 0.5369 0.5393 0.5216 0.6412 0.4491
0.3300 0.5693 0.4427 0.1086 0.7557 0.3915 0.4238 0.5829 0.5213 0.3651 0.5100 0.3305 0.3827 0.3902 0.6173 0.0000 0.4898 0.6634 0.3317 0.4308 0.6944
0.4561 0.5565 0.4189 0.4022 0.2546 0.3022 0.5165 0.4579 0.3119 0.2436 0.3825 0.6621 0.2322 0.5677 0.4855 0.4304 0.0000 0.2629 0.4609 0.2482 0.3451
0.3532 0.3007 0.6898 0.1350 0.4912 0.3212 0.3452 0.4480 0.4251 0.3875 0.3119 0.5237 0.5346 0.4870 0.6076 0.6298 0.3070 0.0000 0.5736 0.7334 0.4320
0.8498 0.4733 0.6483 0.4631 0.4481 0.6963 0.2237 0.4731 0.4700 0.4588 0.3696 0.4803 0.3787 0.5172 0.4375 0.3955 0.6003 0.3787 0.0000 0.5460 0.4812
0.4974 0.3916 0.4361 0.3430 0.3056 0.4941 0.4432 0.3314 0.1945 0.3399 0.5284 0.6397 0.2422 0.7136 0.5586 0.4947 0.4128 0.6942 0.5531 0.0000 0.6820
0.2405 0.1821 0.4595 0.3086 0.3335 0.4080 0.1927 0.3399 0.2708 0.3108 0.3861 0.2124 0.3054 0.1844 0.5136 0.7120 0.3984 0.6454 0.5940 0.7263 0.0000

--- Sample 3 ---
node_demand:
0.2333
0.2000
0.1000
0.2000
0.1333
0.2333
0.2667
0.0667
0.3000
0.1000
0.2333
0.2333
0.0667
0.0333
0.2000
0.2000
0.0667
0.3000
0.3000
0.1667

dist_matrix:
0.0000 0.3198 0.4231 0.3347 0.2367 0.4571 0.3247 0.3227 0.4428 0.4190 0.4202 0.5155 0.6276 0.3295 0.5389 0.4522 0.5049 0.4674 0.7737 0.3086 0.2502
0.2537 0.0000 0.4101 0.4798 0.2396 0.2773 0.5683 0.3345 0.1551 0.3362 0.4062 0.3738 0.3569 0.4665 0.4106 0.5010 0.3676 0.3109 0.5055 0.3664 0.4665
0.5228 0.3944 0.0000 0.5969 0.2664 0.1800 0.3870 0.5192 0.4522 0.4031 0.4849 0.5376 0.6499 0.5688 0.4405 0.4220 0.5184 0.5083 0.7371 0.4070 0.4188
0.3185 0.4496 0.4957 0.0000 0.7139 0.3853 0.3733 0.4473 0.3683 0.3923 0.6168 0.6362 0.4244 0.4808 0.6010 0.0998 0.6764 0.1998 0.3948 0.4040 0.2959
0.1643 0.1720 0.2935 0.6193 0.0000 0.2989 0.4763 0.5323 0.3559 0.2740 0.3485 0.5078 0.5092 0.3336 0.5342 0.3093 0.2886 0.3936 0.4699 0.3914 0.3047
0.3125 0.2422 0.1800 0.4662 0.2926 0.0000 0.4557 0.5172 0.3991 0.6216 0.7088 0.7041 0.2792 0.4572 0.4874 0.4089 0.3023 0.4892 0.6272 0.5252 0.4548
0.4155 0.3144 0.2191 0.2865 0.3525 0.5750 0.0000 0.5174 0.2257 0.2848 0.1487 0.4826 0.6122 0.3976 0.4602 0.5409 0.4903 0.3732 0.4743 0.4260 0.1874
0.4249 0.3277 0.4847 0.6926 0.3365 0.4758 0.4173 0.0000 0.5157 0.3667 0.4094 0.4610 0.3244 0.5309 0.4009 0.4423 0.3183 0.3517 0.4238 0.3684 0.3327
0.4939 0.1870 0.5677 0.3256 0.3869 0.3204 0.2464 0.5244 0.0000 0.6419 0.2338 0.5200 0.4084 0.4247 0.5842 0.8918 0.4213 0.5166 0.6826 0.5423 0.3605
0.5131 0.2188 0.3857 0.4907 0.2614 0.6989 0.3334 0.3924 0.3448 0.0000 0.3806 0.7427 0.3954 0.4447 0.3575 0.2811 0.2653 0.1717 0.4582 0.4750 0.2901
0.6002 0.3270 0.4064 0.6718 0.3019 0.5563 0.1234 0.6978 0.2752 0.3878 0.0000 0.3599 0.4272 0.4094 0.6426 0.4349 0.4953 0.3150 0.5125 0.4238 0.3277
0.5314 0.3298 0.5664 0.2708 0.5477 0.7172 0.5072 0.4660 0.5403 0.3081 0.3095 0.0000 0.6769 0.2583 0.4347 0.6387 0.3136 0.5214 0.2783 0.4822 0.3564
0.5108 0.4516 0.5883 0.3825 0.4618 0.5909 0.5023 0.2474 0.4088 0.2874 0.5069 0.5437 0.0000 0.4340 0.5557 0.3990 0.1797 0.4265 0.4358 0.2360 0.2827
0.3531 0.3556 0.3816 0.4014 0.4649 0.4523 0.3804 0.5203 0.4796 0.4059 0.4839 0.2810 0.4105 0.0000 0.6187 0.5679 0.5152 0.4511 0.4133 0.5994 0.1873
0.5530 0.3250 0.4794 0.5018 0.5543 0.4596 0.5293 0.5551 0.3856 0.5549 0.5958 0.4203 0.4951 0.5699 0.0000 0.3928 0.4544 0.8093 0.4362 0.6713 0.3373
0.2762 0.5384 0.3811 0.2762 0.5030 0.5303 0.3603 0.4856 0.8863 0.3631 0.3128 0.6600 0.4207 0.5414 0.5438 0.0000 0.4303 0.3992 0.1756 0.4357 0.5421
0.5567 0.4379 0.4352 0.3336 0.2742 0.4462 0.5068 0.4539 0.5094 0.2611 0.5000 0.5693 0.2067 0.5560 0.4590 0.4550 0.0000 0.2645 0.5661 0.4850 0.3271
0.4678 0.2016 0.5829 0.2332 0.2903 0.3866 0.4275 0.4745 0.3959 0.5247 0.3739 0.7006 0.4315 0.3934 0.5261 0.3186 0.3853 0.0000 0.7591 0.3657 0.5826
0.5098 0.4177 0.6622 0.3685 0.5687 0.2023 0.5806 0.6249 0.3498 0.4741 0.6944 0.6209 0.5235 0.4279 0.5910 0.3997 0.4675 0.5094 0.0000 0.3873 0.5748
0.3773 0.3734 0.4392 0.4756 0.3924 0.5353 0.4168 0.3625 0.1954 0.3564 0.4796 0.6796 0.2838 0.6133 0.5117 0.3817 0.3145 0.3755 0.3547 0.0000 0.4070
0.1858 0.3437 0.4251 0.2988 0.3345 0.4217 0.2106 0.3219 0.3102 0.3006 0.3085 0.3722 0.4628 0.1805 0.5005 0.5700 0.2944 0.5401 0.6853 0.6590 0.0000

--- Sample 4 ---
node_demand:
0.2333
0.2000
0.1000
0.2000
0.1333
0.2333
0.2667
0.0667
0.3000
0.1000
0.2333
0.2333
0.0667
0.0333
0.2000
0.2000
0.0667
0.3000
0.3000
0.1667

dist_matrix:
0.0000 0.6614 0.4148 0.3345 0.7077 0.5273 0.3166 0.6302 0.7338 0.2353 0.6422 0.3973 0.6895 0.4272 0.4713 0.3459 0.4393 0.1547 0.5006 0.4646 0.2786
0.6310 0.0000 0.4004 0.3238 0.2545 0.2719 0.3827 0.3307 0.1519 0.5665 0.4122 0.3807 0.4700 0.3969 0.2655 0.6973 0.4480 0.2162 0.4595 0.5199 0.2128
0.4028 0.4282 0.0000 0.4854 0.2644 0.1800 0.4180 0.4209 0.4446 0.4706 0.5841 0.3147 0.6168 0.3918 0.4718 0.4000 0.5240 0.5498 0.5428 0.3425 0.4764
0.3780 0.2720 0.5928 0.0000 0.7236 0.4410 0.3817 0.6027 0.5442 0.4026 0.3959 0.4710 0.3890 0.3728 0.4615 0.1280 0.4313 0.2762 0.3629 0.3894 0.2891
0.4228 0.1594 0.2995 0.6092 0.0000 0.2212 0.5322 0.5296 0.3235 0.2666 0.4601 0.4592 0.3901 0.4068 0.4380 0.4724 0.2782 0.2436 0.3551 0.3019 0.4164
0.4480 0.2514 0.1800 0.4436 0.3525 0.0000 0.4553 0.3581 0.3177 0.5879 0.4135 0.5765 0.3271 0.4405 0.3945 0.6429 0.3759 0.4003 0.6062 0.6073 0.3602
0.4195 0.5787 0.4835 0.4349 0.5803 0.3484 0.0000 0.4597 0.4447 0.3008 0.1779 0.3766 0.5991 0.3986 0.6097 0.7315 0.4527 0.4850 0.2696 0.4930 0.2085
0.4617 0.2832 0.4144 0.3868 0.5006 0.6064 0.4723 0.0000 0.4708 0.5749 0.4100 0.4851 0.2281 0.5666 0.5094 0.5505 0.4393 0.4176 0.5729 0.2752 0.3547
0.3985 0.1919 0.3018 0.6566 0.2829 0.2906 0.4768 0.4610 0.0000 0.7102 0.1654 0.4800 0.3820 0.5142 0.5867 0.6724 0.4245 0.5378 0.6305 0.3906 0.2668
0.2800 0.1862 0.4763 0.5121 0.4734 0.4542 0.3105 0.5186 0.4213 0.0000 0.3566 0.2649 0.2429 0.2780 0.7750 0.4018 0.2773 0.4659 0.5040 0.4011 0.2401
0.2996 0.3052 0.2823 0.3394 0.4698 0.4689 0.1298 0.4199 0.1802 0.4152 0.0000 0.3315 0.3952 0.3301 0.5017 0.5989 0.4472 0.3019 0.4307 0.5509 0.3926
0.4575 0.3716 0.3615 0.6355 0.3844 0.7234 0.4061 0.4982 0.4145 0.5412 0.3429 0.0000 0.6272 0.2442 0.4057 0.4823 0.4437 0.6423 0.2299 0.3815 0.3693
0.2918 0.4254 0.4276 0.4033 0.4888 0.5581 0.4657 0.2927 0.2038 0.3344 0.4406 0.7064 0.0000 0.4137 0.6647 0.3961 0.2519 0.4668 0.3352 0.4771 0.4036
0.4999 0.5442 0.5108 0.4430 0.3268 0.4552 0.3308 0.5293 0.5133 0.5139 0.2613 0.2855 0.4488 0.0000 0.5233 0.5578 0.5794 0.4323 0.4739 0.4873 0.1840
0.3549 0.2136 0.4547 0.5849 0.5718 0.4794 0.6916 0.3146 0.5547 0.5935 0.5139 0.4320 0.6792 0.5415 0.0000 0.6540 0.5520 0.7234 0.4655 0.6330 0.4055
0.3037 0.1871 0.4480 0.2812 0.6814 0.6040 0.2918 0.7621 0.4530 0.3879 0.5669 0.4525 0.3931 0.3702 0.3682 0.0000 0.4662 0.3062 0.3130 0.4110 0.6763
0.3267 0.4762 0.3412 0.3945 0.2628 0.4875 0.5234 0.2838 0.4167 0.2213 0.3838 0.3961 0.2640 0.5554 0.4695 0.5095 0.0000 0.2968 0.6025 0.2609 0.3880
0.3786 0.4304 0.5582 0.1738 0.3700 0.3069 0.4759 0.4075 0.3494 0.2443 0.3752 0.5715 0.5063 0.4204 0.8298 0.6742 0.3121 0.0000 0.8083 0.7282 0.2649
0.4488 0.4370 0.7666 0.5504 0.5154 0.6844 0.5783 0.4449 0.2809 0.4124 0.5120 0.6425 0.5707 0.6302 0.5130 0.3514 0.6822 0.7074 0.0000 0.5756 0.6384
0.3490 0.4925 0.4268 0.3487 0.2931 0.3627 0.4720 0.3268 0.6396 0.4162 0.6646 0.2712 0.3179 0.7120 0.7487 0.3972 0.2220 0.3578 0.3572 0.0000 0.3074
0.1558 0.4733 0.4210 0.3009 0.3433 0.3431 0.1932 0.3753 0.2744 0.1479 0.2687 0.2923 0.3893 0.1837 0.5031 0.4088 0.3257 0.3173 0.5603 0.3061 0.0000

--- Sample 5 ---
node_demand:
0.2333
0.2000
0.1000
0.2000
0.1333
0.2333
0.2667
0.0667
0.3000
0.1000
0.2333
0.2333
0.0667
0.0333
0.2000
0.2000
0.0667
0.3000
0.3000
0.1667

dist_matrix:
0.0000 0.3452 0.5735 0.6418 0.8188 0.5407 0.3672 0.3358 0.6491 0.5720 0.4224 0.7005 0.4562 0.4323 0.5181 0.6093 0.5414 0.4393 0.7586 0.2752 0.4256
0.5965 0.0000 0.4379 0.4436 0.2281 0.2519 0.2836 0.3030 0.1752 0.5274 0.3245 0.4382 0.3711 0.3840 0.4313 0.5736 0.4061 0.3964 0.5115 0.3904 0.1752
0.5662 0.3903 0.0000 0.4240 0.2728 0.1800 0.2275 0.4928 0.2930 0.3793 0.4964 0.5991 0.4440 0.4537 0.4979 0.4584 0.3647 0.4441 0.4057 0.4353 0.4843
0.6303 0.4098 0.6210 0.0000 0.6743 0.4477 0.3903 0.6443 0.5515 0.4469 0.6749 0.6381 0.4201 0.4001 0.6113 0.3870 0.6298 0.3756 0.3725 0.3500 0.3550
0.7704 0.1406 0.2935 0.5988 0.0000 0.3011 0.4211 0.4939 0.4519 0.2845 0.4999 0.4036 0.5346 0.3640 0.5845 0.5464 0.2898 0.4576 0.3869 0.3287 0.2281
0.4041 0.2565 0.1800 0.5376 0.2938 0.0000 0.3603 0.5965 0.2375 0.4961 0.5473 0.6779 0.5901 0.3737 0.4528 0.3542 0.3352 0.4090 0.2284 0.3453 0.3432
0.3563 0.5280 0.5409 0.4075 0.5799 0.4566 0.0000 0.4923 0.3201 0.3991 0.1304 0.3861 0.1807 0.3351 0.5465 0.5686 0.3623 0.3457 0.5947 0.4957 0.2121
0.4397 0.3748 0.4312 0.6759 0.2922 0.5577 0.4978 0.0000 0.4056 0.5525 0.5515 0.3707 0.2989 0.4473 0.4110 0.3697 0.2308 0.3627 0.6243 0.2681 0.3578
0.5886 0.1955 0.5959 0.5609 0.3892 0.2364 0.2839 0.5361 0.0000 0.6639 0.2481 0.4984 0.2650 0.5177 0.4693 0.6764 0.5990 0.3640 0.5261 0.5942 0.3080
0.2587 0.2926 0.4170 0.2146 0.3130 0.5590 0.3870 0.4255 0.5591 0.0000 0.3474 0.3226 0.4157 0.4341 0.7561 0.3515 0.2162 0.3532 0.4625 0.3766 0.1600
0.4346 0.3285 0.1627 0.3677 0.3611 0.6851 0.0978 0.4363 0.2206 0.4356 0.0000 0.3160 0.4058 0.3454 0.6505 0.5412 0.4507 0.3579 0.6138 0.5738 0.2890
0.5272 0.4206 0.4884 0.4591 0.5659 0.4957 0.4697 0.5161 0.4413 0.1577 0.3504 0.0000 0.6001 0.2087 0.4303 0.5706 0.4535 0.3928 0.6742 0.5826 0.3320
0.7404 0.3371 0.3882 0.4336 0.4698 0.2798 0.2297 0.2533 0.2998 0.3194 0.4436 0.4827 0.0000 0.6601 0.7691 0.4406 0.2403 0.4492 0.4635 0.2449 0.4509
0.3254 0.5760 0.3906 0.3202 0.4110 0.3803 0.3921 0.5021 0.4307 0.3648 0.4074 0.2023 0.6118 0.0000 0.7176 0.5903 0.4874 0.4244 0.6943 0.6012 0.1864
0.4274 0.3526 0.4722 0.5511 0.5039 0.5027 0.5408 0.5762 0.3923 0.4962 0.6010 0.4180 0.6820 0.4760 0.0000 0.6556 0.5781 0.8736 0.4313 0.4788 0.4691
0.3901 0.6787 0.3783 0.3497 0.4631 0.4279 0.4753 0.5415 0.8664 0.6603 0.3255 0.3494 0.4556 0.4255 0.6086 0.0000 0.4739 0.4286 0.1990 0.4099 0.3245
0.4282 0.4840 0.4192 0.5243 0.2752 0.4026 0.3809 0.2978 0.5215 0.2713 0.4804 0.6221 0.2548 0.4912 0.5684 0.3978 0.0000 0.2268 0.6124 0.2525 0.3234
0.5715 0.3222 0.6774 0.3724 0.3147 0.3345 0.5337 0.3327 0.4385 0.4708 0.2931 0.6354 0.4843 0.4602 0.8335 0.7798 0.2821 0.0000 0.3350 0.5721 0.5222
0.8017 0.5238 0.8224 0.4670 0.4817 0.2897 0.1945 0.6866 0.4420 0.3689 0.3700 0.4530 0.3476 0.5998 0.4466 0.3479 0.5544 0.5506 0.0000 0.6406 0.6583
0.3209 0.3538 0.3781 0.4980 0.2857 0.3748 0.5277 0.2924 0.5122 0.3735 0.4017 0.5734 0.5355 0.4935 0.5535 0.4488 0.4626 0.5170 0.3955 0.0000 0.6979
0.1315 0.2777 0.4424 0.3202 0.3416 0.3418 0.2001 0.3762 0.3835 0.3220 0.3733 0.2734 0.3399 0.1811 0.5107 0.4506 0.3916 0.6544 0.4816 0.4411 0.0000
