min_dist:
0.0000 0.1200 0.1600 0.3800 0.3600 0.1900 0.0800 0.3600 0.2600 0.2600 0.3800 0.2800 0.2400 0.3400 0.1800 0.3600 0.2800 0.4200 0.3800 0.3500 0.2000
0.1200 0.0000 0.2800 0.3000 0.4200 0.3100 0.2000 0.2400 0.3400 0.3600 0.4300 0.4000 0.3600 0.3400 0.2700 0.3300 0.2200 0.3400 0.2600 0.4700 0.3200
0.1600 0.2800 0.0000 0.2200 0.2000 0.3500 0.2400 0.2000 0.1400 0.1500 0.4200 0.3000 0.3400 0.3000 0.2200 0.2000 0.2900 0.3500 0.2600 0.3000 0.0400
0.3800 0.3000 0.2200 0.0000 0.3400 0.3400 0.3400 0.3800 0.2600 0.2200 0.4900 0.3400 0.2400 0.3200 0.3000 0.2200 0.2800 0.2000 0.0400 0.2800 0.1800
0.3600 0.4200 0.2000 0.3400 0.0000 0.4200 0.3200 0.2800 0.3400 0.3500 0.2200 0.4200 0.1600 0.3200 0.3400 0.4000 0.3300 0.4800 0.3800 0.4600 0.1600
0.1900 0.3100 0.3500 0.3400 0.4200 0.0000 0.1100 0.3000 0.4000 0.3300 0.4000 0.0900 0.2600 0.3700 0.2100 0.2100 0.1900 0.3400 0.3600 0.2700 0.3500
0.0800 0.2000 0.2400 0.3400 0.3200 0.1100 0.0000 0.3600 0.3100 0.2500 0.3000 0.2000 0.1600 0.2600 0.1000 0.3200 0.2900 0.4500 0.3300 0.2700 0.2800
0.3600 0.2400 0.2000 0.3800 0.2800 0.3000 0.3600 0.0000 0.3000 0.3000 0.3100 0.3900 0.3400 0.1000 0.2600 0.3600 0.3100 0.4700 0.3800 0.4600 0.2400
0.2600 0.3400 0.1400 0.2600 0.3400 0.4000 0.3100 0.3000 0.0000 0.0700 0.3800 0.3300 0.4100 0.2000 0.2700 0.2400 0.2100 0.2700 0.2500 0.4400 0.1800
0.2600 0.3600 0.1500 0.2200 0.3500 0.3300 0.2500 0.3000 0.0700 0.0000 0.3400 0.2600 0.3400 0.2500 0.2000 0.2500 0.1400 0.2000 0.1800 0.4500 0.1900
0.3800 0.4300 0.4200 0.4900 0.2200 0.4000 0.3000 0.3100 0.3800 0.3400 0.0000 0.3200 0.3800 0.2100 0.2000 0.3200 0.2100 0.4000 0.4600 0.3800 0.3800
0.2800 0.4000 0.3000 0.3400 0.4200 0.0900 0.2000 0.3900 0.3300 0.2600 0.3200 0.0000 0.3500 0.3800 0.3000 0.1200 0.2300 0.4300 0.3800 0.3600 0.2600
0.2400 0.3600 0.3400 0.2400 0.1600 0.2600 0.1600 0.3400 0.4100 0.3400 0.3800 0.3500 0.0000 0.2400 0.2600 0.4200 0.4400 0.4400 0.2800 0.4300 0.3200
0.3400 0.3400 0.3000 0.3200 0.3200 0.3700 0.2600 0.1000 0.2000 0.2500 0.2100 0.3800 0.2400 0.0000 0.1600 0.2600 0.2100 0.4500 0.2800 0.5300 0.3400
0.1800 0.2700 0.2200 0.3000 0.3400 0.2100 0.1000 0.2600 0.2700 0.2000 0.2000 0.3000 0.2600 0.1600 0.0000 0.3600 0.3200 0.4000 0.2600 0.3700 0.1800
0.3600 0.3300 0.2000 0.2200 0.4000 0.2100 0.3200 0.3600 0.2400 0.2500 0.3200 0.1200 0.4200 0.2600 0.3600 0.0000 0.1100 0.4200 0.2600 0.3800 0.2400
0.2800 0.2200 0.2900 0.2800 0.3300 0.1900 0.2900 0.3100 0.2100 0.1400 0.2100 0.2300 0.4400 0.2100 0.3200 0.1100 0.0000 0.3400 0.2600 0.3300 0.3300
0.4200 0.3400 0.3500 0.2000 0.4800 0.3400 0.4500 0.4700 0.2700 0.2000 0.4000 0.4300 0.4400 0.4500 0.4000 0.4200 0.3400 0.0000 0.2400 0.4500 0.3200
0.3800 0.2600 0.2600 0.0400 0.3800 0.3600 0.3300 0.3800 0.2500 0.1800 0.4600 0.3800 0.2800 0.2800 0.2600 0.2600 0.2600 0.2400 0.0000 0.3200 0.2200
0.3500 0.4700 0.3000 0.2800 0.4600 0.2700 0.2700 0.4600 0.4400 0.4500 0.3800 0.3600 0.4300 0.5300 0.3700 0.3800 0.3300 0.4500 0.3200 0.0000 0.3300
0.2000 0.3200 0.0400 0.1800 0.1600 0.3500 0.2800 0.2400 0.1800 0.1900 0.3800 0.2600 0.3200 0.3400 0.1800 0.2400 0.3300 0.3200 0.2200 0.3300 0.0000

max_dist:
0.0000 0.3600 0.6500 0.7600 0.6000 0.5400 0.2000 0.4100 0.5400 0.6100 0.6000 0.5500 0.5000 0.5100 0.3700 0.6800 0.6900 0.5000 0.6000 0.4600 0.4800
0.3600 0.0000 0.5800 0.7500 0.6200 0.7000 0.2400 0.7200 0.4400 0.8000 0.5500 0.6000 0.6200 0.8000 0.3200 0.7200 0.4500 0.5200 0.5400 0.6200 0.7500
0.6500 0.5800 0.0000 0.5100 0.3400 0.5500 0.8000 0.2800 0.4500 0.4000 0.6100 0.7800 0.4600 0.6700 0.3800 0.3500 0.5600 0.5400 0.3800 0.6700 0.1700
0.7600 0.7500 0.5100 0.0000 0.4800 0.4200 0.7600 0.7400 0.3800 0.5900 0.8800 0.6300 0.4500 0.5200 0.7900 0.6000 0.8300 0.4000 0.6400 0.4200 0.3400
0.6000 0.6200 0.3400 0.4800 0.0000 0.6900 0.7900 0.3300 0.7800 0.6500 0.7000 0.8300 0.6100 0.3300 0.6200 0.5200 0.5200 0.7400 0.4200 0.5000 0.5100
0.5400 0.7000 0.5500 0.4200 0.6900 0.0000 0.4700 0.3600 0.4200 0.4800 0.7000 0.7400 0.3800 0.8000 0.8100 0.8100 0.8600 0.4400 0.4500 0.5000 0.3800
0.2000 0.2400 0.8000 0.7600 0.7900 0.4700 0.0000 0.5200 0.6400 0.6100 0.7200 0.7200 0.7000 0.5800 0.5600 0.4800 0.6100 0.7000 0.7800 0.4900 0.6800
0.4100 0.7200 0.2800 0.7400 0.3300 0.3600 0.5200 0.0000 0.6900 0.3200 0.7400 0.5000 0.5400 0.6400 0.5100 0.6300 0.7800 0.7400 0.6400 0.4800 0.4500
0.5400 0.4400 0.4500 0.3800 0.7800 0.4200 0.6400 0.6900 0.0000 0.6000 0.7800 0.5500 0.7000 0.6400 0.6600 0.4300 0.4600 0.7800 0.6600 0.8000 0.6200
0.6100 0.8000 0.4000 0.5900 0.6500 0.4800 0.6100 0.3200 0.6000 0.0000 0.6400 0.7200 0.8600 0.4600 0.4800 0.5400 0.8000 0.6000 0.3800 0.7800 0.5700
0.6000 0.5500 0.6100 0.8800 0.7000 0.7000 0.7200 0.7400 0.7800 0.6400 0.0000 0.6200 0.6000 0.6400 0.2300 0.6900 0.5600 0.5400 0.5900 0.6900 0.7800
0.5500 0.6000 0.7800 0.6300 0.8300 0.7400 0.7200 0.5000 0.5500 0.7200 0.6200 0.0000 0.6700 0.5000 0.7100 0.5600 0.5800 0.8100 0.5000 0.6800 0.9000
0.5000 0.6200 0.4600 0.4500 0.6100 0.3800 0.7000 0.5400 0.7000 0.8600 0.6000 0.6700 0.0000 0.8000 0.7000 0.5200 0.7200 0.6600 0.5600 0.4900 0.6000
0.5100 0.8000 0.6700 0.5200 0.3300 0.8000 0.5800 0.6400 0.6400 0.4600 0.6400 0.5000 0.8000 0.0000 0.4800 0.6400 0.8400 0.5800 0.5200 0.8300 0.7400
0.3700 0.3200 0.3800 0.7900 0.6200 0.8100 0.5600 0.5100 0.6600 0.4800 0.2300 0.7100 0.7000 0.4800 0.0000 0.5300 0.4200 0.6800 0.3600 0.5200 0.5500
0.6800 0.7200 0.3500 0.6000 0.5200 0.8100 0.4800 0.6300 0.4300 0.5400 0.6900 0.5600 0.5200 0.6400 0.5300 0.0000 0.4000 0.5400 0.3600 0.6200 0.5200
0.6900 0.4500 0.5600 0.8300 0.5200 0.8600 0.6100 0.7800 0.4600 0.8000 0.5600 0.5800 0.7200 0.8400 0.4200 0.4000 0.0000 0.6600 0.6400 0.4100 0.7300
0.5000 0.5200 0.5400 0.4000 0.7400 0.4400 0.7000 0.7400 0.7800 0.6000 0.5400 0.8100 0.6600 0.5800 0.6800 0.5400 0.6600 0.0000 0.5100 0.4900 0.6200
0.6000 0.5400 0.3800 0.6400 0.4200 0.4500 0.7800 0.6400 0.6600 0.3800 0.5900 0.5000 0.5600 0.5200 0.3600 0.3600 0.6400 0.5100 0.0000 0.8800 0.5500
0.4600 0.6200 0.6700 0.4200 0.5000 0.5000 0.4900 0.4800 0.8000 0.7800 0.6900 0.6800 0.4900 0.8300 0.5200 0.6200 0.4100 0.4900 0.8800 0.0000 0.5000
0.4800 0.7500 0.1700 0.3400 0.5100 0.3800 0.6800 0.4500 0.6200 0.5700 0.7800 0.9000 0.6000 0.7400 0.5500 0.5200 0.7300 0.6200 0.5500 0.5000 0.0000

--- Contains 5 samples ---

--- Sample 1 ---
node_demand:
0.3000
0.2667
0.2333
0.0333
0.2333
0.1333
0.2333
0.2333
0.1667
0.0667
0.1667
0.2000
0.3000
0.1667
0.2333
0.0333
0.2667
0.1667
0.0333
0.2333

dist_matrix:
0.0000 0.1898 0.1943 0.5674 0.4175 0.2565 0.0984 0.3678 0.4899 0.2807 0.5346 0.3445 0.3666 0.3555 0.2571 0.5774 0.4996 0.4292 0.4155 0.4102 0.3007
0.3431 0.0000 0.2970 0.5603 0.4291 0.3428 0.2197 0.3718 0.3670 0.7693 0.5020 0.5466 0.3817 0.5056 0.2747 0.6772 0.4042 0.4087 0.2951 0.5747 0.5623
0.5784 0.3109 0.0000 0.3335 0.2015 0.5123 0.3790 0.2797 0.2138 0.3389 0.4495 0.4605 0.3632 0.5756 0.2628 0.2342 0.3598 0.5037 0.3711 0.3539 0.1160
0.5891 0.3316 0.3656 0.0000 0.3717 0.4080 0.7102 0.5560 0.3094 0.5389 0.8211 0.5266 0.4237 0.3501 0.5973 0.5756 0.4538 0.3653 0.4822 0.2880 0.2516
0.4855 0.4894 0.2817 0.3458 0.0000 0.6375 0.3274 0.3210 0.6757 0.4845 0.4401 0.7362 0.5574 0.3243 0.4529 0.4552 0.4253 0.5233 0.4102 0.4607 0.4108
0.1915 0.4366 0.3838 0.3486 0.5152 0.0000 0.1387 0.3308 0.4110 0.3599 0.5321 0.4960 0.2965 0.5799 0.6552 0.2776 0.4518 0.3755 0.4020 0.4953 0.3754
0.0817 0.2137 0.5521 0.5191 0.5305 0.2137 0.0000 0.4761 0.5452 0.4374 0.6967 0.2598 0.4349 0.4436 0.1396 0.3486 0.3408 0.6300 0.4157 0.3608 0.5192
0.3961 0.3329 0.2666 0.6732 0.3169 0.3146 0.4973 0.0000 0.3395 0.3160 0.6177 0.4243 0.4897 0.4699 0.3613 0.4448 0.5841 0.5317 0.4624 0.4781 0.4315
0.4963 0.3710 0.3171 0.2637 0.6374 0.4131 0.4760 0.5292 0.0000 0.4531 0.7018 0.4544 0.4837 0.4517 0.5226 0.2452 0.2670 0.6273 0.4056 0.4914 0.5672
0.3038 0.7710 0.2403 0.3946 0.4606 0.3473 0.3879 0.3083 0.0915 0.0000 0.5780 0.5657 0.6601 0.3837 0.3541 0.4838 0.6990 0.5601 0.3604 0.6094 0.2888
0.5941 0.5327 0.4825 0.6317 0.3799 0.4210 0.4247 0.6739 0.6209 0.6379 0.0000 0.3494 0.5764 0.5750 0.2148 0.5552 0.2983 0.5054 0.4938 0.6055 0.7028
0.3546 0.4016 0.6756 0.4083 0.4725 0.4129 0.5498 0.4395 0.4757 0.6913 0.5716 0.0000 0.6693 0.4177 0.7020 0.3566 0.3595 0.4628 0.4309 0.4785 0.6949
0.2621 0.4435 0.4397 0.2641 0.2405 0.3759 0.5838 0.4054 0.4899 0.7365 0.4930 0.6019 0.0000 0.4295 0.4769 0.4278 0.5216 0.5290 0.4957 0.4608 0.5737
0.3920 0.5379 0.5482 0.3910 0.3217 0.4251 0.4128 0.3449 0.2650 0.2893 0.5128 0.3881 0.7704 0.0000 0.4560 0.5658 0.7043 0.5699 0.4636 0.6321 0.6842
0.2972 0.3097 0.3452 0.3437 0.5082 0.4634 0.2941 0.4269 0.4077 0.4208 0.2275 0.3140 0.2634 0.3404 0.0000 0.4736 0.3504 0.4853 0.3086 0.4165 0.3532
0.3915 0.6156 0.2538 0.5840 0.5025 0.7878 0.3540 0.5067 0.3296 0.5318 0.4228 0.1885 0.4997 0.5310 0.4299 0.0000 0.2546 0.4201 0.3368 0.5516 0.5144
0.3611 0.3014 0.5554 0.4325 0.3788 0.4847 0.2926 0.4787 0.3344 0.7587 0.4263 0.2838 0.5934 0.5899 0.3562 0.2318 0.0000 0.3696 0.6118 0.3446 0.4196
0.4641 0.4685 0.4310 0.3363 0.6783 0.4388 0.4737 0.5762 0.4763 0.2649 0.4367 0.5660 0.6572 0.5571 0.5345 0.5338 0.5452 0.0000 0.3899 0.4845 0.3503
0.5622 0.4582 0.3263 0.6357 0.4162 0.3803 0.6309 0.3880 0.6316 0.2921 0.4972 0.4335 0.4369 0.4718 0.2887 0.3369 0.2823 0.2882 0.0000 0.6508 0.5405
0.4331 0.5505 0.6095 0.3762 0.4742 0.4671 0.2802 0.4621 0.4912 0.7433 0.5910 0.4402 0.4669 0.6701 0.4024 0.5623 0.4072 0.4714 0.5558 0.0000 0.4242
0.4319 0.6131 0.0425 0.2031 0.5071 0.3553 0.5246 0.4490 0.3870 0.4165 0.5826 0.5345 0.4686 0.6596 0.4026 0.4695 0.5980 0.5277 0.3167 0.4090 0.0000

--- Sample 2 ---
node_demand:
0.3000
0.2667
0.2333
0.0333
0.2333
0.1333
0.2333
0.2333
0.1667
0.0667
0.1667
0.2000
0.3000
0.1667
0.2333
0.0333
0.2667
0.1667
0.0333
0.2333

dist_matrix:
0.0000 0.2780 0.5554 0.5689 0.5634 0.4077 0.1517 0.3734 0.3737 0.3589 0.4727 0.5055 0.4400 0.3494 0.3103 0.5413 0.4653 0.4476 0.4578 0.3637 0.2484
0.3440 0.0000 0.5479 0.6215 0.5467 0.3952 0.2369 0.4381 0.4260 0.7235 0.4982 0.4519 0.4119 0.4625 0.3147 0.6956 0.3847 0.4600 0.4621 0.5138 0.5026
0.6413 0.3539 0.0000 0.3909 0.2166 0.3728 0.4722 0.2138 0.2097 0.3945 0.4900 0.6748 0.3449 0.4671 0.2302 0.2881 0.4231 0.4515 0.3076 0.5816 0.1380
0.4156 0.5898 0.4316 0.0000 0.4589 0.4153 0.6003 0.4532 0.3245 0.3037 0.7813 0.5746 0.4414 0.3598 0.4458 0.4753 0.7352 0.2726 0.4223 0.3082 0.2711
0.5315 0.5074 0.2334 0.4648 0.0000 0.6764 0.6162 0.3084 0.6342 0.5331 0.3653 0.7384 0.3906 0.3239 0.5054 0.5132 0.4670 0.5193 0.4178 0.4815 0.4726
0.2619 0.6405 0.4921 0.4173 0.6747 0.0000 0.2947 0.3170 0.4179 0.4150 0.4182 0.6350 0.3552 0.6786 0.5983 0.6256 0.3374 0.4325 0.4237 0.4802 0.3625
0.1340 0.2005 0.3401 0.3983 0.5747 0.3358 0.0000 0.3896 0.3608 0.3671 0.5807 0.3944 0.5191 0.4075 0.2894 0.4299 0.4827 0.5132 0.7258 0.3376 0.6437
0.3653 0.6990 0.2004 0.7271 0.2903 0.3275 0.4436 0.0000 0.3449 0.3047 0.4801 0.4342 0.3557 0.2985 0.3699 0.5596 0.6135 0.5135 0.4344 0.4734 0.3409
0.4200 0.3490 0.3510 0.3027 0.6340 0.4020 0.6291 0.3204 0.0000 0.5139 0.4010 0.5439 0.5747 0.3471 0.5698 0.3255 0.4593 0.5505 0.5197 0.7220 0.6135
0.2772 0.7952 0.3954 0.4284 0.4170 0.4729 0.3823 0.3022 0.4084 0.0000 0.5412 0.5698 0.4961 0.3075 0.3258 0.4086 0.7547 0.4130 0.3451 0.6645 0.2161
0.4699 0.5030 0.5569 0.6602 0.4243 0.6160 0.3347 0.3235 0.4927 0.3804 0.0000 0.4867 0.5581 0.4795 0.2052 0.3766 0.5468 0.5114 0.5368 0.4746 0.4415
0.4516 0.4665 0.7046 0.4031 0.6389 0.4729 0.2896 0.4461 0.3818 0.6863 0.4379 0.0000 0.4687 0.4031 0.6408 0.5331 0.2395 0.6059 0.4712 0.3627 0.6257
0.2657 0.4257 0.4098 0.3842 0.5940 0.2983 0.2860 0.4187 0.5553 0.3841 0.4646 0.3661 0.0000 0.4304 0.4991 0.4896 0.5551 0.5536 0.5273 0.4308 0.4523
0.3742 0.6346 0.3841 0.3808 0.3238 0.3763 0.5321 0.2704 0.5165 0.3060 0.3775 0.4192 0.3589 0.0000 0.2151 0.5423 0.3852 0.4903 0.2846 0.6160 0.3714
0.3065 0.3087 0.2509 0.4397 0.3842 0.7237 0.2347 0.4760 0.4484 0.3626 0.2058 0.5057 0.6856 0.1829 0.0000 0.3778 0.3417 0.4880 0.3457 0.5001 0.2720
0.5264 0.3561 0.2013 0.5804 0.4812 0.7959 0.4748 0.4797 0.4149 0.4873 0.4301 0.3696 0.4888 0.4987 0.4452 0.0000 0.1234 0.5095 0.3243 0.5668 0.2486
0.2814 0.2485 0.4589 0.5150 0.3949 0.7488 0.5383 0.7800 0.3766 0.4480 0.5048 0.5002 0.7103 0.6078 0.3292 0.1433 0.0000 0.6243 0.4752 0.3870 0.3488
0.4624 0.3415 0.4134 0.3729 0.7168 0.4350 0.4852 0.6035 0.3252 0.3360 0.4270 0.6351 0.4527 0.5513 0.5111 0.4655 0.3723 0.0000 0.3901 0.4635 0.3523
0.4777 0.3875 0.3079 0.4806 0.3871 0.4120 0.3308 0.4811 0.3476 0.2871 0.4784 0.4284 0.2869 0.3387 0.3085 0.3169 0.3210 0.4207 0.0000 0.6950 0.4327
0.3654 0.5984 0.3015 0.3417 0.4767 0.4693 0.3137 0.4652 0.6449 0.5923 0.4241 0.5563 0.4708 0.7816 0.4738 0.5735 0.3636 0.4897 0.7699 0.0000 0.3645
0.2130 0.7023 0.1255 0.2090 0.1935 0.3603 0.2954 0.4445 0.2228 0.4398 0.6750 0.4888 0.4046 0.4590 0.4755 0.4048 0.6252 0.3353 0.2887 0.4985 0.0000

--- Sample 3 ---
node_demand:
0.3000
0.2667
0.2333
0.0333
0.2333
0.1333
0.2333
0.2333
0.1667
0.0667
0.1667
0.2000
0.3000
0.1667
0.2333
0.0333
0.2667
0.1667
0.0333
0.2333

dist_matrix:
0.0000 0.1499 0.2754 0.6270 0.4605 0.3752 0.1521 0.3811 0.3181 0.4183 0.5876 0.4514 0.3913 0.4837 0.2416 0.6777 0.4558 0.4208 0.4218 0.4350 0.4059
0.2343 0.0000 0.2985 0.3548 0.4248 0.3957 0.2306 0.7076 0.4092 0.3815 0.5409 0.4582 0.4457 0.4780 0.2745 0.6567 0.3460 0.4495 0.2704 0.5051 0.3997
0.6076 0.3592 0.0000 0.4114 0.3276 0.4401 0.6497 0.2587 0.3998 0.1580 0.6014 0.6558 0.4567 0.3487 0.2379 0.2346 0.3653 0.5113 0.3096 0.3219 0.0531
0.3896 0.4655 0.5091 0.0000 0.4742 0.3839 0.5040 0.4314 0.2680 0.4174 0.7101 0.4361 0.4440 0.3980 0.5788 0.5293 0.2802 0.2071 0.2853 0.4005 0.1863
0.4603 0.4813 0.3235 0.4415 0.0000 0.5619 0.5327 0.3108 0.6305 0.5770 0.5266 0.5101 0.2768 0.3220 0.5481 0.4342 0.3610 0.5267 0.3985 0.4720 0.4722
0.4507 0.6780 0.4581 0.3576 0.4469 0.0000 0.2249 0.3097 0.4099 0.4381 0.4190 0.5266 0.2654 0.5016 0.2112 0.3037 0.4497 0.3691 0.3932 0.3989 0.3572
0.1584 0.2185 0.2574 0.4745 0.6686 0.4003 0.0000 0.4417 0.5720 0.3579 0.3234 0.6080 0.6485 0.5580 0.5157 0.3544 0.4420 0.4662 0.7123 0.3307 0.3949
0.3951 0.4552 0.2563 0.4605 0.2892 0.3480 0.4444 0.0000 0.6769 0.3072 0.6656 0.4513 0.5131 0.6099 0.3472 0.4710 0.7075 0.7362 0.4404 0.4766 0.3047
0.4343 0.3448 0.2428 0.3252 0.4825 0.4167 0.4421 0.3147 0.0000 0.1951 0.6594 0.3492 0.6583 0.2384 0.4257 0.3150 0.3972 0.7012 0.3382 0.7067 0.6088
0.3183 0.4822 0.2887 0.5126 0.4296 0.3878 0.5496 0.3053 0.3745 0.0000 0.4122 0.6477 0.3402 0.4192 0.4362 0.4024 0.3386 0.5933 0.2808 0.4661 0.3138
0.3968 0.4560 0.5524 0.8343 0.5450 0.6934 0.4323 0.4529 0.4121 0.5775 0.0000 0.6025 0.4810 0.4309 0.2146 0.4675 0.5019 0.4670 0.4983 0.6497 0.6459
0.4650 0.5740 0.5126 0.4585 0.5672 0.6807 0.7061 0.4976 0.3916 0.3456 0.5004 0.0000 0.4881 0.4137 0.4740 0.2430 0.4586 0.4861 0.3812 0.6560 0.3371
0.2866 0.4175 0.3918 0.4146 0.2666 0.2878 0.6558 0.3920 0.6161 0.3792 0.4257 0.6083 0.0000 0.3473 0.3052 0.4216 0.4516 0.5297 0.2827 0.4767 0.4495
0.4904 0.7073 0.4530 0.3216 0.3264 0.6256 0.3162 0.5545 0.4470 0.4319 0.3453 0.3938 0.3778 0.0000 0.2263 0.4232 0.3781 0.5599 0.4765 0.6898 0.5926
0.1943 0.3039 0.2697 0.6418 0.5127 0.6227 0.5195 0.4296 0.4910 0.3052 0.2132 0.3793 0.6499 0.4790 0.0000 0.5083 0.3347 0.6785 0.3520 0.4064 0.5014
0.4315 0.4689 0.3282 0.3577 0.4907 0.5624 0.4061 0.5643 0.4011 0.3729 0.3494 0.4090 0.4779 0.4202 0.4905 0.0000 0.1696 0.4204 0.3242 0.4200 0.2651
0.5835 0.3790 0.3359 0.6182 0.4751 0.2982 0.5489 0.5575 0.4227 0.6741 0.3163 0.5731 0.4937 0.6728 0.3280 0.3683 0.0000 0.5476 0.3616 0.3654 0.5864
0.4986 0.3656 0.5221 0.3859 0.4879 0.3672 0.5857 0.7065 0.6247 0.2081 0.5184 0.6238 0.5336 0.4614 0.5879 0.4920 0.5963 0.0000 0.3619 0.4759 0.4982
0.3885 0.4563 0.3240 0.5946 0.3954 0.4097 0.7477 0.5781 0.5224 0.2655 0.4622 0.3880 0.3729 0.4678 0.2664 0.2602 0.5257 0.3416 0.0000 0.6509 0.5313
0.4120 0.5101 0.6329 0.3230 0.4619 0.3943 0.4245 0.4715 0.7710 0.4997 0.6414 0.4536 0.4365 0.6037 0.4322 0.6097 0.3602 0.4768 0.7140 0.0000 0.4540
0.2138 0.5595 0.1442 0.1968 0.3745 0.3728 0.4927 0.4134 0.3545 0.2771 0.7192 0.3280 0.4127 0.4021 0.4477 0.2919 0.4639 0.3611 0.2789 0.4296 0.0000

--- Sample 4 ---
node_demand:
0.3000
0.2667
0.2333
0.0333
0.2333
0.1333
0.2333
0.2333
0.1667
0.0667
0.1667
0.2000
0.3000
0.1667
0.2333
0.0333
0.2667
0.1667
0.0333
0.2333

dist_matrix:
0.0000 0.2618 0.1684 0.5328 0.4538 0.4834 0.1992 0.4036 0.2912 0.3777 0.4113 0.3257 0.3441 0.3529 0.2369 0.3702 0.4309 0.4375 0.5914 0.3594 0.4043
0.1268 0.0000 0.3942 0.7300 0.5573 0.6238 0.2141 0.5282 0.3629 0.4876 0.5310 0.4639 0.3824 0.4998 0.3133 0.3848 0.2420 0.3872 0.3705 0.4898 0.4102
0.2889 0.5305 0.0000 0.3810 0.3174 0.4812 0.2822 0.2523 0.4466 0.3104 0.4951 0.4573 0.4481 0.5640 0.3206 0.2873 0.3698 0.4514 0.2855 0.3956 0.1432
0.7020 0.5409 0.3028 0.0000 0.4734 0.3999 0.6243 0.5497 0.3711 0.5869 0.7240 0.3973 0.2465 0.4297 0.3268 0.4146 0.8108 0.3691 0.2513 0.2914 0.2193
0.4663 0.4612 0.2613 0.4249 0.0000 0.6529 0.6547 0.3070 0.4297 0.6239 0.4776 0.7953 0.2863 0.3298 0.6070 0.4802 0.4989 0.5292 0.4193 0.4951 0.4701
0.3952 0.4781 0.3901 0.3957 0.4441 0.0000 0.1312 0.3505 0.4049 0.4287 0.4481 0.6560 0.3418 0.5121 0.7340 0.4938 0.4825 0.3776 0.4190 0.3336 0.3565
0.1464 0.2098 0.2718 0.4257 0.6674 0.3825 0.0000 0.4310 0.4145 0.3408 0.4830 0.3121 0.4783 0.3743 0.4505 0.4654 0.5103 0.5077 0.5494 0.2866 0.6194
0.3828 0.6752 0.2424 0.4931 0.3266 0.3450 0.3681 0.0000 0.6066 0.3020 0.5052 0.4624 0.3863 0.6265 0.2929 0.5747 0.7792 0.7044 0.5269 0.4776 0.3730
0.3756 0.3584 0.4064 0.2723 0.6476 0.4112 0.5840 0.4524 0.0000 0.4739 0.6974 0.3390 0.6837 0.2996 0.4964 0.4181 0.3250 0.2962 0.3666 0.6371 0.4011
0.5907 0.7367 0.1812 0.5269 0.4601 0.4451 0.4240 0.3165 0.4575 0.0000 0.3465 0.4076 0.8221 0.2644 0.4486 0.3423 0.7241 0.3164 0.2977 0.4583 0.3978
0.3867 0.5197 0.5400 0.7896 0.2282 0.5969 0.5991 0.4873 0.4351 0.4552 0.0000 0.5076 0.5590 0.2567 0.2210 0.4922 0.2142 0.4918 0.5563 0.5228 0.7350
0.4361 0.5242 0.4095 0.4478 0.8013 0.2777 0.2673 0.4546 0.4939 0.4653 0.3652 0.0000 0.3934 0.4279 0.6311 0.4880 0.4608 0.6019 0.4446 0.6699 0.3179
0.3652 0.5532 0.3670 0.3353 0.5118 0.2603 0.6771 0.4413 0.4882 0.3926 0.4471 0.5425 0.0000 0.5390 0.5956 0.5178 0.5537 0.4408 0.3623 0.4805 0.5171
0.3627 0.4576 0.5447 0.4040 0.3202 0.5469 0.4577 0.3960 0.5751 0.2771 0.5975 0.4793 0.7560 0.0000 0.4373 0.6086 0.4850 0.5567 0.4617 0.5819 0.5462
0.2030 0.2747 0.3284 0.7728 0.4906 0.6942 0.5183 0.2750 0.4876 0.3395 0.2161 0.3516 0.6941 0.4366 0.0000 0.5189 0.3372 0.6005 0.2620 0.5091 0.3683
0.5705 0.7163 0.2794 0.4466 0.4080 0.4919 0.4657 0.3877 0.3871 0.2713 0.6580 0.2878 0.4612 0.2749 0.3897 0.0000 0.3077 0.4287 0.3581 0.5269 0.4478
0.3721 0.2832 0.4426 0.8076 0.4832 0.5412 0.3824 0.6936 0.4113 0.3349 0.5196 0.4450 0.4661 0.6294 0.3753 0.3697 0.0000 0.5789 0.4074 0.3511 0.4948
0.4424 0.3671 0.4612 0.3042 0.6983 0.4179 0.5245 0.5928 0.3819 0.4371 0.5042 0.5046 0.5799 0.4704 0.4275 0.5249 0.6170 0.0000 0.4535 0.4682 0.3356
0.4320 0.3217 0.3142 0.0998 0.3831 0.4041 0.6661 0.5032 0.6495 0.3067 0.4951 0.4596 0.4964 0.5020 0.3335 0.3242 0.3329 0.3609 0.0000 0.5172 0.4589
0.3929 0.6064 0.3284 0.3412 0.4729 0.4910 0.4368 0.4672 0.5401 0.5157 0.4169 0.3734 0.4433 0.6542 0.4045 0.5596 0.3372 0.4561 0.7470 0.0000 0.3923
0.4730 0.7066 0.1586 0.2338 0.4473 0.3584 0.4911 0.3382 0.2385 0.1950 0.6501 0.5361 0.5879 0.4912 0.4310 0.3533 0.5358 0.3229 0.4496 0.4814 0.0000

--- Sample 5 ---
node_demand:
0.3000
0.2667
0.2333
0.0333
0.2333
0.1333
0.2333
0.2333
0.1667
0.0667
0.1667
0.2000
0.3000
0.1667
0.2333
0.0333
0.2667
0.1667
0.0333
0.2333

dist_matrix:
0.0000 0.1979 0.3724 0.4260 0.4042 0.4943 0.1737 0.3730 0.5088 0.3154 0.4604 0.3720 0.3972 0.4301 0.2520 0.3937 0.6077 0.4984 0.4669 0.3672 0.2849
0.2108 0.0000 0.3999 0.4230 0.4407 0.4102 0.2169 0.4346 0.4107 0.5055 0.4523 0.4021 0.5628 0.6389 0.3196 0.3782 0.4281 0.4176 0.2622 0.5877 0.5300
0.3979 0.2908 0.0000 0.3505 0.2233 0.4558 0.7793 0.2636 0.2771 0.2778 0.4499 0.5767 0.4321 0.5111 0.2460 0.2662 0.3562 0.4348 0.3193 0.4116 0.0837
0.7193 0.3994 0.5048 0.0000 0.4245 0.3515 0.5788 0.5753 0.3675 0.5383 0.7059 0.5888 0.2481 0.4016 0.6337 0.2298 0.5640 0.2568 0.2252 0.3784 0.2175
0.3788 0.5627 0.3241 0.4137 0.0000 0.4684 0.6697 0.3238 0.4797 0.5618 0.5548 0.5071 0.4721 0.3274 0.4666 0.5116 0.5001 0.5792 0.4163 0.4666 0.2994
0.2801 0.6148 0.3911 0.3572 0.6153 0.0000 0.2442 0.3184 0.4140 0.4345 0.5651 0.4121 0.3503 0.7801 0.6068 0.5671 0.6688 0.4029 0.4059 0.3274 0.3670
0.1175 0.2228 0.5045 0.4222 0.4015 0.3440 0.0000 0.5051 0.6049 0.5015 0.3863 0.4314 0.3145 0.3669 0.4264 0.4148 0.5813 0.5501 0.6496 0.4200 0.3588
0.4054 0.3870 0.2339 0.7164 0.3117 0.3259 0.5189 0.0000 0.5230 0.3061 0.3189 0.4482 0.5150 0.3800 0.4823 0.5906 0.3357 0.5014 0.5737 0.4633 0.3593
0.3248 0.3559 0.1890 0.2732 0.5908 0.4114 0.5366 0.5159 0.0000 0.1983 0.7336 0.4904 0.5221 0.5619 0.3425 0.3671 0.2722 0.4551 0.4165 0.4973 0.3875
0.5276 0.3936 0.1739 0.4823 0.6298 0.4478 0.4722 0.3168 0.5324 0.0000 0.3772 0.4449 0.4922 0.3439 0.2542 0.3405 0.2799 0.3272 0.2296 0.7769 0.2080
0.5360 0.4306 0.4268 0.6699 0.6765 0.6835 0.5872 0.3842 0.4094 0.3487 0.0000 0.3428 0.5098 0.5609 0.2085 0.6345 0.4747 0.4387 0.5785 0.5718 0.3991
0.4478 0.4295 0.4448 0.4429 0.7901 0.2465 0.5047 0.4412 0.4301 0.6382 0.6113 0.0000 0.5760 0.4554 0.3750 0.4851 0.4780 0.6363 0.4676 0.5236 0.5796
0.2937 0.4099 0.4341 0.3886 0.2777 0.3131 0.3554 0.4725 0.6457 0.6151 0.4422 0.4864 0.0000 0.4091 0.2682 0.4657 0.5528 0.5776 0.4904 0.4508 0.5819
0.4382 0.5052 0.3405 0.4565 0.3294 0.7225 0.4473 0.2815 0.2335 0.4275 0.6357 0.4491 0.2987 0.0000 0.3987 0.6007 0.3853 0.5122 0.5041 0.5545 0.4962
0.3691 0.2741 0.3673 0.5075 0.4108 0.2658 0.3161 0.4103 0.3953 0.2753 0.2149 0.6021 0.5936 0.3072 0.0000 0.4503 0.4126 0.6012 0.2713 0.4246 0.2945
0.4114 0.3520 0.3369 0.2626 0.4800 0.7184 0.4622 0.4318 0.2934 0.4857 0.5748 0.2730 0.5126 0.3410 0.3952 0.0000 0.1350 0.4775 0.3029 0.3975 0.3103
0.5716 0.2534 0.5536 0.7903 0.3893 0.2089 0.5748 0.6019 0.2233 0.5707 0.5075 0.2523 0.6205 0.6491 0.3440 0.2026 0.0000 0.4487 0.6036 0.4046 0.7122
0.4710 0.3948 0.4626 0.3701 0.6281 0.3971 0.5983 0.6626 0.3859 0.2653 0.4981 0.6865 0.6159 0.5768 0.6632 0.4241 0.4887 0.0000 0.3776 0.4855 0.3685
0.4319 0.4765 0.3181 0.2028 0.4030 0.4137 0.3643 0.4577 0.4346 0.2300 0.5272 0.4052 0.4726 0.3085 0.3076 0.3568 0.3426 0.4102 0.0000 0.6848 0.4315
0.3619 0.6135 0.6381 0.3183 0.4867 0.2983 0.4830 0.4686 0.4822 0.5942 0.6793 0.4954 0.4654 0.7115 0.4544 0.6177 0.3483 0.4714 0.3741 0.0000 0.3994
0.4622 0.4959 0.0844 0.2330 0.5007 0.3670 0.5994 0.3936 0.4807 0.2722 0.5686 0.7180 0.5321 0.4118 0.3073 0.4502 0.6865 0.5213 0.3782 0.3742 0.0000
