min_dist:
0.0000 0.1800 0.1000 0.3800 0.3700 0.2900 0.2400 0.1300 0.1400 0.1600 0.1200 0.2700 0.1200 0.2800 0.2900 0.1900 0.1400 0.2400 0.3400 0.3400 0.2500
0.1800 0.0000 0.1100 0.3500 0.4100 0.3500 0.1500 0.3000 0.3100 0.2300 0.3000 0.2400 0.2600 0.3100 0.2400 0.2000 0.2100 0.3600 0.2500 0.3700 0.2600
0.1000 0.1100 0.0000 0.3300 0.3200 0.2600 0.2600 0.2300 0.2400 0.1900 0.2200 0.3500 0.2200 0.3000 0.3500 0.0900 0.1000 0.2700 0.3600 0.2800 0.1500
0.3800 0.3500 0.3300 0.0000 0.2600 0.4100 0.3000 0.3900 0.4000 0.3800 0.5000 0.1100 0.3100 0.3600 0.2900 0.2400 0.4300 0.3200 0.3800 0.3000 0.3000
0.3700 0.4100 0.3200 0.2600 0.0000 0.2100 0.3400 0.2400 0.2500 0.3900 0.2600 0.3500 0.3100 0.1000 0.2500 0.3200 0.3000 0.4300 0.1600 0.0400 0.3800
0.2900 0.3500 0.2600 0.4100 0.2100 0.0000 0.2000 0.1600 0.1700 0.2800 0.2700 0.3000 0.3200 0.1100 0.2600 0.1800 0.3100 0.3700 0.1700 0.1700 0.2400
0.2400 0.1500 0.2600 0.3000 0.3400 0.2000 0.0000 0.2700 0.2800 0.0800 0.2400 0.3900 0.2000 0.3100 0.2900 0.3500 0.1700 0.2100 0.3700 0.3000 0.3400
0.1300 0.3000 0.2300 0.3900 0.2400 0.1600 0.2700 0.0000 0.0100 0.2900 0.2500 0.3400 0.2500 0.2700 0.1600 0.2600 0.2700 0.3700 0.2500 0.2800 0.2500
0.1400 0.3100 0.2400 0.4000 0.2500 0.1700 0.2800 0.0100 0.0000 0.3000 0.2600 0.3500 0.2600 0.2800 0.1700 0.2700 0.2800 0.3800 0.2600 0.2900 0.2600
0.1600 0.2300 0.1900 0.3800 0.3900 0.2800 0.0800 0.2900 0.3000 0.0000 0.2300 0.4100 0.2800 0.2900 0.3100 0.2800 0.0900 0.2600 0.3500 0.3500 0.2600
0.1200 0.3000 0.2200 0.5000 0.2600 0.2700 0.2400 0.2500 0.2600 0.2300 0.0000 0.3900 0.2400 0.1600 0.3100 0.3100 0.2600 0.1800 0.2200 0.2200 0.3200
0.2700 0.2400 0.3500 0.1100 0.3500 0.3000 0.3900 0.3400 0.3500 0.4100 0.3900 0.0000 0.2000 0.2500 0.1800 0.3500 0.4100 0.3100 0.2700 0.3100 0.4100
0.1200 0.2600 0.2200 0.3100 0.3100 0.3200 0.2000 0.2500 0.2600 0.2800 0.2400 0.2000 0.0000 0.2100 0.3600 0.3100 0.2600 0.1200 0.2700 0.2700 0.2600
0.2800 0.3100 0.3000 0.3600 0.1000 0.1100 0.3100 0.2700 0.2800 0.2900 0.1600 0.2500 0.2100 0.0000 0.1500 0.2900 0.2000 0.3300 0.0600 0.0600 0.3400
0.2900 0.2400 0.3500 0.2900 0.2500 0.2600 0.2900 0.1600 0.1700 0.3100 0.3100 0.1800 0.3600 0.1500 0.0000 0.4200 0.3500 0.2600 0.0900 0.2100 0.4000
0.1900 0.2000 0.0900 0.2400 0.3200 0.1800 0.3500 0.2600 0.2700 0.2800 0.3100 0.3500 0.3100 0.2900 0.4200 0.0000 0.1900 0.2000 0.3500 0.2800 0.0600
0.1400 0.2100 0.1000 0.4300 0.3000 0.3100 0.1700 0.2700 0.2800 0.0900 0.2600 0.4100 0.2600 0.2000 0.3500 0.1900 0.0000 0.1700 0.2600 0.2600 0.2500
0.2400 0.3600 0.2700 0.3200 0.4300 0.3700 0.2100 0.3700 0.3800 0.2600 0.1800 0.3100 0.1200 0.3300 0.2600 0.2000 0.1700 0.0000 0.3000 0.3900 0.1400
0.3400 0.2500 0.3600 0.3800 0.1600 0.1700 0.3700 0.2500 0.2600 0.3500 0.2200 0.2700 0.2700 0.0600 0.0900 0.3500 0.2600 0.3000 0.0000 0.1200 0.4000
0.3400 0.3700 0.2800 0.3000 0.0400 0.1700 0.3000 0.2800 0.2900 0.3500 0.2200 0.3100 0.2700 0.0600 0.2100 0.2800 0.2600 0.3900 0.1200 0.0000 0.3400
0.2500 0.2600 0.1500 0.3000 0.3800 0.2400 0.3400 0.2500 0.2600 0.2600 0.3200 0.4100 0.2600 0.3400 0.4000 0.0600 0.2500 0.1400 0.4000 0.3400 0.0000

max_dist:
0.0000 0.5400 0.6000 0.4000 0.6700 0.7600 0.5300 0.4200 0.6100 0.7600 0.4600 0.4600 0.3400 0.5700 0.5600 0.4900 0.4400 0.5400 0.5800 0.5700 0.5400
0.5400 0.0000 0.5800 0.6000 0.5400 0.6600 0.4600 0.3000 0.5200 0.7200 0.4800 0.5600 0.7200 0.6300 0.4600 0.5400 0.5400 0.6600 0.6200 0.6800 0.6600
0.6000 0.5800 0.0000 0.4400 0.4700 0.3600 0.5200 0.3700 0.5000 0.5400 0.6500 0.6400 0.7700 0.7300 0.6800 0.1100 0.6600 0.4900 0.5700 0.4400 0.3800
0.4000 0.6000 0.4400 0.0000 0.2700 0.5600 0.5800 0.5800 0.5200 0.5400 0.6300 0.2000 0.5200 0.4800 0.7600 0.5500 0.7300 0.5500 0.6000 0.6000 0.6600
0.6700 0.5400 0.4700 0.2700 0.0000 0.5400 0.7400 0.8000 0.6800 0.8000 0.8000 0.4700 0.5400 0.6700 0.4900 0.3600 0.4600 0.6900 0.3300 0.3600 0.5000
0.7600 0.6600 0.3600 0.5600 0.5400 0.0000 0.5300 0.3600 0.5200 0.5400 0.8200 0.4200 0.5800 0.6000 0.5200 0.4700 0.7500 0.3800 0.7400 0.5000 0.5900
0.5300 0.4600 0.5200 0.5800 0.7400 0.5300 0.0000 0.6000 0.6800 0.5400 0.5200 0.6600 0.8400 0.7000 0.5200 0.5400 0.6400 0.7900 0.5500 0.6800 0.4700
0.4200 0.3000 0.3700 0.5800 0.8000 0.3600 0.6000 0.0000 0.4200 0.5400 0.5700 0.7800 0.6800 0.6700 0.3100 0.4800 0.7500 0.5900 0.6100 0.4900 0.6200
0.6100 0.5200 0.5000 0.5200 0.6800 0.5200 0.6800 0.4200 0.0000 0.7200 0.4400 0.7200 0.5800 0.7600 0.7300 0.4900 0.9000 0.8800 0.5400 0.7000 0.3800
0.7600 0.7200 0.5400 0.5400 0.8000 0.5400 0.5400 0.5400 0.7200 0.0000 0.4500 0.4600 0.7200 0.6900 0.5400 0.6500 0.4400 0.4400 0.7200 0.6200 0.8000
0.4600 0.4800 0.6500 0.6300 0.8000 0.8200 0.5200 0.5700 0.4400 0.4500 0.0000 0.5600 0.6400 0.5300 0.7200 0.5900 0.8900 0.4400 0.7500 0.5600 0.8200
0.4600 0.5600 0.6400 0.2000 0.4700 0.4200 0.6600 0.7800 0.7200 0.4600 0.5600 0.0000 0.3200 0.3300 0.6000 0.7500 0.5400 0.5000 0.6400 0.5300 0.5100
0.3400 0.7200 0.7700 0.5200 0.5400 0.5800 0.8400 0.6800 0.5800 0.7200 0.6400 0.3200 0.0000 0.4500 0.4800 0.6600 0.7800 0.7100 0.6400 0.6000 0.4200
0.5700 0.6300 0.7300 0.4800 0.6700 0.6000 0.7000 0.6700 0.7600 0.6900 0.5300 0.3300 0.4500 0.0000 0.6200 0.6200 0.7000 0.5600 0.3400 0.7400 0.4200
0.5600 0.4600 0.6800 0.7600 0.4900 0.5200 0.5200 0.3100 0.7300 0.5400 0.7200 0.6000 0.4800 0.6200 0.0000 0.7100 0.4400 0.2800 0.6400 0.7800 0.8400
0.4900 0.5400 0.1100 0.5500 0.3600 0.4700 0.5400 0.4800 0.4900 0.6500 0.5900 0.7500 0.6600 0.6200 0.7100 0.0000 0.6500 0.6000 0.6000 0.3300 0.4900
0.4400 0.5400 0.6600 0.7300 0.4600 0.7500 0.6400 0.7500 0.9000 0.4400 0.8900 0.5400 0.7800 0.7000 0.4400 0.6500 0.0000 0.6400 0.6300 0.7800 0.9000
0.5400 0.6600 0.4900 0.5500 0.6900 0.3800 0.7900 0.5900 0.8800 0.4400 0.4400 0.5000 0.7100 0.5600 0.2800 0.6000 0.6400 0.0000 0.3600 0.6500 0.5600
0.5800 0.6200 0.5700 0.6000 0.3300 0.7400 0.5500 0.6100 0.5400 0.7200 0.7500 0.6400 0.6400 0.3400 0.6400 0.6000 0.6300 0.3600 0.0000 0.5700 0.5400
0.5700 0.6800 0.4400 0.6000 0.3600 0.5000 0.6800 0.4900 0.7000 0.6200 0.5600 0.5300 0.6000 0.7400 0.7800 0.3300 0.7800 0.6500 0.5700 0.0000 0.6200
0.5400 0.6600 0.3800 0.6600 0.5000 0.5900 0.4700 0.6200 0.3800 0.8000 0.8200 0.5100 0.4200 0.4200 0.8400 0.4900 0.9000 0.5600 0.5400 0.6200 0.0000

--- Contains 5 samples ---

--- Sample 1 ---
node_demand:
0.2667
0.2000
0.2667
0.0333
0.1000
0.2667
0.3000
0.2333
0.2667
0.1667
0.1667
0.1667
0.2667
0.0333
0.2000
0.2667
0.0667
0.2667
0.2333
0.0333

dist_matrix:
0.0000 0.4590 0.2789 0.3903 0.4952 0.6170 0.4945 0.4188 0.4670 0.1966 0.1500 0.4311 0.2819 0.5066 0.4070 0.3828 0.2003 0.4886 0.5199 0.3968 0.3041
0.2178 0.0000 0.4133 0.3957 0.4667 0.3559 0.4541 0.3000 0.3791 0.6401 0.3476 0.3761 0.6091 0.4016 0.4043 0.4638 0.5195 0.4340 0.5813 0.5453 0.5211
0.1119 0.2522 0.0000 0.4053 0.4084 0.3065 0.3419 0.2738 0.4867 0.2680 0.4469 0.4288 0.4441 0.6530 0.4190 0.1045 0.4873 0.3423 0.5513 0.3385 0.2077
0.3811 0.5093 0.3662 0.0000 0.2616 0.4592 0.5652 0.5475 0.4932 0.4150 0.5746 0.1187 0.3752 0.4221 0.4085 0.3872 0.4971 0.4196 0.5619 0.5407 0.3198
0.4117 0.4889 0.3392 0.2670 0.0000 0.4067 0.6883 0.2590 0.3128 0.6679 0.7681 0.3956 0.4394 0.4161 0.3924 0.3559 0.3516 0.4857 0.2839 0.0570 0.4749
0.3101 0.4329 0.3128 0.4662 0.2125 0.0000 0.2368 0.2130 0.3112 0.3189 0.2997 0.3839 0.3831 0.1329 0.4072 0.4678 0.5808 0.3770 0.5874 0.4750 0.3200
0.4100 0.2473 0.3169 0.5369 0.5710 0.4893 0.0000 0.3655 0.6105 0.5261 0.4759 0.5137 0.2885 0.3576 0.3450 0.3646 0.2355 0.4170 0.3711 0.6145 0.3501
0.2673 0.3000 0.2585 0.4731 0.3526 0.1963 0.4233 0.0000 0.2074 0.3640 0.5297 0.7610 0.4978 0.4351 0.1627 0.4697 0.5443 0.4174 0.4461 0.4349 0.3304
0.2718 0.5003 0.4251 0.4720 0.5946 0.1818 0.4740 0.3198 0.0000 0.6793 0.4093 0.7198 0.2777 0.6274 0.3695 0.4488 0.8474 0.4987 0.4659 0.4992 0.3518
0.5000 0.7004 0.2999 0.4247 0.7616 0.3849 0.2610 0.4321 0.5423 0.0000 0.3163 0.4380 0.3183 0.3246 0.3851 0.4349 0.1779 0.2850 0.5827 0.4206 0.7374
0.1429 0.3662 0.3532 0.5362 0.3694 0.3147 0.4881 0.3940 0.3332 0.3335 0.0000 0.3998 0.4358 0.3175 0.6251 0.4634 0.3187 0.2833 0.2395 0.5111 0.6714
0.3804 0.4183 0.5431 0.1483 0.4420 0.3882 0.6287 0.4376 0.5059 0.4134 0.4637 0.0000 0.2537 0.2851 0.3527 0.5047 0.5350 0.3262 0.3201 0.3622 0.4633
0.1230 0.6215 0.5456 0.4927 0.3966 0.3926 0.6822 0.4457 0.5432 0.5627 0.3716 0.2006 0.0000 0.3947 0.4392 0.3845 0.4377 0.5572 0.5113 0.4217 0.2825
0.4012 0.6285 0.7069 0.4765 0.6381 0.1508 0.5597 0.3658 0.5873 0.3491 0.1662 0.3053 0.3151 0.0000 0.3893 0.3635 0.2052 0.5175 0.1952 0.4271 0.3492
0.3402 0.3717 0.5189 0.5699 0.3542 0.3115 0.5048 0.2687 0.1708 0.3670 0.6066 0.4650 0.4324 0.2942 0.0000 0.6827 0.3582 0.2687 0.1900 0.3919 0.5965
0.3618 0.3553 0.0922 0.2754 0.3339 0.4515 0.4909 0.2738 0.4182 0.3938 0.4000 0.5836 0.4803 0.5287 0.5465 0.0000 0.4791 0.3746 0.4252 0.3130 0.0900
0.3534 0.3614 0.2725 0.6402 0.3136 0.4497 0.5947 0.7341 0.6575 0.4258 0.8895 0.4929 0.5818 0.4188 0.4336 0.2769 0.0000 0.4909 0.4044 0.7311 0.4099
0.3356 0.5577 0.3224 0.4533 0.5997 0.3705 0.6614 0.4330 0.5272 0.2773 0.3922 0.3418 0.2241 0.3910 0.2738 0.4583 0.4844 0.0000 0.3123 0.6459 0.1843
0.5176 0.5063 0.4690 0.3863 0.2407 0.5884 0.4411 0.5320 0.5178 0.5153 0.3983 0.4125 0.3186 0.1002 0.3748 0.4002 0.5120 0.3044 0.0000 0.2355 0.4745
0.5155 0.6113 0.4263 0.5746 0.2524 0.4168 0.5056 0.4579 0.6168 0.3743 0.5456 0.3650 0.5092 0.6863 0.5981 0.3129 0.6641 0.4429 0.4139 0.0000 0.4408
0.4955 0.3186 0.1866 0.5606 0.4073 0.4233 0.3847 0.3763 0.2940 0.4642 0.3925 0.4718 0.4018 0.3945 0.6695 0.3378 0.2944 0.5596 0.5281 0.3913 0.0000

--- Sample 2 ---
node_demand:
0.2667
0.2000
0.2667
0.0333
0.1000
0.2667
0.3000
0.2333
0.2667
0.1667
0.1667
0.1667
0.2667
0.0333
0.2000
0.2667
0.0667
0.2667
0.2333
0.0333

dist_matrix:
0.0000 0.2841 0.4637 0.3849 0.4378 0.3458 0.3269 0.2665 0.6096 0.1675 0.3928 0.4153 0.1914 0.3181 0.3716 0.3948 0.1929 0.4787 0.3647 0.5213 0.3587
0.3875 0.0000 0.2402 0.4499 0.5399 0.5404 0.4521 0.3000 0.3424 0.4785 0.4279 0.4155 0.6992 0.4152 0.3886 0.2720 0.3118 0.4183 0.5758 0.3870 0.3430
0.1615 0.3633 0.0000 0.3540 0.3554 0.2672 0.4385 0.2844 0.2886 0.3490 0.5622 0.4191 0.4878 0.4448 0.6249 0.1098 0.4060 0.3979 0.4023 0.3203 0.2675
0.3915 0.5162 0.4265 0.0000 0.2667 0.5512 0.3832 0.3974 0.4009 0.4026 0.5003 0.1475 0.4855 0.4507 0.7256 0.4256 0.7061 0.4510 0.5663 0.3978 0.3138
0.4496 0.4182 0.3939 0.2655 0.0000 0.2419 0.5209 0.2713 0.6407 0.5055 0.5452 0.4417 0.4366 0.1654 0.3139 0.3296 0.3214 0.6025 0.2094 0.2970 0.4142
0.4699 0.5592 0.3338 0.4128 0.2530 0.0000 0.3137 0.2547 0.1970 0.3926 0.3116 0.3685 0.5754 0.3780 0.4195 0.2700 0.3563 0.3765 0.6839 0.3952 0.2752
0.3608 0.2024 0.4132 0.5217 0.4723 0.4226 0.0000 0.4512 0.5665 0.1718 0.2956 0.4432 0.2514 0.4884 0.4577 0.4921 0.6245 0.3106 0.4422 0.5896 0.4436
0.2497 0.3000 0.3217 0.5421 0.5368 0.3075 0.5842 0.0000 0.1348 0.5389 0.3697 0.6846 0.4788 0.4689 0.2875 0.3810 0.5485 0.3705 0.4113 0.3158 0.3694
0.2845 0.3606 0.4779 0.4557 0.5583 0.3449 0.6795 0.2608 0.0000 0.6985 0.3362 0.6512 0.4179 0.6598 0.2217 0.3133 0.7948 0.6128 0.3290 0.3770 0.2748
0.6395 0.6726 0.3055 0.4822 0.4269 0.3764 0.4638 0.3285 0.5979 0.0000 0.2638 0.4209 0.6927 0.5430 0.4360 0.5105 0.3200 0.2731 0.5438 0.3524 0.7205
0.3976 0.4229 0.3284 0.6165 0.6546 0.4206 0.5155 0.5617 0.3656 0.3808 0.0000 0.4321 0.4361 0.2766 0.5589 0.5866 0.7539 0.4341 0.6019 0.4139 0.7580
0.3052 0.3259 0.4865 0.1773 0.4097 0.4170 0.4036 0.6011 0.5677 0.4532 0.5460 0.0000 0.2258 0.3059 0.2162 0.6699 0.4991 0.4239 0.3809 0.4636 0.4425
0.1769 0.6924 0.3681 0.4525 0.5327 0.4843 0.7129 0.6800 0.5116 0.4656 0.5844 0.2422 0.0000 0.3826 0.4134 0.5236 0.4222 0.2967 0.5379 0.5595 0.3379
0.5438 0.3361 0.7206 0.4113 0.2140 0.4331 0.4268 0.5000 0.3312 0.3382 0.3233 0.3005 0.2393 0.0000 0.5104 0.3517 0.5503 0.3647 0.1101 0.2099 0.4031
0.3572 0.2915 0.5404 0.4241 0.4705 0.4957 0.4328 0.3003 0.1751 0.3949 0.7138 0.4627 0.4362 0.5572 0.0000 0.4658 0.4278 0.2672 0.5537 0.4284 0.6769
0.2607 0.4762 0.0998 0.3426 0.3521 0.4576 0.3750 0.4768 0.2959 0.3207 0.4972 0.5212 0.3270 0.3587 0.6861 0.0000 0.6215 0.2833 0.3942 0.2964 0.0775
0.1719 0.3251 0.6486 0.5406 0.3004 0.4460 0.4727 0.6562 0.2831 0.2045 0.6117 0.4569 0.4771 0.4144 0.4347 0.5073 0.0000 0.5809 0.2759 0.4176 0.3120
0.3263 0.6511 0.2967 0.5191 0.6494 0.3782 0.4546 0.4000 0.8265 0.3285 0.4336 0.3475 0.4610 0.3426 0.2752 0.5619 0.6146 0.0000 0.3242 0.4508 0.5454
0.3797 0.4677 0.5350 0.4407 0.1702 0.3352 0.4459 0.3235 0.2778 0.4014 0.2426 0.4711 0.3759 0.3259 0.6106 0.4489 0.2929 0.3188 0.0000 0.2423 0.4806
0.3596 0.6232 0.4314 0.4995 0.1368 0.2068 0.3635 0.3256 0.5443 0.3603 0.2986 0.3126 0.5869 0.5451 0.3159 0.2931 0.5740 0.6433 0.1399 0.0000 0.4381
0.3983 0.5473 0.2196 0.6473 0.4915 0.5051 0.4515 0.4858 0.3538 0.4823 0.3645 0.4259 0.3625 0.4124 0.8343 0.4637 0.2691 0.4942 0.5158 0.3966 0.0000

--- Sample 3 ---
node_demand:
0.2667
0.2000
0.2667
0.0333
0.1000
0.2667
0.3000
0.2333
0.2667
0.1667
0.1667
0.1667
0.2667
0.0333
0.2000
0.2667
0.0667
0.2667
0.2333
0.0333

dist_matrix:
0.0000 0.3473 0.3417 0.3831 0.3932 0.4745 0.5203 0.3726 0.1453 0.3297 0.2678 0.3135 0.2818 0.4174 0.3187 0.4501 0.1549 0.2635 0.4417 0.3746 0.3546
0.4866 0.0000 0.2081 0.4460 0.5178 0.4899 0.4491 0.3000 0.4410 0.2464 0.3628 0.4564 0.7150 0.3497 0.3284 0.2947 0.3332 0.5352 0.4445 0.6543 0.6369
0.3202 0.4589 0.0000 0.3421 0.3943 0.2674 0.2808 0.2796 0.4022 0.2162 0.5820 0.4641 0.3174 0.3538 0.4028 0.0954 0.2498 0.3660 0.5095 0.3789 0.1711
0.3949 0.4462 0.3992 0.0000 0.2609 0.5271 0.3494 0.5207 0.4548 0.4312 0.5241 0.1971 0.4879 0.4263 0.3726 0.2710 0.6466 0.3430 0.4016 0.3962 0.4904
0.3830 0.5002 0.3468 0.2620 0.0000 0.5295 0.4357 0.5751 0.4684 0.6313 0.6600 0.4641 0.3397 0.6478 0.2808 0.3423 0.4444 0.6362 0.1778 0.1817 0.4956
0.4024 0.5614 0.2914 0.4991 0.2429 0.0000 0.2649 0.2363 0.3486 0.3964 0.6314 0.3821 0.5044 0.5726 0.3803 0.3718 0.7208 0.3726 0.3219 0.3583 0.3917
0.2805 0.2759 0.5165 0.3668 0.5388 0.3021 0.0000 0.4953 0.4434 0.5359 0.3901 0.4628 0.6196 0.4104 0.4676 0.4857 0.4464 0.7416 0.4072 0.6238 0.3705
0.2053 0.3000 0.2320 0.5557 0.2682 0.2282 0.5275 0.0000 0.0849 0.4269 0.3041 0.7752 0.3761 0.5566 0.2774 0.3371 0.5359 0.4784 0.3068 0.3631 0.3237
0.1844 0.4695 0.4188 0.5152 0.4713 0.3268 0.4695 0.1711 0.0000 0.6469 0.3707 0.5912 0.4765 0.7472 0.4135 0.3860 0.5023 0.8288 0.3978 0.6575 0.3300
0.3468 0.5986 0.2608 0.4567 0.5137 0.4410 0.1319 0.3959 0.5603 0.0000 0.3276 0.4306 0.6043 0.6557 0.3207 0.4689 0.1380 0.2784 0.6197 0.5904 0.5037
0.3096 0.3351 0.4061 0.5391 0.3817 0.2881 0.3769 0.3349 0.3727 0.3024 0.0000 0.3937 0.5656 0.4024 0.6588 0.5222 0.5174 0.2471 0.6314 0.5395 0.4000
0.3107 0.3311 0.4680 0.1974 0.4302 0.3387 0.4301 0.5135 0.6471 0.4333 0.4099 0.0000 0.2358 0.3161 0.2384 0.3721 0.4758 0.3542 0.2936 0.3564 0.4433
0.3256 0.3262 0.2860 0.3636 0.3352 0.5325 0.4458 0.3065 0.3121 0.4739 0.4545 0.2811 0.0000 0.2867 0.4611 0.5775 0.3889 0.6232 0.5873 0.5730 0.3150
0.3189 0.5912 0.6381 0.4438 0.5654 0.4184 0.3948 0.5402 0.3014 0.5231 0.5141 0.2788 0.2623 0.0000 0.5225 0.4572 0.2745 0.5554 0.3255 0.5760 0.3959
0.4874 0.3449 0.3978 0.4844 0.2886 0.4897 0.5067 0.2069 0.6863 0.4248 0.3712 0.4049 0.3704 0.1803 0.0000 0.5916 0.4049 0.2667 0.5992 0.4672 0.5677
0.4322 0.5110 0.0999 0.2467 0.3537 0.4208 0.5184 0.3908 0.3365 0.6397 0.3775 0.6453 0.4411 0.5287 0.4490 0.0000 0.3329 0.4081 0.4479 0.3023 0.3692
0.4300 0.4461 0.5857 0.5561 0.3742 0.5543 0.5258 0.5572 0.8018 0.4384 0.3489 0.4374 0.4876 0.4314 0.3812 0.4353 0.0000 0.4787 0.2726 0.5210 0.7763
0.5310 0.4426 0.3115 0.4500 0.5262 0.3757 0.3022 0.4411 0.6481 0.2632 0.2704 0.3686 0.1281 0.4786 0.2673 0.5043 0.2274 0.0000 0.3367 0.6280 0.5059
0.4032 0.6032 0.5621 0.3993 0.1680 0.6241 0.4882 0.5681 0.3849 0.6971 0.6312 0.6174 0.4856 0.1965 0.3657 0.3875 0.4442 0.3200 0.0000 0.5387 0.5283
0.5657 0.3832 0.3470 0.4028 0.1316 0.3540 0.5948 0.3561 0.3478 0.5605 0.3135 0.5049 0.2810 0.4951 0.5648 0.2960 0.6146 0.5633 0.2860 0.0000 0.5077
0.4828 0.5548 0.2648 0.3966 0.4106 0.3641 0.4535 0.2977 0.3106 0.4668 0.5285 0.4767 0.3601 0.3860 0.5993 0.3073 0.3900 0.3740 0.4018 0.4383 0.0000

--- Sample 4 ---
node_demand:
0.2667
0.2000
0.2667
0.0333
0.1000
0.2667
0.3000
0.2333
0.2667
0.1667
0.1667
0.1667
0.2667
0.0333
0.2000
0.2667
0.0667
0.2667
0.2333
0.0333

dist_matrix:
0.0000 0.3125 0.2719 0.3916 0.5757 0.5074 0.5166 0.2460 0.5330 0.4719 0.3210 0.4554 0.1658 0.4763 0.3594 0.2988 0.2881 0.4084 0.4431 0.5149 0.2995
0.5157 0.0000 0.5728 0.4902 0.4144 0.3988 0.3808 0.3000 0.5087 0.4865 0.3110 0.2615 0.6658 0.3300 0.2742 0.4015 0.5288 0.4848 0.2932 0.4899 0.4052
0.5781 0.4261 0.0000 0.3495 0.3451 0.2776 0.2962 0.3290 0.2485 0.2325 0.4968 0.5346 0.4163 0.6653 0.6128 0.1004 0.3347 0.3228 0.4376 0.3892 0.2543
0.3991 0.5131 0.3501 0.0000 0.2695 0.4371 0.4990 0.4229 0.4731 0.4331 0.5508 0.1998 0.3722 0.3751 0.3690 0.3692 0.6419 0.3957 0.5207 0.4977 0.3635
0.6579 0.4429 0.3497 0.2649 0.0000 0.2261 0.4222 0.5842 0.5119 0.4428 0.4077 0.3628 0.4400 0.1847 0.4247 0.3315 0.3509 0.6414 0.2760 0.2218 0.3871
0.7261 0.4722 0.2980 0.4913 0.3700 0.0000 0.2434 0.2528 0.2770 0.5049 0.3617 0.3047 0.5109 0.2278 0.4230 0.4170 0.6834 0.3793 0.5117 0.4431 0.4334
0.3015 0.2233 0.3489 0.4673 0.3768 0.5059 0.0000 0.4016 0.6009 0.5078 0.4260 0.6371 0.3240 0.3607 0.4340 0.4997 0.4504 0.5606 0.4240 0.4074 0.3767
0.2811 0.3000 0.3091 0.4417 0.2474 0.1904 0.4837 0.0000 0.0868 0.3071 0.3036 0.5688 0.3352 0.3064 0.2830 0.3730 0.5116 0.5646 0.3026 0.2858 0.4440
0.5849 0.4547 0.3313 0.4837 0.5998 0.4139 0.4578 0.2564 0.0000 0.3824 0.2676 0.5455 0.3413 0.2866 0.5230 0.2838 0.4134 0.8286 0.3903 0.3496 0.3243
0.4248 0.4136 0.4939 0.4757 0.6418 0.4923 0.1987 0.4806 0.3096 0.0000 0.3484 0.4335 0.5378 0.6756 0.3255 0.6275 0.1417 0.2693 0.6443 0.3658 0.7722
0.2300 0.4522 0.5963 0.5130 0.3719 0.6358 0.3541 0.4831 0.3708 0.4025 0.0000 0.5189 0.5513 0.4918 0.5058 0.5746 0.8049 0.3223 0.2678 0.3194 0.5217
0.3673 0.4292 0.5362 0.1962 0.4271 0.3205 0.5931 0.4998 0.6649 0.4424 0.4954 0.0000 0.2172 0.2707 0.5545 0.6065 0.5150 0.4921 0.4845 0.3183 0.4207
0.3049 0.6144 0.6721 0.4323 0.3713 0.4666 0.5693 0.5510 0.3778 0.3338 0.4641 0.2721 0.0000 0.3466 0.4601 0.5543 0.6151 0.5810 0.5731 0.3118 0.2779
0.4639 0.4354 0.6855 0.3648 0.2436 0.3950 0.6514 0.4718 0.5497 0.4593 0.2661 0.2716 0.2491 0.0000 0.6143 0.4385 0.5518 0.5295 0.2791 0.6592 0.3430
0.5186 0.3273 0.4730 0.6136 0.3896 0.5039 0.4217 0.2490 0.6972 0.4959 0.3655 0.5564 0.4153 0.1564 0.0000 0.6890 0.3502 0.2761 0.4092 0.7363 0.6434
0.4538 0.5373 0.0925 0.3554 0.3330 0.4375 0.3826 0.4116 0.4260 0.2864 0.4599 0.3955 0.4522 0.4209 0.5736 0.0000 0.4735 0.3307 0.5361 0.2805 0.3001
0.2481 0.5195 0.5166 0.6004 0.3047 0.4832 0.2151 0.4350 0.3995 0.1864 0.5898 0.4768 0.5624 0.5776 0.3848 0.4879 0.0000 0.5881 0.3516 0.3998 0.5425
0.4235 0.6027 0.3651 0.5136 0.5139 0.3777 0.4220 0.4906 0.7184 0.3218 0.2254 0.3921 0.3255 0.4524 0.2621 0.5310 0.6062 0.0000 0.3545 0.4043 0.2022
0.5138 0.5212 0.4933 0.5914 0.2944 0.3524 0.4042 0.5154 0.3002 0.3855 0.4749 0.3284 0.4572 0.2512 0.3033 0.4116 0.3227 0.3014 0.0000 0.4845 0.5067
0.3412 0.4233 0.4277 0.5131 0.2448 0.4516 0.4265 0.3308 0.6354 0.4454 0.2588 0.3248 0.4518 0.7003 0.7534 0.3199 0.7308 0.4475 0.1577 0.0000 0.5537
0.3398 0.6169 0.2878 0.5103 0.4293 0.5587 0.4629 0.4163 0.3209 0.6895 0.3322 0.5066 0.3014 0.3824 0.5067 0.2060 0.6986 0.5182 0.5231 0.5506 0.0000

--- Sample 5 ---
node_demand:
0.2667
0.2000
0.2667
0.0333
0.1000
0.2667
0.3000
0.2333
0.2667
0.1667
0.1667
0.1667
0.2667
0.0333
0.2000
0.2667
0.0667
0.2667
0.2333
0.0333

dist_matrix:
0.0000 0.4315 0.4246 0.3803 0.6347 0.6881 0.3155 0.3598 0.5389 0.2466 0.1882 0.4327 0.2189 0.5155 0.3744 0.3667 0.3143 0.3866 0.4844 0.3853 0.4578
0.4321 0.0000 0.4734 0.4189 0.5388 0.4342 0.3104 0.3000 0.3951 0.4409 0.3106 0.5299 0.3543 0.4091 0.2617 0.2412 0.5040 0.4642 0.4280 0.6730 0.2791
0.3348 0.4951 0.0000 0.3534 0.4227 0.3512 0.3361 0.2874 0.3971 0.4666 0.4613 0.5272 0.7305 0.6994 0.3715 0.1006 0.1508 0.3276 0.5300 0.3645 0.3033
0.3837 0.5228 0.4342 0.0000 0.2608 0.5544 0.5596 0.3988 0.4859 0.4799 0.5085 0.1194 0.5059 0.3952 0.3151 0.3406 0.5479 0.4090 0.4637 0.4556 0.5611
0.6654 0.4403 0.3348 0.2697 0.0000 0.4391 0.5176 0.6844 0.5507 0.7205 0.6282 0.4690 0.4825 0.5067 0.3183 0.3532 0.4484 0.6097 0.2019 0.1527 0.3853
0.6228 0.4162 0.2834 0.4298 0.5176 0.0000 0.4000 0.1828 0.1886 0.4652 0.3867 0.3956 0.3376 0.3921 0.4634 0.3558 0.7350 0.3733 0.7178 0.3960 0.2456
0.3001 0.3207 0.3658 0.3112 0.4239 0.2257 0.0000 0.5331 0.6243 0.2522 0.3382 0.6414 0.4016 0.6267 0.3023 0.4471 0.4676 0.6009 0.4834 0.3055 0.3998
0.2966 0.3000 0.3581 0.4488 0.5731 0.1875 0.2703 0.0000 0.2809 0.3456 0.3651 0.4656 0.5843 0.6212 0.2815 0.4313 0.3972 0.5269 0.4583 0.4275 0.4802
0.5292 0.4615 0.3562 0.4668 0.3551 0.4444 0.4311 0.3872 0.0000 0.5496 0.3178 0.4950 0.3132 0.7171 0.4201 0.3039 0.4898 0.4260 0.4467 0.3309 0.3137
0.3445 0.5807 0.2948 0.4404 0.6502 0.4700 0.1664 0.4565 0.4606 0.0000 0.2581 0.4230 0.5529 0.6026 0.3807 0.4312 0.3077 0.3724 0.5969 0.5825 0.5383
0.2796 0.3451 0.5655 0.5091 0.2928 0.4463 0.4752 0.5353 0.4120 0.4386 0.0000 0.4531 0.5709 0.1751 0.6897 0.3867 0.5584 0.4205 0.7365 0.2935 0.7936
0.2925 0.2617 0.4390 0.1238 0.4108 0.3769 0.4120 0.7163 0.5107 0.4571 0.5486 0.0000 0.2001 0.3282 0.4569 0.7158 0.4288 0.3540 0.4326 0.4150 0.5061
0.1605 0.4909 0.3133 0.4923 0.4863 0.4334 0.2522 0.5920 0.3188 0.3863 0.3650 0.2568 0.0000 0.3697 0.3891 0.3397 0.6535 0.3945 0.4319 0.5789 0.2803
0.5583 0.4362 0.7069 0.4082 0.1238 0.4113 0.6318 0.5182 0.7169 0.4941 0.3226 0.2764 0.2133 0.0000 0.1778 0.4676 0.2316 0.5592 0.0751 0.6703 0.4019
0.4859 0.3190 0.5436 0.6607 0.3394 0.2838 0.3841 0.2027 0.3486 0.4058 0.5954 0.5477 0.4733 0.3719 0.0000 0.6399 0.3737 0.2757 0.5568 0.4754 0.7714
0.4124 0.2155 0.1033 0.5192 0.3207 0.2546 0.3864 0.4146 0.2728 0.2947 0.5092 0.7033 0.3260 0.4728 0.4372 0.0000 0.3417 0.4840 0.4218 0.3025 0.4408
0.2037 0.2173 0.3619 0.5912 0.3412 0.6956 0.4346 0.3727 0.8932 0.3298 0.5201 0.4746 0.6941 0.2698 0.4017 0.2279 0.0000 0.2427 0.4770 0.5654 0.7490
0.2839 0.5112 0.3582 0.3528 0.5616 0.3788 0.5764 0.5625 0.6374 0.3030 0.2465 0.3815 0.2893 0.3349 0.2650 0.2364 0.4729 0.0000 0.3410 0.4298 0.5036
0.3874 0.3726 0.4264 0.3868 0.2015 0.5766 0.4864 0.5762 0.5043 0.3960 0.5644 0.4134 0.6366 0.0728 0.3395 0.3748 0.5234 0.3472 0.0000 0.1636 0.5348
0.3528 0.5665 0.4299 0.4496 0.2020 0.3862 0.6767 0.3587 0.3211 0.5683 0.2463 0.5115 0.5895 0.5423 0.4579 0.3200 0.6019 0.4369 0.2041 0.0000 0.4843
0.5078 0.4736 0.2152 0.3678 0.4692 0.5791 0.3546 0.3745 0.3599 0.6892 0.6868 0.4414 0.3611 0.3755 0.6227 0.3741 0.3867 0.1502 0.4813 0.6149 0.0000
