min_dist:
0.0000 0.3000 0.4200 0.4000 0.2800 0.4300 0.4400 0.4000 0.3000 0.3400 0.3400 0.2500 0.4200 0.4200 0.3400 0.3600 0.3900 0.1800 0.2600 0.2600 0.4100
0.3000 0.0000 0.3600 0.2200 0.1500 0.2800 0.2600 0.1600 0.3200 0.1200 0.2100 0.3000 0.2500 0.2900 0.3300 0.2700 0.2000 0.1200 0.0400 0.0800 0.2800
0.4200 0.3600 0.0000 0.3800 0.4300 0.3600 0.4500 0.3400 0.4400 0.2900 0.2000 0.3600 0.2000 0.4000 0.0800 0.2800 0.2400 0.3400 0.3200 0.3800 0.3200
0.4000 0.2200 0.3800 0.0000 0.2400 0.4500 0.3800 0.3800 0.1000 0.2200 0.3000 0.3600 0.2500 0.1000 0.3000 0.3300 0.4200 0.2200 0.2600 0.1400 0.4000
0.2800 0.1500 0.4300 0.2400 0.0000 0.2100 0.1600 0.3100 0.2300 0.1900 0.2800 0.4100 0.3200 0.1400 0.3900 0.3400 0.2700 0.1900 0.1100 0.2300 0.3600
0.4300 0.2800 0.3600 0.4500 0.2100 0.0000 0.2000 0.1400 0.3800 0.3100 0.2200 0.4700 0.2800 0.3500 0.2800 0.1900 0.4000 0.2500 0.2400 0.3600 0.3600
0.4400 0.2600 0.4500 0.3800 0.1600 0.2000 0.0000 0.3400 0.3900 0.1600 0.2500 0.5100 0.2800 0.3000 0.3700 0.1800 0.3500 0.3000 0.2200 0.3000 0.2600
0.4000 0.1600 0.3400 0.3800 0.3100 0.1400 0.3400 0.0000 0.4200 0.2700 0.3600 0.4000 0.1400 0.3200 0.4200 0.3300 0.3600 0.2200 0.2000 0.2400 0.2200
0.3000 0.3200 0.4400 0.1000 0.2300 0.3800 0.3900 0.4200 0.0000 0.3200 0.3800 0.4600 0.3500 0.2000 0.4000 0.3000 0.4800 0.3100 0.3200 0.2400 0.5000
0.3400 0.1200 0.2900 0.2200 0.1900 0.3100 0.1600 0.2700 0.3200 0.0000 0.0900 0.3800 0.1300 0.2400 0.2100 0.1700 0.2400 0.1600 0.0800 0.2000 0.2400
0.3400 0.2100 0.2000 0.3000 0.2800 0.2200 0.2500 0.3600 0.3800 0.0900 0.0000 0.3800 0.2200 0.2000 0.1200 0.0800 0.2200 0.1600 0.1700 0.2400 0.3300
0.2500 0.3000 0.3600 0.3600 0.4100 0.4700 0.5100 0.4000 0.4600 0.3800 0.3800 0.0000 0.2600 0.3400 0.2800 0.4100 0.3600 0.2200 0.3000 0.2200 0.2500
0.4200 0.2500 0.2000 0.2500 0.3200 0.2800 0.2800 0.1400 0.3500 0.1300 0.2200 0.2600 0.0000 0.3400 0.2800 0.3000 0.3200 0.2400 0.2100 0.3300 0.1500
0.4200 0.2900 0.4000 0.1000 0.1400 0.3500 0.3000 0.3200 0.2000 0.2400 0.2000 0.3400 0.3400 0.0000 0.3200 0.2800 0.4100 0.3200 0.2500 0.2400 0.3200
0.3400 0.3300 0.0800 0.3000 0.3900 0.2800 0.3700 0.4200 0.4000 0.2100 0.1200 0.2800 0.2800 0.3200 0.0000 0.2000 0.1600 0.2600 0.2900 0.3000 0.4000
0.3600 0.2700 0.2800 0.3300 0.3400 0.1900 0.1800 0.3300 0.3000 0.1700 0.0800 0.4100 0.3000 0.2800 0.2000 0.0000 0.2800 0.2400 0.2500 0.1900 0.4100
0.3900 0.2000 0.2400 0.4200 0.2700 0.4000 0.3500 0.3600 0.4800 0.2400 0.2200 0.3600 0.3200 0.4100 0.1600 0.2800 0.0000 0.2100 0.1600 0.2800 0.4700
0.1800 0.1200 0.3400 0.2200 0.1900 0.2500 0.3000 0.2200 0.3100 0.1600 0.1600 0.2200 0.2400 0.3200 0.2600 0.2400 0.2100 0.0000 0.0800 0.2000 0.2600
0.2600 0.0400 0.3200 0.2600 0.1100 0.2400 0.2200 0.2000 0.3200 0.0800 0.1700 0.3000 0.2100 0.2500 0.2900 0.2500 0.1600 0.0800 0.0000 0.1200 0.3200
0.2600 0.0800 0.3800 0.1400 0.2300 0.3600 0.3000 0.2400 0.2400 0.2000 0.2400 0.2200 0.3300 0.2400 0.3000 0.1900 0.2800 0.2000 0.1200 0.0000 0.3600
0.4100 0.2800 0.3200 0.4000 0.3600 0.3600 0.2600 0.2200 0.5000 0.2400 0.3300 0.2500 0.1500 0.3200 0.4000 0.4100 0.4700 0.2600 0.3200 0.3600 0.0000

max_dist:
0.0000 0.4600 0.6400 0.8200 0.7400 0.5900 0.7200 0.6900 0.5200 0.5900 0.6200 0.8000 0.7100 0.7500 0.4200 0.4600 0.7400 0.8400 0.7200 0.6600 0.5900
0.4600 0.0000 0.7400 0.7700 0.8100 0.7300 0.7700 0.2300 0.4500 0.8900 0.7400 0.7200 0.5100 0.5900 0.5700 0.6500 0.4600 0.6600 0.6200 0.5800 0.7100
0.6400 0.7400 0.0000 0.6400 0.5400 0.7000 0.5400 0.7100 0.5200 0.5100 0.4900 0.7200 0.4500 0.6600 0.2700 0.6500 0.5000 0.6200 0.6600 0.6100 0.4600
0.8200 0.7700 0.6400 0.0000 0.7000 0.7600 0.6200 0.5400 0.3400 0.6200 0.6200 0.4400 0.6300 0.5600 0.7800 0.4600 0.8600 0.3600 0.6700 0.7200 0.7600
0.7400 0.8100 0.5400 0.7000 0.0000 0.2200 0.7400 0.6800 0.3600 0.7200 0.5400 0.4800 0.6600 0.6000 0.5800 0.5600 0.5800 0.6600 0.3900 0.8200 0.5700
0.5900 0.7300 0.7000 0.7600 0.2200 0.0000 0.5200 0.5000 0.4200 0.5700 0.5700 0.7000 0.5600 0.7600 0.5100 0.7300 0.8000 0.5600 0.6100 0.6600 0.4900
0.7200 0.7700 0.5400 0.6200 0.7400 0.5200 0.0000 0.5400 0.6800 0.6600 0.6600 0.5800 0.4900 0.6200 0.4800 0.5400 0.6000 0.7200 0.6800 0.8000 0.3800
0.6900 0.2300 0.7100 0.5400 0.6800 0.5000 0.5400 0.0000 0.6700 0.7000 0.5200 0.6800 0.2800 0.3600 0.7400 0.4700 0.6300 0.4300 0.4600 0.7300 0.5600
0.5200 0.4500 0.5200 0.3400 0.3600 0.4200 0.6800 0.6700 0.0000 0.8300 0.8000 0.7800 0.7200 0.7800 0.7900 0.8000 0.5600 0.5600 0.6600 0.6600 0.9100
0.5900 0.8900 0.5100 0.6200 0.7200 0.5700 0.6600 0.7000 0.8300 0.0000 0.2200 0.7600 0.7000 0.6100 0.4400 0.3800 0.5000 0.2700 0.5200 0.6400 0.2800
0.6200 0.7400 0.4900 0.6200 0.5400 0.5700 0.6600 0.5200 0.8000 0.2200 0.0000 0.6700 0.6600 0.7700 0.2200 0.1600 0.2800 0.4900 0.4700 0.4200 0.5000
0.8000 0.7200 0.7200 0.4400 0.4800 0.7000 0.5800 0.6800 0.7800 0.7600 0.6700 0.0000 0.4000 0.7400 0.4500 0.6300 0.6600 0.8000 0.5400 0.3700 0.4800
0.7100 0.5100 0.4500 0.6300 0.6600 0.5600 0.4900 0.2800 0.7200 0.7000 0.6600 0.4000 0.0000 0.5200 0.6700 0.5000 0.5400 0.5300 0.4200 0.6100 0.7800
0.7500 0.5900 0.6600 0.5600 0.6000 0.7600 0.6200 0.3600 0.7800 0.6100 0.7700 0.7400 0.5200 0.0000 0.5500 0.6200 0.5800 0.3800 0.7600 0.8600 0.3800
0.4200 0.5700 0.2700 0.7800 0.5800 0.5100 0.4800 0.7400 0.7900 0.4400 0.2200 0.4500 0.6700 0.5500 0.0000 0.3800 0.4900 0.4200 0.6500 0.5800 0.6600
0.4600 0.6500 0.6500 0.4600 0.5600 0.7300 0.5400 0.4700 0.8000 0.3800 0.1600 0.6300 0.5000 0.6200 0.3800 0.0000 0.4000 0.6500 0.5900 0.2600 0.6200
0.7400 0.4600 0.5000 0.8600 0.5800 0.8000 0.6000 0.6300 0.5600 0.5000 0.2800 0.6600 0.5400 0.5800 0.4900 0.4000 0.0000 0.5700 0.1900 0.6600 0.5700
0.8400 0.6600 0.6200 0.3600 0.6600 0.5600 0.7200 0.4300 0.5600 0.2700 0.4900 0.8000 0.5300 0.3800 0.4200 0.6500 0.5700 0.0000 0.3800 0.7000 0.5500
0.7200 0.6200 0.6600 0.6700 0.3900 0.6100 0.6800 0.4600 0.6600 0.5200 0.4700 0.5400 0.4200 0.7600 0.6500 0.5900 0.1900 0.3800 0.0000 0.8400 0.7600
0.6600 0.5800 0.6100 0.7200 0.8200 0.6600 0.8000 0.7300 0.6600 0.6400 0.4200 0.3700 0.6100 0.8600 0.5800 0.2600 0.6600 0.7000 0.8400 0.0000 0.4800
0.5900 0.7100 0.4600 0.7600 0.5700 0.4900 0.3800 0.5600 0.9100 0.2800 0.5000 0.4800 0.7800 0.3800 0.6600 0.6200 0.5700 0.5500 0.7600 0.4800 0.0000

--- Contains 5 samples ---

--- Sample 1 ---
node_demand:
0.1333
0.0333
0.2000
0.1000
0.1333
0.2667
0.0333
0.0333
0.2333
0.2667
0.0333
0.1000
0.2667
0.2333
0.2000
0.2000
0.2333
0.1667
0.2333
0.2333

dist_matrix:
0.0000 0.3756 0.5120 0.7665 0.5902 0.5658 0.5054 0.4634 0.3211 0.5472 0.5744 0.2943 0.6348 0.7134 0.3976 0.3750 0.6263 0.7083 0.5658 0.3489 0.4860
0.3446 0.0000 0.4733 0.5629 0.2561 0.4330 0.6714 0.1982 0.3978 0.5811 0.2587 0.3491 0.4310 0.4476 0.3813 0.3323 0.4493 0.5448 0.1209 0.4447 0.4141
0.5736 0.4884 0.0000 0.4657 0.4951 0.3891 0.5289 0.3543 0.5151 0.2933 0.2231 0.5991 0.3690 0.6504 0.1982 0.2900 0.4822 0.3575 0.5962 0.5068 0.3235
0.6315 0.3692 0.4651 0.0000 0.5707 0.5400 0.4589 0.5145 0.1876 0.5773 0.3072 0.4010 0.4913 0.5584 0.3225 0.3316 0.8363 0.2675 0.4712 0.5803 0.4338
0.5212 0.4362 0.5307 0.6191 0.0000 0.2175 0.4559 0.3866 0.3514 0.2998 0.4249 0.4286 0.3695 0.1709 0.5581 0.4038 0.5027 0.5157 0.1100 0.3944 0.4667
0.4931 0.6911 0.5431 0.4731 0.2102 0.0000 0.3579 0.2289 0.4193 0.3778 0.4696 0.6030 0.3354 0.6642 0.4815 0.6133 0.4173 0.2951 0.4830 0.4722 0.3804
0.5646 0.5930 0.5385 0.3804 0.6852 0.4476 0.0000 0.4009 0.6003 0.3016 0.3235 0.5711 0.4074 0.5519 0.4128 0.4763 0.4485 0.5646 0.6313 0.3459 0.3463
0.6760 0.1907 0.5650 0.4932 0.6670 0.4785 0.4865 0.0000 0.4737 0.6527 0.3621 0.5890 0.1498 0.3559 0.7219 0.4485 0.5954 0.2912 0.4003 0.6066 0.5246
0.4612 0.4419 0.5171 0.2005 0.2925 0.3867 0.6082 0.4961 0.0000 0.5724 0.4560 0.7774 0.4099 0.6835 0.4067 0.4357 0.4957 0.3649 0.4091 0.2569 0.8323
0.5042 0.5858 0.3827 0.4285 0.4907 0.4735 0.2853 0.6803 0.7170 0.0000 0.1311 0.7328 0.2810 0.2921 0.2487 0.3662 0.3019 0.2165 0.3075 0.2298 0.2709
0.3600 0.2624 0.4309 0.5525 0.3429 0.2645 0.4991 0.5089 0.6019 0.1548 0.0000 0.4863 0.4909 0.2916 0.1294 0.1014 0.2794 0.4477 0.3787 0.3231 0.4448
0.3178 0.3426 0.6124 0.3952 0.4169 0.5358 0.5122 0.6736 0.5843 0.5702 0.4581 0.0000 0.2705 0.6554 0.3109 0.4557 0.4183 0.2274 0.4133 0.3038 0.4097
0.5962 0.3282 0.2201 0.4370 0.4625 0.5359 0.4199 0.2256 0.5574 0.2122 0.6324 0.3046 0.0000 0.4736 0.5432 0.4288 0.3549 0.3411 0.3253 0.4882 0.3444
0.4620 0.3769 0.4330 0.3615 0.5743 0.7128 0.4738 0.3406 0.2666 0.4194 0.6806 0.3846 0.4102 0.0000 0.3219 0.4634 0.5154 0.3517 0.4236 0.6163 0.3320
0.3720 0.3524 0.1351 0.5073 0.4800 0.4092 0.4263 0.6141 0.4777 0.2464 0.2068 0.4382 0.3026 0.4170 0.0000 0.3233 0.4406 0.4187 0.3067 0.4751 0.6513
0.4319 0.6351 0.5152 0.4219 0.5553 0.4600 0.4892 0.3383 0.4048 0.2205 0.1337 0.6267 0.4268 0.4875 0.2457 0.0000 0.3394 0.5153 0.3580 0.2042 0.5795
0.5229 0.2820 0.2670 0.8485 0.4935 0.7472 0.3614 0.4008 0.5236 0.3487 0.2526 0.5759 0.3310 0.4622 0.2911 0.2985 0.0000 0.3693 0.1741 0.5659 0.4841
0.4710 0.1210 0.3581 0.3023 0.4609 0.3733 0.3318 0.4146 0.5061 0.2624 0.2468 0.7743 0.4642 0.3346 0.3797 0.5512 0.3619 0.0000 0.3560 0.2474 0.3688
0.4133 0.5182 0.5741 0.5988 0.1384 0.3077 0.4339 0.3826 0.5482 0.3842 0.2433 0.3220 0.2463 0.7015 0.5659 0.4384 0.1829 0.1227 0.0000 0.6840 0.6859
0.3309 0.5737 0.4183 0.4516 0.6038 0.5542 0.4174 0.7115 0.5932 0.5335 0.3974 0.2270 0.3568 0.5464 0.4466 0.1924 0.3767 0.2534 0.6998 0.0000 0.4161
0.5551 0.6662 0.3631 0.6451 0.5201 0.4772 0.3232 0.3085 0.5588 0.2521 0.3693 0.2654 0.6881 0.3582 0.5587 0.4939 0.5426 0.4770 0.3432 0.3976 0.0000

--- Sample 2 ---
node_demand:
0.1333
0.0333
0.2000
0.1000
0.1333
0.2667
0.0333
0.0333
0.2333
0.2667
0.0333
0.1000
0.2667
0.2333
0.2000
0.2000
0.2333
0.1667
0.2333
0.2333

dist_matrix:
0.0000 0.3304 0.5763 0.7629 0.4154 0.5510 0.7186 0.6457 0.3377 0.3969 0.5068 0.3223 0.5333 0.4871 0.3994 0.4565 0.4537 0.2849 0.3162 0.6196 0.5249
0.3776 0.0000 0.6573 0.3379 0.4233 0.4211 0.6819 0.1779 0.3928 0.5594 0.6787 0.3874 0.3869 0.3964 0.5216 0.3400 0.2415 0.5673 0.5197 0.5343 0.6145
0.4228 0.6590 0.0000 0.5335 0.4680 0.6959 0.4945 0.5787 0.4875 0.4497 0.4275 0.3779 0.4087 0.5567 0.1511 0.2952 0.3098 0.5179 0.4211 0.4998 0.4480
0.7300 0.4757 0.5027 0.0000 0.4728 0.7102 0.3975 0.5015 0.2833 0.4439 0.5302 0.4158 0.3395 0.3009 0.7109 0.3968 0.5915 0.3078 0.5265 0.3048 0.5641
0.6772 0.6855 0.4788 0.4907 0.0000 0.2158 0.2881 0.3633 0.3412 0.3063 0.4690 0.4547 0.5731 0.1502 0.5520 0.5335 0.3407 0.5851 0.1804 0.2907 0.4332
0.5617 0.4729 0.5120 0.7189 0.2144 0.0000 0.3377 0.4144 0.4165 0.4309 0.3155 0.5468 0.4702 0.3907 0.4439 0.6240 0.6579 0.4974 0.4720 0.5449 0.4336
0.6915 0.5437 0.4821 0.4902 0.6219 0.4804 0.0000 0.4227 0.4748 0.4095 0.4459 0.5620 0.3759 0.4152 0.4297 0.2431 0.4213 0.5123 0.2797 0.6047 0.2904
0.6624 0.1982 0.4229 0.5272 0.6631 0.1616 0.3855 0.0000 0.5402 0.5129 0.3987 0.4431 0.1828 0.3581 0.5478 0.4283 0.4580 0.4287 0.3359 0.2594 0.3008
0.3518 0.3685 0.5078 0.1953 0.3347 0.3848 0.5356 0.6563 0.0000 0.4597 0.6273 0.6639 0.4556 0.7416 0.7768 0.6387 0.5130 0.4536 0.5469 0.6039 0.7622
0.4270 0.8534 0.3631 0.3339 0.4991 0.4194 0.1945 0.6430 0.3571 0.0000 0.2184 0.5188 0.1509 0.4897 0.4008 0.1956 0.4005 0.1949 0.2619 0.5687 0.2579
0.5055 0.6584 0.4218 0.6181 0.5269 0.3420 0.5528 0.3838 0.4374 0.1318 0.0000 0.5870 0.4409 0.6188 0.1649 0.1271 0.2632 0.3397 0.2616 0.2414 0.4092
0.7836 0.3624 0.5272 0.3630 0.4779 0.6415 0.5264 0.4070 0.6810 0.6246 0.6139 0.0000 0.2826 0.5151 0.3116 0.6003 0.5977 0.7657 0.3460 0.3268 0.2515
0.6519 0.2675 0.3846 0.3535 0.3621 0.3007 0.4755 0.1830 0.4433 0.6542 0.5693 0.3775 0.0000 0.4213 0.4053 0.3188 0.3642 0.3443 0.4029 0.3302 0.1690
0.4449 0.5036 0.5328 0.5179 0.1982 0.4921 0.4570 0.3285 0.2390 0.5065 0.2858 0.5082 0.5081 0.0000 0.3470 0.4348 0.4141 0.3481 0.5329 0.5106 0.3720
0.4190 0.4704 0.0975 0.4411 0.4680 0.2931 0.4155 0.5267 0.7365 0.2917 0.1735 0.3771 0.4768 0.3355 0.0000 0.2664 0.3787 0.2788 0.4768 0.3506 0.4650
0.4202 0.4492 0.6116 0.4398 0.3586 0.4222 0.3305 0.4562 0.4734 0.1773 0.0945 0.5172 0.4468 0.5891 0.3458 0.0000 0.3940 0.3395 0.5676 0.2485 0.5721
0.6355 0.2780 0.3698 0.5889 0.3792 0.6418 0.5406 0.4216 0.4965 0.2651 0.2377 0.4118 0.3341 0.4405 0.2222 0.3620 0.0000 0.5592 0.1622 0.4547 0.5653
0.4952 0.3890 0.4233 0.2793 0.6547 0.4271 0.4362 0.4195 0.3589 0.1928 0.3038 0.5394 0.2770 0.3756 0.3695 0.4283 0.3884 0.0000 0.3171 0.5923 0.3610
0.6609 0.4388 0.6235 0.4962 0.2009 0.2894 0.3811 0.3270 0.4168 0.2762 0.3424 0.5123 0.2453 0.7109 0.6166 0.3126 0.1885 0.1644 0.0000 0.7668 0.4791
0.3358 0.2600 0.5254 0.3973 0.2862 0.5083 0.5865 0.6758 0.5028 0.3410 0.3317 0.2530 0.4900 0.8513 0.3954 0.2585 0.3962 0.3665 0.6150 0.0000 0.4603
0.4114 0.5384 0.3474 0.5118 0.4375 0.4227 0.2706 0.4283 0.8392 0.2669 0.3659 0.4439 0.7337 0.3347 0.4473 0.5240 0.5031 0.3581 0.5855 0.4250 0.0000

--- Sample 3 ---
node_demand:
0.1333
0.0333
0.2000
0.1000
0.1333
0.2667
0.0333
0.0333
0.2333
0.2667
0.0333
0.1000
0.2667
0.2333
0.2000
0.2000
0.2333
0.1667
0.2333
0.2333

dist_matrix:
0.0000 0.3520 0.6379 0.4047 0.6743 0.5306 0.5737 0.4934 0.3742 0.4867 0.3919 0.6886 0.6166 0.6961 0.4168 0.4078 0.4183 0.4446 0.2817 0.5253 0.4847
0.3208 0.0000 0.6770 0.5253 0.3838 0.3557 0.6960 0.2190 0.3675 0.6672 0.5335 0.3066 0.4068 0.3464 0.3319 0.6073 0.4034 0.1510 0.4137 0.3944 0.6827
0.6054 0.6883 0.0000 0.6295 0.5218 0.6605 0.4994 0.7046 0.4900 0.3314 0.3836 0.3747 0.3319 0.4730 0.2652 0.4439 0.3109 0.5218 0.5344 0.4029 0.3972
0.4775 0.4553 0.4683 0.0000 0.6746 0.5460 0.5765 0.5024 0.2894 0.4526 0.4341 0.4343 0.5983 0.2814 0.3021 0.3495 0.7566 0.2219 0.4803 0.4496 0.6752
0.6419 0.3278 0.4823 0.4864 0.0000 0.2116 0.5314 0.6510 0.3009 0.5350 0.5138 0.4559 0.5861 0.4897 0.4303 0.5437 0.5577 0.5621 0.1869 0.7188 0.5112
0.5494 0.5740 0.6660 0.5996 0.2125 0.0000 0.3438 0.1880 0.3876 0.3250 0.3629 0.4741 0.4558 0.6566 0.2939 0.4586 0.5742 0.3720 0.5063 0.3843 0.3828
0.5627 0.3505 0.4918 0.5457 0.5842 0.3559 0.0000 0.3909 0.5112 0.4497 0.2768 0.5487 0.4649 0.5226 0.3914 0.4719 0.4867 0.5472 0.6214 0.5780 0.2963
0.5198 0.2173 0.5097 0.4710 0.6591 0.3095 0.4572 0.0000 0.6622 0.2786 0.4253 0.5235 0.2607 0.3461 0.5153 0.3982 0.6293 0.2920 0.3973 0.3360 0.5149
0.3027 0.3620 0.4562 0.2167 0.2653 0.3909 0.4357 0.4628 0.0000 0.5540 0.4803 0.4903 0.3682 0.4789 0.6112 0.7557 0.5055 0.4716 0.4906 0.4551 0.5772
0.4704 0.7418 0.4884 0.2758 0.2840 0.4019 0.6314 0.2993 0.7436 0.0000 0.1807 0.7192 0.2074 0.5231 0.2861 0.2673 0.2988 0.2641 0.3225 0.2187 0.2527
0.5149 0.6780 0.3144 0.5283 0.5322 0.2383 0.6575 0.4921 0.4659 0.1963 0.0000 0.6644 0.2962 0.5567 0.1410 0.1448 0.2660 0.3929 0.2803 0.3511 0.3930
0.7500 0.3573 0.6028 0.4041 0.4704 0.6550 0.5392 0.6183 0.5023 0.4789 0.5632 0.0000 0.3142 0.6726 0.3565 0.4464 0.5961 0.6906 0.5322 0.3448 0.3176
0.6159 0.4507 0.2212 0.4386 0.5810 0.3467 0.4114 0.2096 0.6146 0.5955 0.4293 0.3238 0.0000 0.4215 0.3470 0.4738 0.3390 0.4193 0.4087 0.5993 0.6024
0.5872 0.4185 0.5392 0.2452 0.5394 0.5381 0.5111 0.3336 0.2879 0.4050 0.3897 0.4276 0.3968 0.0000 0.5430 0.4655 0.4807 0.3556 0.7144 0.5928 0.3320
0.3677 0.3847 0.1325 0.7219 0.4439 0.4247 0.4178 0.5515 0.6310 0.3030 0.1994 0.3559 0.6358 0.4282 0.0000 0.3087 0.3977 0.3597 0.4320 0.5574 0.5825
0.4052 0.3923 0.6446 0.3908 0.5311 0.5680 0.4388 0.3895 0.4364 0.3045 0.0895 0.5292 0.4477 0.5035 0.3246 0.0000 0.3718 0.6338 0.4688 0.2211 0.6055
0.4527 0.4525 0.4417 0.6500 0.4404 0.6051 0.3605 0.5516 0.4826 0.4904 0.2418 0.6394 0.5321 0.5275 0.4495 0.3109 0.0000 0.4221 0.1778 0.5961 0.5442
0.4155 0.3476 0.4467 0.3326 0.2474 0.4079 0.5276 0.3144 0.4494 0.2583 0.3235 0.7363 0.3898 0.3794 0.4165 0.3503 0.2548 0.0000 0.2794 0.5947 0.3136
0.6719 0.3957 0.3853 0.6427 0.1115 0.5958 0.4018 0.4586 0.6583 0.1228 0.4250 0.5357 0.2292 0.3590 0.3751 0.3127 0.1762 0.3529 0.0000 0.5266 0.7563
0.4121 0.2219 0.5838 0.6056 0.5275 0.6509 0.5176 0.4996 0.3052 0.6038 0.4156 0.3139 0.4101 0.4455 0.4525 0.2080 0.3235 0.3618 0.4235 0.0000 0.4349
0.4217 0.3466 0.4316 0.5398 0.3978 0.4335 0.3577 0.5037 0.6424 0.2513 0.3425 0.4073 0.2548 0.3438 0.5617 0.5473 0.4739 0.3826 0.6936 0.4778 0.0000

--- Sample 4 ---
node_demand:
0.1333
0.0333
0.2000
0.1000
0.1333
0.2667
0.0333
0.0333
0.2333
0.2667
0.0333
0.1000
0.2667
0.2333
0.2000
0.2000
0.2333
0.1667
0.2333
0.2333

dist_matrix:
0.0000 0.3724 0.5457 0.8199 0.6149 0.5089 0.6899 0.4588 0.3849 0.5511 0.5267 0.2861 0.6885 0.5363 0.3921 0.4182 0.4081 0.5617 0.4199 0.5514 0.4203
0.4200 0.0000 0.5785 0.4729 0.7775 0.6005 0.2932 0.1977 0.3869 0.7026 0.2515 0.5085 0.3543 0.4238 0.4026 0.2796 0.2515 0.4251 0.3573 0.4669 0.5410
0.5104 0.4327 0.0000 0.5015 0.5382 0.5557 0.5283 0.4833 0.4939 0.4451 0.2712 0.6960 0.4359 0.4746 0.2418 0.4915 0.3849 0.3990 0.4727 0.4968 0.3416
0.4216 0.5303 0.6338 0.0000 0.3606 0.6607 0.6065 0.4205 0.2410 0.5991 0.5820 0.4052 0.3477 0.4363 0.3852 0.4441 0.8465 0.2766 0.2752 0.3574 0.5801
0.7209 0.2292 0.4697 0.4976 0.0000 0.2193 0.1650 0.5848 0.3172 0.7084 0.3268 0.4415 0.3244 0.2169 0.4735 0.5447 0.5192 0.6145 0.3180 0.3592 0.5246
0.5007 0.5780 0.3764 0.6343 0.2172 0.0000 0.2745 0.3347 0.3940 0.3778 0.2841 0.5175 0.4089 0.4076 0.3824 0.6016 0.5262 0.3692 0.5365 0.5054 0.3744
0.5067 0.6595 0.4969 0.4119 0.4840 0.4695 0.0000 0.4672 0.6121 0.2215 0.3588 0.5765 0.3432 0.4694 0.3825 0.4287 0.4250 0.4274 0.3732 0.4880 0.2875
0.4576 0.2049 0.4770 0.4237 0.5215 0.1842 0.4914 0.0000 0.6176 0.4451 0.5045 0.6231 0.1746 0.3551 0.6486 0.3402 0.4253 0.4281 0.2230 0.3042 0.4627
0.4466 0.3766 0.5052 0.2697 0.2931 0.3923 0.4483 0.6052 0.0000 0.4715 0.5859 0.6194 0.4450 0.2017 0.5335 0.3408 0.5293 0.4372 0.4326 0.5598 0.9054
0.5326 0.3754 0.3161 0.5830 0.6406 0.5058 0.1728 0.5171 0.3812 0.0000 0.1359 0.5604 0.3588 0.5493 0.2989 0.2440 0.3220 0.2621 0.0832 0.2188 0.2498
0.5836 0.7213 0.3796 0.3344 0.3326 0.4284 0.5774 0.4272 0.7375 0.1366 0.0000 0.5291 0.6128 0.2393 0.1846 0.1152 0.2739 0.3323 0.2914 0.4084 0.4989
0.6258 0.4763 0.3945 0.3820 0.4148 0.5754 0.5172 0.5956 0.5496 0.6921 0.6526 0.0000 0.3699 0.4884 0.3452 0.4587 0.4122 0.7199 0.3759 0.3012 0.4675
0.5528 0.4770 0.3116 0.4587 0.5112 0.5106 0.4650 0.2453 0.6364 0.1423 0.5361 0.3742 0.0000 0.3493 0.5915 0.3142 0.4240 0.4530 0.2493 0.4644 0.3925
0.7328 0.4923 0.4598 0.5161 0.1768 0.4729 0.5148 0.3564 0.2674 0.3685 0.6752 0.6279 0.3614 0.0000 0.4456 0.4569 0.5040 0.3424 0.5077 0.7735 0.3785
0.4090 0.5284 0.1184 0.6920 0.5512 0.3500 0.4112 0.5927 0.5752 0.2601 0.2055 0.3491 0.3425 0.3672 0.0000 0.2364 0.1988 0.2888 0.6045 0.5534 0.4562
0.4015 0.3768 0.3198 0.3346 0.3777 0.6419 0.2702 0.4627 0.5309 0.2551 0.1208 0.5647 0.4257 0.3537 0.3329 0.0000 0.3036 0.5395 0.5727 0.2203 0.6025
0.5200 0.3357 0.2600 0.8155 0.4985 0.5619 0.4475 0.5739 0.5149 0.4959 0.2789 0.4682 0.4649 0.4111 0.3374 0.3091 0.0000 0.5174 0.1892 0.6319 0.4728
0.4372 0.1557 0.4619 0.2893 0.5681 0.4967 0.5911 0.4114 0.5240 0.1769 0.2535 0.2829 0.3015 0.3208 0.2606 0.5270 0.2943 0.0000 0.2214 0.2829 0.4651
0.3525 0.5423 0.5507 0.4801 0.3484 0.5178 0.6140 0.4600 0.6492 0.2584 0.2133 0.4153 0.2793 0.3448 0.5299 0.2528 0.1665 0.1691 0.0000 0.5290 0.7538
0.5000 0.0988 0.3887 0.2903 0.2426 0.4859 0.4018 0.6962 0.4371 0.2258 0.2600 0.3432 0.4573 0.2486 0.3563 0.2387 0.5329 0.3027 0.4289 0.0000 0.4757
0.4416 0.6788 0.3682 0.5390 0.5030 0.3626 0.2622 0.4770 0.6932 0.2564 0.3431 0.2898 0.2027 0.3790 0.5678 0.5005 0.5101 0.3280 0.3265 0.4160 0.0000

--- Sample 5 ---
node_demand:
0.1333
0.0333
0.2000
0.1000
0.1333
0.2667
0.0333
0.0333
0.2333
0.2667
0.0333
0.1000
0.2667
0.2333
0.2000
0.2000
0.2333
0.1667
0.2333
0.2333

dist_matrix:
0.0000 0.4130 0.4232 0.6245 0.6225 0.5192 0.5439 0.6735 0.4984 0.5467 0.4430 0.5068 0.4813 0.7110 0.4091 0.4187 0.5561 0.3659 0.6847 0.5998 0.5164
0.4241 0.0000 0.6491 0.2849 0.5048 0.6335 0.3029 0.1760 0.3293 0.4639 0.2973 0.5635 0.4753 0.5821 0.4400 0.5093 0.3342 0.2937 0.5167 0.5083 0.4353
0.6265 0.7078 0.0000 0.3965 0.4690 0.4128 0.4847 0.3673 0.4686 0.4037 0.2815 0.6726 0.3449 0.5181 0.2498 0.5359 0.3365 0.4496 0.4466 0.4839 0.4600
0.7404 0.6530 0.3836 0.0000 0.2426 0.5228 0.5104 0.3917 0.2997 0.3362 0.3345 0.3703 0.5784 0.1606 0.5971 0.3558 0.5428 0.3452 0.5222 0.3662 0.7482
0.6738 0.8064 0.4796 0.5857 0.0000 0.2115 0.4438 0.5865 0.2402 0.3724 0.5330 0.4567 0.5743 0.1444 0.3963 0.5122 0.4849 0.2393 0.2315 0.4635 0.4637
0.5474 0.3684 0.5400 0.5117 0.2138 0.0000 0.3589 0.2472 0.4189 0.3920 0.5662 0.6995 0.5500 0.3939 0.4186 0.4949 0.5911 0.3555 0.5802 0.4363 0.4392
0.4631 0.4573 0.4512 0.5180 0.6863 0.2434 0.0000 0.5286 0.5596 0.5447 0.3917 0.5170 0.4630 0.3555 0.3713 0.4032 0.5899 0.5680 0.3713 0.4053 0.2820
0.5086 0.1740 0.5382 0.3874 0.4350 0.1697 0.4294 0.0000 0.5818 0.4222 0.3620 0.5066 0.2718 0.3553 0.6962 0.4696 0.4147 0.2908 0.2918 0.6898 0.3098
0.3108 0.4053 0.4777 0.1871 0.2976 0.3992 0.4518 0.5611 0.0000 0.7486 0.6010 0.7223 0.5573 0.6915 0.5303 0.6329 0.5355 0.4723 0.4188 0.3436 0.9000
0.5411 0.5707 0.3710 0.4023 0.4722 0.3917 0.3181 0.5777 0.3590 0.0000 0.1015 0.4767 0.2701 0.3359 0.4059 0.2603 0.4193 0.2624 0.4614 0.4909 0.2548
0.5781 0.3215 0.4607 0.3484 0.5161 0.2974 0.5585 0.5092 0.4302 0.2128 0.0000 0.5039 0.2913 0.4476 0.1446 0.1313 0.2475 0.3268 0.3563 0.2777 0.4405
0.3063 0.4280 0.5623 0.3664 0.4556 0.4858 0.5207 0.6036 0.5812 0.6564 0.4509 0.0000 0.3105 0.5643 0.3763 0.5611 0.5553 0.4592 0.5369 0.2907 0.2842
0.4524 0.4846 0.4376 0.6206 0.3579 0.3211 0.4510 0.2000 0.6572 0.3581 0.5241 0.3242 0.0000 0.4574 0.4728 0.3154 0.4888 0.3218 0.2782 0.4661 0.1900
0.6143 0.5296 0.4525 0.2251 0.4603 0.4947 0.5323 0.3545 0.5587 0.2690 0.5952 0.6616 0.4862 0.0000 0.4578 0.3582 0.5046 0.3596 0.5869 0.3369 0.3566
0.4122 0.4201 0.1187 0.7754 0.5135 0.4600 0.4438 0.6590 0.6372 0.2961 0.1753 0.3638 0.5557 0.3945 0.0000 0.2132 0.4753 0.2748 0.3683 0.5670 0.4513
0.4203 0.6282 0.3567 0.4435 0.4063 0.3801 0.2457 0.3391 0.5864 0.3541 0.1163 0.5513 0.3658 0.2900 0.2869 0.0000 0.3081 0.3354 0.2565 0.2555 0.4914
0.4349 0.3873 0.3562 0.7241 0.4488 0.6717 0.3753 0.5879 0.5062 0.4223 0.2535 0.6193 0.4333 0.5113 0.4701 0.3529 0.0000 0.3877 0.1704 0.3447 0.4754
0.8261 0.3917 0.5055 0.3428 0.6265 0.4121 0.5217 0.3415 0.4365 0.2352 0.3706 0.6742 0.4781 0.3480 0.3960 0.5353 0.3248 0.0000 0.2639 0.3456 0.3032
0.6177 0.3076 0.4152 0.6570 0.1336 0.5310 0.4097 0.2021 0.5502 0.1326 0.1908 0.5369 0.3541 0.6764 0.4484 0.5180 0.1783 0.1913 0.0000 0.7892 0.5241
0.3809 0.5160 0.4041 0.4566 0.3216 0.3970 0.6167 0.3035 0.4220 0.4927 0.3376 0.2640 0.5349 0.2570 0.4392 0.2139 0.4973 0.4777 0.2355 0.0000 0.4012
0.4679 0.4608 0.3957 0.6509 0.3852 0.4377 0.2985 0.5384 0.8446 0.2710 0.3658 0.4488 0.3144 0.3523 0.4485 0.5314 0.4814 0.5097 0.5198 0.3773 0.0000
