min_dist:
0.0000 0.3800 0.2800 0.2800 0.2600 0.4000 0.1400 0.2000 0.2800 0.3000 0.2200 0.2400 0.2600 0.2700 0.2200 0.1500 0.3900 0.4200 0.2700 0.3600 0.2700
0.3800 0.0000 0.2800 0.4000 0.1200 0.3900 0.2400 0.2900 0.3800 0.2500 0.4600 0.2500 0.3800 0.2200 0.3400 0.2500 0.3300 0.3200 0.1300 0.3200 0.3700
0.2800 0.2800 0.0000 0.3600 0.2800 0.2600 0.2800 0.2800 0.3200 0.1600 0.3400 0.2200 0.2200 0.1900 0.0600 0.1800 0.3100 0.2100 0.2800 0.2400 0.2800
0.2800 0.4000 0.3600 0.0000 0.3700 0.3600 0.2600 0.4300 0.1200 0.2000 0.0600 0.2600 0.1800 0.2300 0.3000 0.2400 0.2400 0.2400 0.3800 0.2000 0.3600
0.2600 0.1200 0.2800 0.3700 0.0000 0.3700 0.1200 0.4000 0.2600 0.2100 0.3500 0.1500 0.3000 0.1800 0.2300 0.1300 0.3000 0.3600 0.0100 0.2100 0.2500
0.4000 0.3900 0.2600 0.3600 0.3700 0.0000 0.2600 0.2900 0.3400 0.2200 0.3000 0.2400 0.2800 0.2500 0.3200 0.2600 0.3400 0.4000 0.3600 0.1600 0.1400
0.1400 0.2400 0.2800 0.2600 0.1200 0.2600 0.0000 0.2800 0.1400 0.1600 0.3000 0.1000 0.1800 0.1300 0.3400 0.2500 0.2500 0.3200 0.1300 0.2600 0.2900
0.2000 0.2900 0.2800 0.4300 0.4000 0.2900 0.2800 0.0000 0.4200 0.3200 0.3900 0.2800 0.4400 0.3100 0.3400 0.3500 0.4300 0.2200 0.4000 0.2900 0.2600
0.2800 0.3800 0.3200 0.1200 0.2600 0.3400 0.1400 0.4200 0.0000 0.1900 0.1800 0.1900 0.2800 0.1600 0.3000 0.3400 0.1400 0.3600 0.2700 0.1800 0.3500
0.3000 0.2500 0.1600 0.2000 0.2100 0.2200 0.1600 0.3200 0.1900 0.0000 0.2600 0.0600 0.3200 0.0300 0.2200 0.2100 0.1500 0.3700 0.2000 0.3700 0.3300
0.2200 0.4600 0.3400 0.0600 0.3500 0.3000 0.3000 0.3900 0.1800 0.2600 0.0000 0.2200 0.1200 0.2500 0.3200 0.3000 0.1800 0.3000 0.3400 0.1400 0.4000
0.2400 0.2500 0.2200 0.2600 0.1500 0.2400 0.1000 0.2800 0.1900 0.0600 0.2200 0.0000 0.2800 0.0300 0.2800 0.2100 0.1500 0.4200 0.1400 0.3400 0.3300
0.2600 0.3800 0.2200 0.1800 0.3000 0.2800 0.1800 0.4400 0.2800 0.3200 0.1200 0.2800 0.0000 0.2900 0.2800 0.4000 0.3000 0.4200 0.3100 0.2600 0.2800
0.2700 0.2200 0.1900 0.2300 0.1800 0.2500 0.1300 0.3100 0.1600 0.0300 0.2500 0.0300 0.2900 0.0000 0.2500 0.1800 0.1200 0.4000 0.1700 0.3400 0.3000
0.2200 0.3400 0.0600 0.3000 0.2300 0.3200 0.3400 0.3400 0.3000 0.2200 0.3200 0.2800 0.2800 0.2500 0.0000 0.1900 0.3700 0.2700 0.2200 0.3000 0.2600
0.1500 0.2500 0.1800 0.2400 0.1300 0.2600 0.2500 0.3500 0.3400 0.2100 0.3000 0.2100 0.4000 0.1800 0.1900 0.0000 0.3000 0.3900 0.1400 0.2900 0.1200
0.3900 0.3300 0.3100 0.2400 0.3000 0.3400 0.2500 0.4300 0.1400 0.1500 0.1800 0.1500 0.3000 0.1200 0.3700 0.3000 0.0000 0.3300 0.2900 0.3200 0.4000
0.4200 0.3200 0.2100 0.2400 0.3600 0.4000 0.3200 0.2200 0.3600 0.3700 0.3000 0.4200 0.4200 0.4000 0.2700 0.3900 0.3300 0.0000 0.3700 0.4400 0.4500
0.2700 0.1300 0.2800 0.3800 0.0100 0.3600 0.1300 0.4000 0.2700 0.2000 0.3400 0.1400 0.3100 0.1700 0.2200 0.1400 0.2900 0.3700 0.0000 0.2000 0.2600
0.3600 0.3200 0.2400 0.2000 0.2100 0.1600 0.2600 0.2900 0.1800 0.3700 0.1400 0.3400 0.2600 0.3400 0.3000 0.2900 0.3200 0.4400 0.2000 0.0000 0.3000
0.2700 0.3700 0.2800 0.3600 0.2500 0.1400 0.2900 0.2600 0.3500 0.3300 0.4000 0.3300 0.2800 0.3000 0.2600 0.1200 0.4000 0.4500 0.2600 0.3000 0.0000

max_dist:
0.0000 0.4800 0.2800 0.7900 0.6500 0.7800 0.5600 0.6000 0.4700 0.5500 0.6500 0.6600 0.4500 0.6500 0.6300 0.6800 0.6600 0.6000 0.6000 0.6400 0.5600
0.4800 0.0000 0.5000 0.5800 0.6200 0.7400 0.5900 0.3800 0.6700 0.6400 0.6300 0.4500 0.5000 0.2500 0.4600 0.5700 0.3500 0.7200 0.5700 0.6200 0.5000
0.2800 0.5000 0.0000 0.5100 0.8600 0.5000 0.5200 0.7600 0.7400 0.4800 0.5400 0.3800 0.7300 0.5800 0.8600 0.4000 0.5800 0.5800 0.7500 0.7800 0.3600
0.7900 0.5800 0.5100 0.0000 0.5800 0.6400 0.6800 0.6800 0.4800 0.5300 0.6600 0.5400 0.6200 0.7200 0.4000 0.8100 0.7900 0.3700 0.5200 0.3200 0.3700
0.6500 0.6200 0.8600 0.5800 0.0000 0.8200 0.6400 0.6600 0.8100 0.6000 0.6200 0.6600 0.5200 0.4600 0.6800 0.4600 0.4900 0.7200 0.5300 0.7300 0.6000
0.7800 0.7400 0.5000 0.6400 0.8200 0.0000 0.3000 0.6200 0.5800 0.8700 0.6600 0.4400 0.6200 0.6400 0.4800 0.4200 0.7900 0.4100 0.7200 0.5800 0.4400
0.5600 0.5900 0.5200 0.6800 0.6400 0.3000 0.0000 0.5200 0.4800 0.6000 0.5600 0.1400 0.5400 0.3400 0.5600 0.5200 0.7400 0.5000 0.5100 0.4200 0.5800
0.6000 0.3800 0.7600 0.6800 0.6600 0.6200 0.5200 0.0000 0.4400 0.8200 0.6600 0.3800 0.5700 0.5800 0.5500 0.5000 0.7300 0.5200 0.6000 0.7600 0.6000
0.4700 0.6700 0.7400 0.4800 0.8100 0.5800 0.4800 0.4400 0.0000 0.6600 0.5000 0.3600 0.3600 0.4800 0.5600 0.8600 0.3200 0.5800 0.7300 0.6100 0.4800
0.5500 0.6400 0.4800 0.5300 0.6000 0.8700 0.6000 0.8200 0.6600 0.0000 0.4000 0.4600 0.5400 0.5800 0.5600 0.6600 0.5600 0.6800 0.3700 0.5700 0.6300
0.6500 0.6300 0.5400 0.6600 0.6200 0.6600 0.5600 0.6600 0.5000 0.4000 0.0000 0.4200 0.5400 0.6000 0.4800 0.7400 0.2800 0.5500 0.7300 0.7600 0.7000
0.6600 0.4500 0.3800 0.5400 0.6600 0.4400 0.1400 0.3800 0.3600 0.4600 0.4200 0.0000 0.5600 0.2000 0.4800 0.5100 0.6800 0.4600 0.3700 0.5600 0.6300
0.4500 0.5000 0.7300 0.6200 0.5200 0.6200 0.5400 0.5700 0.3600 0.5400 0.5400 0.5600 0.0000 0.3600 0.8800 0.6000 0.6800 0.6500 0.6800 0.7000 0.5500
0.6500 0.2500 0.5800 0.7200 0.4600 0.6400 0.3400 0.5800 0.4800 0.5800 0.6000 0.2000 0.3600 0.0000 0.6800 0.6400 0.6000 0.6400 0.5700 0.4000 0.7500
0.6300 0.4600 0.8600 0.4000 0.6800 0.4800 0.5600 0.5500 0.5600 0.5600 0.4800 0.4800 0.8800 0.6800 0.0000 0.6600 0.5600 0.7700 0.5600 0.7200 0.6000
0.6800 0.5700 0.4000 0.8100 0.4600 0.4200 0.5200 0.5000 0.8600 0.6600 0.7400 0.5100 0.6000 0.6400 0.6600 0.0000 0.7000 0.5900 0.5400 0.6600 0.6000
0.6600 0.3500 0.5800 0.7900 0.4900 0.7900 0.7400 0.7300 0.3200 0.5600 0.2800 0.6800 0.6800 0.6000 0.5600 0.7000 0.0000 0.7500 0.7400 0.7900 0.4200
0.6000 0.7200 0.5800 0.3700 0.7200 0.4100 0.5000 0.5200 0.5800 0.6800 0.5500 0.4600 0.6500 0.6400 0.7700 0.5900 0.7500 0.0000 0.5400 0.4600 0.7400
0.6000 0.5700 0.7500 0.5200 0.5300 0.7200 0.5100 0.6000 0.7300 0.3700 0.7300 0.3700 0.6800 0.5700 0.5600 0.5400 0.7400 0.5400 0.0000 0.2000 0.6200
0.6400 0.6200 0.7800 0.3200 0.7300 0.5800 0.4200 0.7600 0.6100 0.5700 0.7600 0.5600 0.7000 0.4000 0.7200 0.6600 0.7900 0.4600 0.2000 0.0000 0.4200
0.5600 0.5000 0.3600 0.3700 0.6000 0.4400 0.5800 0.6000 0.4800 0.6300 0.7000 0.6300 0.5500 0.7500 0.6000 0.6000 0.4200 0.7400 0.6200 0.4200 0.0000

--- Contains 5 samples ---

--- Sample 1 ---
node_demand:
0.1000
0.1667
0.1000
0.1000
0.2333
0.0333
0.2667
0.2000
0.2667
0.1333
0.2667
0.2667
0.1667
0.2333
0.0667
0.1333
0.3000
0.3000
0.3000
0.2000

dist_matrix:
0.0000 0.4561 0.2800 0.7752 0.4727 0.5480 0.4173 0.3362 0.4337 0.3416 0.5715 0.5461 0.4211 0.3821 0.4669 0.5614 0.5678 0.4750 0.4625 0.4015 0.3931
0.4400 0.0000 0.3603 0.5440 0.5682 0.4779 0.4723 0.3280 0.5269 0.2548 0.6111 0.3884 0.4510 0.2364 0.4034 0.5444 0.3372 0.3670 0.5225 0.4887 0.4596
0.2800 0.3197 0.0000 0.3700 0.2835 0.2727 0.4773 0.6152 0.4615 0.3447 0.4100 0.3551 0.4096 0.5624 0.4135 0.3319 0.3751 0.2694 0.7217 0.7526 0.3254
0.2859 0.4894 0.4208 0.0000 0.4844 0.6280 0.5414 0.6408 0.3491 0.4476 0.5045 0.4582 0.5606 0.3651 0.3699 0.5642 0.7262 0.2489 0.4219 0.2040 0.3676
0.2851 0.1641 0.7594 0.4932 0.0000 0.4789 0.2211 0.5976 0.6625 0.5254 0.3689 0.5790 0.4875 0.3715 0.5891 0.3560 0.3775 0.5630 0.1908 0.5277 0.4434
0.7678 0.4327 0.3958 0.5567 0.7045 0.0000 0.2756 0.4081 0.4116 0.6830 0.4869 0.2492 0.4018 0.3347 0.3688 0.3063 0.5043 0.4023 0.4114 0.3523 0.4260
0.3552 0.4176 0.5167 0.4419 0.5821 0.2767 0.0000 0.3121 0.4647 0.4204 0.4552 0.1082 0.2515 0.1579 0.5385 0.5107 0.7082 0.4810 0.1503 0.4110 0.3052
0.3917 0.3049 0.5343 0.6778 0.5982 0.5235 0.3560 0.0000 0.4367 0.5999 0.4245 0.3357 0.4738 0.4167 0.4119 0.3985 0.6070 0.2439 0.5463 0.3588 0.4582
0.3259 0.6532 0.4868 0.2164 0.3843 0.5443 0.4601 0.4321 0.0000 0.5695 0.2913 0.3111 0.3435 0.2863 0.4458 0.7897 0.2086 0.4148 0.5288 0.4736 0.3943
0.3462 0.4906 0.2725 0.2310 0.5962 0.4775 0.2853 0.6136 0.3159 0.0000 0.2807 0.4030 0.5208 0.0572 0.4178 0.3528 0.3765 0.5941 0.3279 0.5495 0.4806
0.2558 0.5570 0.4686 0.3968 0.4508 0.5179 0.4484 0.4164 0.4436 0.3758 0.0000 0.3476 0.5149 0.3079 0.4334 0.5755 0.2485 0.3924 0.6337 0.1652 0.5451
0.6213 0.3141 0.2567 0.5237 0.5137 0.3949 0.1130 0.3036 0.2971 0.3409 0.2492 0.0000 0.3970 0.0300 0.4170 0.5015 0.3272 0.4529 0.2365 0.4368 0.4595
0.4199 0.4804 0.4132 0.3533 0.3923 0.3560 0.2622 0.4521 0.3485 0.4414 0.2618 0.5351 0.0000 0.3525 0.3934 0.4730 0.5281 0.5922 0.6041 0.3706 0.3451
0.4107 0.2386 0.2027 0.4983 0.3503 0.3272 0.3190 0.3768 0.2497 0.1850 0.4336 0.1892 0.3496 0.0000 0.5448 0.2311 0.2259 0.4448 0.5648 0.3481 0.4850
0.2597 0.3446 0.2511 0.3155 0.2649 0.3515 0.4100 0.4878 0.3717 0.4110 0.4617 0.3154 0.5848 0.5897 0.0000 0.4076 0.4703 0.6635 0.4383 0.5219 0.4051
0.1789 0.3107 0.2945 0.5427 0.3578 0.3275 0.4141 0.4548 0.7222 0.4421 0.6819 0.3205 0.4504 0.6272 0.6477 0.0000 0.4360 0.4455 0.4146 0.3197 0.2334
0.4365 0.3422 0.5088 0.7103 0.4086 0.6899 0.5573 0.4673 0.2840 0.4293 0.2027 0.3734 0.5627 0.3697 0.4795 0.6558 0.0000 0.5357 0.4187 0.5177 0.4110
0.4643 0.4449 0.4916 0.2624 0.4123 0.4047 0.4472 0.5119 0.4234 0.4533 0.3304 0.4342 0.5167 0.5540 0.5003 0.5442 0.7152 0.0000 0.4462 0.4498 0.6933
0.3575 0.3610 0.6697 0.3935 0.4962 0.6795 0.2561 0.4386 0.4384 0.3343 0.4622 0.3069 0.5419 0.4819 0.5257 0.4568 0.5745 0.4492 0.0000 0.2000 0.3467
0.4380 0.4316 0.4147 0.2063 0.6785 0.2576 0.2742 0.4584 0.3773 0.4597 0.3078 0.3747 0.6828 0.3842 0.5395 0.5243 0.3791 0.4536 0.2000 0.0000 0.4110
0.4038 0.4585 0.3249 0.3693 0.4858 0.3379 0.4363 0.2964 0.4783 0.5803 0.5593 0.4901 0.3715 0.7367 0.3442 0.3910 0.4023 0.4581 0.2827 0.3563 0.0000

--- Sample 2 ---
node_demand:
0.1000
0.1667
0.1000
0.1000
0.2333
0.0333
0.2667
0.2000
0.2667
0.1333
0.2667
0.2667
0.1667
0.2333
0.0667
0.1333
0.3000
0.3000
0.3000
0.2000

dist_matrix:
0.0000 0.3805 0.2800 0.5518 0.5877 0.7430 0.4096 0.5141 0.3870 0.5041 0.5138 0.6340 0.3644 0.4137 0.5806 0.3467 0.6371 0.5327 0.3934 0.6357 0.3344
0.4664 0.0000 0.4711 0.5085 0.3563 0.5322 0.3393 0.3229 0.5683 0.6161 0.5913 0.3137 0.4366 0.2471 0.4457 0.3835 0.3447 0.6997 0.3375 0.3308 0.4089
0.2800 0.3735 0.0000 0.4486 0.3099 0.3686 0.4882 0.4973 0.5960 0.2468 0.5049 0.3021 0.4920 0.5598 0.8250 0.3853 0.4236 0.4694 0.2967 0.3246 0.3074
0.3757 0.4396 0.4706 0.0000 0.4038 0.4136 0.5476 0.5657 0.2345 0.2080 0.6123 0.4152 0.2764 0.4210 0.3847 0.7516 0.4656 0.3237 0.4951 0.2091 0.3650
0.4498 0.1327 0.8045 0.5178 0.0000 0.6793 0.3910 0.4585 0.7916 0.2690 0.4939 0.6577 0.4209 0.3589 0.3103 0.4505 0.3897 0.6079 0.1782 0.5845 0.4311
0.6343 0.4564 0.3590 0.5349 0.7398 0.0000 0.2943 0.4162 0.3819 0.3955 0.4041 0.4269 0.5035 0.4711 0.4209 0.3683 0.3455 0.4072 0.4393 0.5015 0.3397
0.4899 0.2524 0.3846 0.5893 0.3953 0.2769 0.0000 0.3021 0.1912 0.5189 0.4375 0.1321 0.2260 0.2672 0.4286 0.4477 0.3483 0.3277 0.3224 0.3660 0.3559
0.3285 0.3455 0.4229 0.4886 0.5317 0.4269 0.4359 0.0000 0.4285 0.3858 0.4165 0.3314 0.4613 0.4125 0.3676 0.4163 0.5542 0.4859 0.4269 0.3931 0.5681
0.3291 0.5225 0.7117 0.1743 0.4904 0.4567 0.3915 0.4278 0.0000 0.3563 0.2441 0.3501 0.3300 0.4143 0.3667 0.7150 0.1727 0.5156 0.3962 0.2356 0.4119
0.3302 0.4428 0.1756 0.4667 0.5717 0.6978 0.4200 0.7602 0.3220 0.0000 0.2691 0.1764 0.4189 0.2929 0.3217 0.2292 0.2482 0.5977 0.3644 0.4194 0.5795
0.5392 0.5697 0.5327 0.2056 0.5036 0.4256 0.3184 0.4845 0.4381 0.2987 0.0000 0.2914 0.1663 0.2975 0.4633 0.5347 0.2304 0.3943 0.4487 0.1919 0.6182
0.2765 0.3385 0.2980 0.4509 0.5492 0.3287 0.1096 0.3043 0.2844 0.3348 0.3383 0.0000 0.3702 0.1100 0.4712 0.2513 0.6471 0.4455 0.1868 0.4424 0.4312
0.3473 0.4989 0.6690 0.5255 0.4838 0.5840 0.5380 0.5438 0.3205 0.3571 0.2409 0.5540 0.0000 0.3586 0.6639 0.4416 0.3664 0.4493 0.4452 0.6051 0.3848
0.4856 0.2310 0.4511 0.6070 0.2828 0.4134 0.1758 0.4331 0.2890 0.3985 0.3807 0.1297 0.2951 0.0000 0.5589 0.5232 0.1331 0.4364 0.3928 0.3798 0.5024
0.5068 0.3955 0.7054 0.3486 0.6476 0.3686 0.3604 0.3715 0.5594 0.2902 0.3989 0.4410 0.8774 0.2657 0.0000 0.6107 0.4725 0.3289 0.4018 0.5462 0.3908
0.4821 0.5240 0.2573 0.5776 0.3022 0.2729 0.2824 0.4449 0.4592 0.3595 0.3258 0.3854 0.4862 0.2468 0.6268 0.0000 0.4749 0.5481 0.1542 0.5330 0.4718
0.5729 0.3454 0.4116 0.5928 0.4586 0.7580 0.5167 0.5549 0.1663 0.3995 0.2662 0.3029 0.6154 0.1389 0.5240 0.5264 0.0000 0.4672 0.5708 0.6979 0.4042
0.4718 0.7036 0.5594 0.3495 0.4328 0.4022 0.4826 0.3134 0.5744 0.6262 0.3577 0.4357 0.4794 0.5430 0.4665 0.4599 0.4094 0.0000 0.4291 0.4498 0.5264
0.3279 0.1403 0.5433 0.4979 0.3274 0.7175 0.2941 0.4695 0.4555 0.2195 0.7008 0.1791 0.6129 0.4405 0.4664 0.5380 0.5612 0.4069 0.0000 0.2000 0.3378
0.4615 0.5515 0.5878 0.2989 0.6780 0.4625 0.3207 0.3591 0.5709 0.3802 0.7340 0.3675 0.5254 0.3786 0.7098 0.3671 0.7052 0.4574 0.2000 0.0000 0.3596
0.4560 0.3928 0.3374 0.3639 0.4583 0.1824 0.4392 0.3739 0.4673 0.4825 0.5679 0.4898 0.5414 0.3638 0.2893 0.3227 0.4125 0.6956 0.3917 0.3580 0.0000

--- Sample 3 ---
node_demand:
0.1000
0.1667
0.1000
0.1000
0.2333
0.0333
0.2667
0.2000
0.2667
0.1333
0.2667
0.2667
0.1667
0.2333
0.0667
0.1333
0.3000
0.3000
0.3000
0.2000

dist_matrix:
0.0000 0.4607 0.2800 0.3562 0.4976 0.6990 0.4072 0.3604 0.4156 0.3913 0.2610 0.3575 0.3686 0.4507 0.4785 0.3490 0.6278 0.5926 0.5603 0.6282 0.4130
0.3890 0.0000 0.3136 0.5705 0.5535 0.6780 0.4376 0.2933 0.4704 0.3032 0.5392 0.4400 0.4798 0.2378 0.4208 0.2551 0.3395 0.6235 0.1821 0.5707 0.4071
0.2800 0.3118 0.0000 0.3835 0.6554 0.3684 0.5012 0.5843 0.3794 0.3464 0.4475 0.2453 0.6394 0.5139 0.2511 0.2958 0.4739 0.2270 0.4881 0.7163 0.3413
0.4928 0.5097 0.4184 0.0000 0.4166 0.6386 0.6494 0.6632 0.3331 0.5023 0.2474 0.3360 0.5156 0.5479 0.3307 0.3643 0.5107 0.3346 0.4414 0.3116 0.3697
0.3405 0.3063 0.5386 0.4817 0.0000 0.6627 0.3515 0.6227 0.6867 0.4747 0.4034 0.3594 0.3320 0.4067 0.2691 0.2262 0.4177 0.5367 0.1007 0.7044 0.4112
0.6550 0.4001 0.2909 0.4319 0.6202 0.0000 0.2643 0.4359 0.5635 0.3530 0.6374 0.3739 0.2985 0.4130 0.4490 0.3897 0.7097 0.4064 0.5078 0.2523 0.1437
0.1749 0.2949 0.3079 0.5074 0.3827 0.2781 0.0000 0.4664 0.2161 0.5526 0.4168 0.1373 0.2681 0.2884 0.5098 0.3910 0.7289 0.3706 0.3411 0.3263 0.3191
0.5296 0.3521 0.6813 0.6017 0.5474 0.6191 0.5003 0.0000 0.4382 0.7523 0.6362 0.3296 0.4717 0.4753 0.5172 0.4465 0.5888 0.2848 0.4602 0.4660 0.4349
0.4071 0.6057 0.5966 0.1357 0.3262 0.4535 0.2253 0.4303 0.0000 0.4255 0.4811 0.3451 0.2961 0.2759 0.3052 0.6929 0.1762 0.4022 0.5301 0.1947 0.3909
0.3023 0.5928 0.2381 0.4347 0.5137 0.7769 0.1827 0.6822 0.5348 0.0000 0.2682 0.4506 0.3571 0.4804 0.2435 0.2894 0.3180 0.5742 0.3227 0.5585 0.4375
0.2469 0.5425 0.3717 0.3184 0.4117 0.3624 0.4348 0.4264 0.3691 0.3963 0.0000 0.2874 0.1764 0.4052 0.3667 0.3504 0.1843 0.3760 0.5102 0.3483 0.5793
0.5209 0.3046 0.2434 0.3614 0.5729 0.2785 0.1044 0.3137 0.2964 0.0754 0.4050 0.0000 0.5378 0.1968 0.4401 0.3969 0.5261 0.4573 0.1809 0.5421 0.3446
0.3520 0.4904 0.2950 0.2242 0.4845 0.5502 0.2074 0.5456 0.3458 0.4702 0.2248 0.4690 0.0000 0.3269 0.6234 0.5400 0.4022 0.4660 0.3165 0.6674 0.5360
0.3098 0.2289 0.5104 0.6347 0.2234 0.6155 0.1361 0.5234 0.1689 0.3861 0.4383 0.0917 0.3348 0.0000 0.3108 0.5166 0.1631 0.4288 0.2754 0.3557 0.3205
0.4440 0.3596 0.6800 0.3756 0.2679 0.3415 0.5444 0.4325 0.4581 0.2216 0.4761 0.3456 0.7766 0.6335 0.0000 0.2795 0.4662 0.3598 0.4634 0.5091 0.2728
0.5037 0.2982 0.2387 0.4081 0.1960 0.4043 0.2687 0.4354 0.4912 0.4197 0.3059 0.3338 0.5404 0.2804 0.6528 0.0000 0.6781 0.4172 0.3763 0.4182 0.3777
0.6398 0.3356 0.3278 0.6780 0.3393 0.7455 0.4450 0.5664 0.2232 0.2573 0.2249 0.5634 0.3037 0.4859 0.4564 0.5624 0.0000 0.3583 0.6377 0.3789 0.4133
0.5246 0.4361 0.3849 0.3680 0.6222 0.4061 0.4969 0.3259 0.5176 0.5404 0.4019 0.4413 0.5384 0.5850 0.6140 0.5521 0.6625 0.0000 0.4871 0.4514 0.6255
0.4377 0.4902 0.3800 0.3821 0.0428 0.3848 0.3540 0.4855 0.7152 0.2008 0.3530 0.3275 0.4688 0.1862 0.2640 0.4467 0.4936 0.5330 0.0000 0.2000 0.2996
0.4969 0.6183 0.7470 0.2354 0.5275 0.3735 0.3612 0.5107 0.3237 0.4997 0.5634 0.4528 0.6919 0.3773 0.3974 0.5545 0.5030 0.4426 0.2000 0.0000 0.3298
0.4939 0.4817 0.2909 0.3640 0.2935 0.4266 0.3484 0.5249 0.4116 0.4775 0.6399 0.4476 0.5105 0.6927 0.5868 0.2156 0.4049 0.4847 0.5837 0.3021 0.0000

--- Sample 4 ---
node_demand:
0.1000
0.1667
0.1000
0.1000
0.2333
0.0333
0.2667
0.2000
0.2667
0.1333
0.2667
0.2667
0.1667
0.2333
0.0667
0.1333
0.3000
0.3000
0.3000
0.2000

dist_matrix:
0.0000 0.4088 0.2800 0.7598 0.3896 0.4937 0.4768 0.3679 0.4447 0.4977 0.4925 0.5340 0.2693 0.5170 0.3341 0.1511 0.4660 0.4787 0.4855 0.6118 0.3717
0.4255 0.0000 0.4505 0.4591 0.5063 0.6983 0.4943 0.3349 0.4907 0.2602 0.5012 0.3816 0.4517 0.2400 0.3929 0.5007 0.3348 0.5975 0.2971 0.3854 0.4716
0.2800 0.3596 0.0000 0.4360 0.4916 0.3102 0.3542 0.2994 0.7224 0.3422 0.4894 0.3413 0.2841 0.5087 0.6729 0.1900 0.4532 0.3793 0.3279 0.3014 0.3040
0.3969 0.5537 0.3677 0.0000 0.4422 0.4882 0.6760 0.5258 0.1511 0.4980 0.4238 0.5226 0.3083 0.3123 0.3824 0.4816 0.6045 0.2992 0.4690 0.2189 0.3617
0.6404 0.4877 0.4079 0.5315 0.0000 0.8062 0.5493 0.6532 0.7011 0.3616 0.4621 0.1756 0.5033 0.3636 0.5084 0.1706 0.4674 0.3955 0.1148 0.3550 0.4615
0.5407 0.4291 0.2854 0.4862 0.6120 0.0000 0.2703 0.6140 0.3923 0.5493 0.5303 0.2705 0.5816 0.6202 0.4415 0.3629 0.7783 0.4063 0.5921 0.4078 0.2190
0.4568 0.4206 0.4012 0.5912 0.2530 0.2721 0.0000 0.3568 0.1928 0.2194 0.4989 0.1266 0.3125 0.2893 0.4237 0.4452 0.6130 0.3428 0.1800 0.3787 0.4974
0.5771 0.3110 0.3614 0.5947 0.5643 0.5726 0.3656 0.0000 0.4214 0.5565 0.4949 0.3703 0.4934 0.5034 0.4272 0.4580 0.6615 0.3254 0.4269 0.5538 0.4676
0.3791 0.4518 0.4643 0.2886 0.3245 0.3718 0.3998 0.4216 0.0000 0.3052 0.2170 0.3574 0.3528 0.2171 0.3070 0.7326 0.1600 0.4681 0.6629 0.5997 0.4727
0.5388 0.4092 0.2267 0.4894 0.3068 0.6355 0.1790 0.3349 0.1949 0.0000 0.3650 0.2279 0.3904 0.5221 0.3559 0.2715 0.5324 0.6340 0.3280 0.4817 0.6278
0.5870 0.5391 0.4866 0.0729 0.4706 0.4277 0.3057 0.5014 0.4907 0.2913 0.0000 0.3258 0.4425 0.4616 0.3545 0.5424 0.2605 0.4514 0.4416 0.5561 0.4722
0.2682 0.3032 0.3427 0.3007 0.6342 0.2552 0.1372 0.3306 0.2247 0.1819 0.3975 0.0000 0.5033 0.1037 0.4526 0.2399 0.6032 0.4502 0.3364 0.5517 0.6097
0.3708 0.4197 0.5624 0.2824 0.3897 0.3531 0.3374 0.5500 0.3010 0.4301 0.1223 0.2893 0.0000 0.2997 0.4777 0.4990 0.6766 0.5124 0.6659 0.6843 0.4608
0.2946 0.2268 0.4167 0.2873 0.2395 0.3261 0.2825 0.5244 0.4180 0.1841 0.5864 0.0896 0.3234 0.0000 0.5515 0.2569 0.3134 0.5159 0.2274 0.3711 0.5048
0.3639 0.4158 0.2487 0.3482 0.5833 0.4110 0.5562 0.3462 0.5545 0.2293 0.3692 0.4023 0.4101 0.5310 0.0000 0.6130 0.4908 0.4858 0.4255 0.3250 0.3044
0.3755 0.3345 0.3879 0.5401 0.1350 0.2885 0.3137 0.4445 0.3973 0.4415 0.5170 0.4139 0.5612 0.2321 0.2599 0.0000 0.4638 0.5199 0.2511 0.3287 0.3213
0.6434 0.3494 0.3582 0.4726 0.3767 0.4571 0.6219 0.4381 0.3181 0.2189 0.2774 0.1870 0.3191 0.1817 0.3819 0.6577 0.0000 0.4350 0.4334 0.6660 0.4198
0.5345 0.5782 0.3282 0.2562 0.6496 0.4081 0.4570 0.2487 0.3732 0.5290 0.3805 0.4364 0.6067 0.5976 0.4235 0.3924 0.4379 0.0000 0.3796 0.4538 0.4785
0.3644 0.2195 0.6460 0.3884 0.2946 0.6423 0.3442 0.5043 0.7016 0.2076 0.3566 0.3429 0.6160 0.2624 0.3457 0.4427 0.3995 0.4360 0.0000 0.2000 0.5824
0.3753 0.3868 0.5402 0.3107 0.3848 0.1764 0.3708 0.2912 0.4543 0.4093 0.3610 0.3902 0.6386 0.3841 0.3392 0.4221 0.5042 0.4510 0.2000 0.0000 0.3847
0.3586 0.4146 0.2803 0.3607 0.4603 0.3128 0.2995 0.2855 0.3773 0.6116 0.5822 0.5842 0.4218 0.3079 0.3713 0.3941 0.4135 0.6554 0.3466 0.3552 0.0000

--- Sample 5 ---
node_demand:
0.1000
0.1667
0.1000
0.1000
0.2333
0.0333
0.2667
0.2000
0.2667
0.1333
0.2667
0.2667
0.1667
0.2333
0.0667
0.1333
0.3000
0.3000
0.3000
0.2000

dist_matrix:
0.0000 0.4470 0.2800 0.4069 0.5148 0.5298 0.4022 0.4772 0.2956 0.3616 0.4656 0.5084 0.4224 0.5204 0.3027 0.3732 0.3971 0.4529 0.3950 0.4196 0.4064
0.4570 0.0000 0.3674 0.4985 0.2155 0.5615 0.3204 0.3385 0.5932 0.3242 0.4603 0.3820 0.4663 0.2335 0.3806 0.3391 0.3392 0.7093 0.4565 0.5262 0.4929
0.2800 0.3907 0.0000 0.4322 0.3007 0.4637 0.3079 0.5150 0.6477 0.3157 0.4666 0.3601 0.2937 0.2496 0.4019 0.3943 0.4505 0.2186 0.3617 0.5533 0.3462
0.7697 0.4631 0.4911 0.0000 0.4941 0.4699 0.5232 0.6422 0.4522 0.2813 0.3744 0.3297 0.4185 0.6879 0.3333 0.4383 0.5473 0.2472 0.4970 0.2101 0.3634
0.5599 0.1201 0.4391 0.3783 0.0000 0.7715 0.5921 0.6162 0.5762 0.3507 0.5674 0.6358 0.3168 0.4411 0.2634 0.2702 0.4149 0.6191 0.3595 0.3630 0.5681
0.6268 0.6029 0.3047 0.5498 0.5861 0.0000 0.2708 0.5978 0.4125 0.2776 0.3959 0.4224 0.5025 0.4513 0.3261 0.4132 0.6428 0.4093 0.7020 0.5183 0.1868
0.2357 0.4812 0.4206 0.3342 0.3701 0.2885 0.0000 0.3523 0.4666 0.4064 0.3804 0.1150 0.2915 0.3057 0.4292 0.2501 0.6189 0.4320 0.1950 0.3051 0.4140
0.2937 0.3204 0.3267 0.5274 0.4075 0.4808 0.3653 0.0000 0.4309 0.4663 0.5755 0.3556 0.4442 0.5616 0.4486 0.4286 0.6342 0.4840 0.4371 0.6497 0.4842
0.4367 0.5031 0.3836 0.4716 0.5559 0.4423 0.3323 0.4307 0.0000 0.5431 0.3950 0.3051 0.2888 0.3397 0.4473 0.6158 0.1721 0.3947 0.3310 0.4899 0.4275
0.4014 0.2972 0.2617 0.5042 0.5322 0.3130 0.5476 0.7346 0.4755 0.0000 0.2781 0.1084 0.4953 0.3537 0.5355 0.3903 0.3624 0.5707 0.3656 0.5326 0.3616
0.2391 0.5668 0.4629 0.5046 0.4169 0.4188 0.3575 0.4344 0.3882 0.2776 0.0000 0.4110 0.1708 0.4788 0.3819 0.4355 0.2663 0.3086 0.6503 0.6865 0.5461
0.5432 0.3938 0.3414 0.5129 0.1739 0.3588 0.1258 0.3636 0.3254 0.1006 0.3788 0.0000 0.4822 0.0653 0.4719 0.2880 0.3612 0.4447 0.1811 0.4772 0.4669
0.2864 0.3885 0.2347 0.3298 0.3801 0.4203 0.2750 0.5074 0.3050 0.4343 0.2270 0.4794 0.0000 0.3416 0.8798 0.5043 0.4012 0.4710 0.5496 0.6068 0.5093
0.5939 0.2450 0.2630 0.6733 0.3929 0.2708 0.3072 0.4007 0.3573 0.4841 0.4885 0.0697 0.3592 0.0000 0.2686 0.2532 0.3146 0.5314 0.3091 0.3788 0.3317
0.5529 0.4513 0.0707 0.3774 0.4704 0.3974 0.4126 0.5175 0.5446 0.5186 0.4755 0.3832 0.5062 0.3498 0.0000 0.5702 0.4756 0.5530 0.3116 0.3608 0.5129
0.6576 0.4950 0.3871 0.7216 0.2887 0.3305 0.4593 0.4690 0.4976 0.3395 0.6926 0.3030 0.4013 0.5873 0.5619 0.0000 0.3263 0.5827 0.4944 0.5919 0.5821
0.4649 0.3306 0.4419 0.4606 0.3184 0.5044 0.3632 0.6701 0.2193 0.3134 0.2516 0.3230 0.3123 0.1727 0.4624 0.5300 0.0000 0.3874 0.3287 0.5970 0.4010
0.4391 0.6583 0.2884 0.2732 0.7048 0.4007 0.4763 0.2339 0.5795 0.4172 0.4199 0.4401 0.4679 0.4420 0.3870 0.4939 0.6977 0.0000 0.5069 0.4448 0.6673
0.4031 0.5627 0.4037 0.4716 0.2379 0.4118 0.2863 0.4942 0.3515 0.2866 0.6544 0.1837 0.3893 0.5457 0.3042 0.3677 0.6018 0.4494 0.0000 0.2000 0.5100
0.6247 0.4746 0.5453 0.2268 0.6525 0.3826 0.2850 0.7281 0.3233 0.4284 0.3883 0.4278 0.6472 0.3711 0.6353 0.4069 0.7470 0.4412 0.2000 0.0000 0.3247
0.4459 0.4615 0.3362 0.3647 0.3110 0.1400 0.3555 0.2711 0.3823 0.3465 0.6296 0.3521 0.5369 0.3123 0.3591 0.5551 0.4095 0.6331 0.4373 0.3722 0.0000
