min_dist:
0.0000 0.3500 0.2800 0.2200 0.3000 0.1500 0.0900 0.2800 0.1800 0.0900 0.2500 0.4500 0.2300 0.3600 0.1400 0.2500 0.2500 0.2000 0.3100 0.2400 0.3100
0.3500 0.0000 0.3400 0.1700 0.3200 0.2600 0.3100 0.2200 0.2800 0.2800 0.1500 0.3000 0.1400 0.2000 0.2400 0.2300 0.1800 0.1500 0.3800 0.2600 0.1200
0.2800 0.3400 0.0000 0.1800 0.3900 0.2900 0.3700 0.2700 0.1800 0.2300 0.2200 0.4000 0.3300 0.3400 0.2300 0.2700 0.2800 0.1900 0.3600 0.0800 0.3400
0.2200 0.1700 0.1800 0.0000 0.2200 0.2300 0.2000 0.1000 0.3200 0.2600 0.2700 0.3400 0.1600 0.1800 0.2600 0.2500 0.1000 0.0200 0.3900 0.1300 0.1600
0.3000 0.3200 0.3900 0.2200 0.0000 0.1600 0.2400 0.3000 0.4200 0.2100 0.3000 0.2100 0.1800 0.3300 0.1600 0.2400 0.2900 0.2200 0.3200 0.3300 0.3500
0.1500 0.2600 0.2900 0.2300 0.1600 0.0000 0.1400 0.2700 0.3300 0.0600 0.3000 0.3500 0.2000 0.3400 0.1100 0.2900 0.1300 0.2200 0.1600 0.2100 0.1900
0.0900 0.3100 0.3700 0.2000 0.2400 0.1400 0.0000 0.2600 0.2700 0.1800 0.1600 0.3600 0.2500 0.3400 0.2300 0.1600 0.1600 0.1800 0.3000 0.2900 0.2200
0.2800 0.2200 0.2700 0.1000 0.3000 0.2700 0.2600 0.0000 0.2900 0.2100 0.3300 0.4200 0.2200 0.2400 0.1600 0.3100 0.2000 0.0800 0.3800 0.1900 0.2400
0.1800 0.2800 0.1800 0.3200 0.4200 0.3300 0.2700 0.2900 0.0000 0.2700 0.3000 0.3400 0.3800 0.4600 0.3200 0.3200 0.2200 0.3200 0.4200 0.2600 0.1600
0.0900 0.2800 0.2300 0.2600 0.2100 0.0600 0.1800 0.2100 0.2700 0.0000 0.2700 0.3600 0.1400 0.3000 0.0500 0.2300 0.1900 0.2600 0.2200 0.1500 0.2500
0.2500 0.1500 0.2200 0.2700 0.3000 0.3000 0.1600 0.3300 0.3000 0.2700 0.0000 0.2100 0.2900 0.3500 0.3200 0.3200 0.2800 0.2500 0.4500 0.1400 0.2700
0.4500 0.3000 0.4000 0.3400 0.2100 0.3500 0.3600 0.4200 0.3400 0.3600 0.2100 0.0000 0.2900 0.4500 0.3700 0.2000 0.2400 0.3400 0.4000 0.3200 0.1800
0.2300 0.1400 0.3300 0.1600 0.1800 0.2000 0.2500 0.2200 0.3800 0.1400 0.2900 0.2900 0.0000 0.1600 0.1900 0.0900 0.2400 0.1400 0.3600 0.2500 0.2200
0.3600 0.2000 0.3400 0.1800 0.3300 0.3400 0.3400 0.2400 0.4600 0.3000 0.3500 0.4500 0.1600 0.0000 0.3500 0.2500 0.2800 0.1600 0.5000 0.2700 0.3200
0.1400 0.2400 0.2300 0.2600 0.1600 0.1100 0.2300 0.1600 0.3200 0.0500 0.3200 0.3700 0.1900 0.3500 0.0000 0.2800 0.2400 0.2400 0.2700 0.2000 0.3000
0.2500 0.2300 0.2700 0.2500 0.2400 0.2900 0.1600 0.3100 0.3200 0.2300 0.3200 0.2000 0.0900 0.2500 0.2800 0.0000 0.3200 0.2300 0.4500 0.3400 0.3100
0.2500 0.1800 0.2800 0.1000 0.2900 0.1300 0.1600 0.2000 0.2200 0.1900 0.2800 0.2400 0.2400 0.2800 0.2400 0.3200 0.0000 0.1200 0.2900 0.2300 0.0600
0.2000 0.1500 0.1900 0.0200 0.2200 0.2200 0.1800 0.0800 0.3200 0.2600 0.2500 0.3400 0.1400 0.1600 0.2400 0.2300 0.1200 0.0000 0.3800 0.1100 0.1600
0.3100 0.3800 0.3600 0.3900 0.3200 0.1600 0.3000 0.3800 0.4200 0.2200 0.4500 0.4000 0.3600 0.5000 0.2700 0.4500 0.2900 0.3800 0.0000 0.3700 0.2600
0.2400 0.2600 0.0800 0.1300 0.3300 0.2100 0.2900 0.1900 0.2600 0.1500 0.1400 0.3200 0.2500 0.2700 0.2000 0.3400 0.2300 0.1100 0.3700 0.0000 0.2700
0.3100 0.1200 0.3400 0.1600 0.3500 0.1900 0.2200 0.2400 0.1600 0.2500 0.2700 0.1800 0.2200 0.3200 0.3000 0.3100 0.0600 0.1600 0.2600 0.2700 0.0000

max_dist:
0.0000 0.6600 0.3600 0.5100 0.7900 0.5800 0.4200 0.7200 0.5400 0.6000 0.5000 0.6100 0.8300 0.5200 0.7300 0.5700 0.7600 0.6200 0.5600 0.7800 0.5000
0.6600 0.0000 0.6700 0.5600 0.7200 0.5100 0.6200 0.7400 0.8800 0.4400 0.5200 0.6200 0.3800 0.5900 0.3500 0.7400 0.4800 0.2600 0.6800 0.4600 0.4400
0.3600 0.6700 0.0000 0.2000 0.5700 0.7600 0.6500 0.5600 0.3900 0.5400 0.5200 0.6400 0.4800 0.5400 0.6400 0.2800 0.4900 0.6600 0.8400 0.4300 0.6200
0.5100 0.5600 0.2000 0.0000 0.4800 0.6900 0.5000 0.4900 0.5600 0.3400 0.4700 0.6400 0.6800 0.7400 0.6200 0.4800 0.2900 0.6400 0.6400 0.4400 0.5800
0.7900 0.7200 0.5700 0.4800 0.0000 0.2100 0.3700 0.6900 0.5800 0.8200 0.6000 0.3200 0.5700 0.6000 0.6000 0.2900 0.6300 0.5600 0.5800 0.5800 0.4500
0.5800 0.5100 0.7600 0.6900 0.2100 0.0000 0.5800 0.5800 0.5800 0.7800 0.6400 0.4900 0.6800 0.5400 0.7400 0.5000 0.4200 0.7000 0.3700 0.7000 0.6600
0.4200 0.6200 0.6500 0.5000 0.3700 0.5800 0.0000 0.5100 0.5800 0.5800 0.5400 0.6000 0.6700 0.6400 0.4200 0.6500 0.4800 0.5400 0.4100 0.4400 0.6800
0.7200 0.7400 0.5600 0.4900 0.6900 0.5800 0.5100 0.0000 0.6700 0.3700 0.6500 0.5800 0.5200 0.8500 0.4300 0.6600 0.3400 0.5300 0.6200 0.4200 0.5000
0.5400 0.8800 0.3900 0.5600 0.5800 0.5800 0.5800 0.6700 0.0000 0.6400 0.5200 0.5800 0.8300 0.5200 0.7600 0.6700 0.8500 0.8500 0.6600 0.6800 0.6500
0.6000 0.4400 0.5400 0.3400 0.8200 0.7800 0.5800 0.3700 0.6400 0.0000 0.2800 0.8000 0.7400 0.4800 0.4200 0.6400 0.4100 0.6600 0.7800 0.6700 0.5900
0.5000 0.5200 0.5200 0.4700 0.6000 0.6400 0.5400 0.6500 0.5200 0.2800 0.0000 0.5600 0.8700 0.6000 0.7000 0.6000 0.5200 0.7800 0.7400 0.3900 0.6500
0.6100 0.6200 0.6400 0.6400 0.3200 0.4900 0.6000 0.5800 0.5800 0.8000 0.5600 0.0000 0.4800 0.6400 0.6000 0.4700 0.5600 0.3600 0.5200 0.3600 0.6000
0.8300 0.3800 0.4800 0.6800 0.5700 0.6800 0.6700 0.5200 0.8300 0.7400 0.8700 0.4800 0.0000 0.3500 0.5000 0.3600 0.6600 0.5700 0.6000 0.5000 0.3300
0.5200 0.5900 0.5400 0.7400 0.6000 0.5400 0.6400 0.8500 0.5200 0.4800 0.6000 0.6400 0.3500 0.0000 0.5700 0.5600 0.6400 0.7800 0.8200 0.7100 0.6800
0.7300 0.3500 0.6400 0.6200 0.6000 0.7400 0.4200 0.4300 0.7600 0.4200 0.7000 0.6000 0.5000 0.5700 0.0000 0.7600 0.7700 0.6100 0.7400 0.6100 0.7800
0.5700 0.7400 0.2800 0.4800 0.2900 0.5000 0.6500 0.6600 0.6700 0.6400 0.6000 0.4700 0.3600 0.5600 0.7600 0.0000 0.7400 0.7200 0.6200 0.4600 0.5500
0.7600 0.4800 0.4900 0.2900 0.6300 0.4200 0.4800 0.3400 0.8500 0.4100 0.5200 0.5600 0.6600 0.6400 0.7700 0.7400 0.0000 0.6600 0.5000 0.7300 0.4200
0.6200 0.2600 0.6600 0.6400 0.5600 0.7000 0.5400 0.5300 0.8500 0.6600 0.7800 0.3600 0.5700 0.7800 0.6100 0.7200 0.6600 0.0000 0.7100 0.5500 0.2400
0.5600 0.6800 0.8400 0.6400 0.5800 0.3700 0.4100 0.6200 0.6600 0.7800 0.7400 0.5200 0.6000 0.8200 0.7400 0.6200 0.5000 0.7100 0.0000 0.5800 0.5900
0.7800 0.4600 0.4300 0.4400 0.5800 0.7000 0.4400 0.4200 0.6800 0.6700 0.3900 0.3600 0.5000 0.7100 0.6100 0.4600 0.7300 0.5500 0.5800 0.0000 0.7900
0.5000 0.4400 0.6200 0.5800 0.4500 0.6600 0.6800 0.5000 0.6500 0.5900 0.6500 0.6000 0.3300 0.6800 0.7800 0.5500 0.4200 0.2400 0.5900 0.7900 0.0000

--- Contains 5 samples ---

--- Sample 1 ---
node_demand:
0.2667
0.1000
0.0333
0.2000
0.2667
0.1333
0.1667
0.0667
0.0667
0.1000
0.3000
0.2333
0.1333
0.2333
0.2667
0.2667
0.1333
0.1333
0.1000
0.0333

dist_matrix:
0.0000 0.5684 0.2856 0.3930 0.7549 0.3751 0.3541 0.3513 0.2162 0.4380 0.2870 0.5882 0.3840 0.4436 0.1585 0.5250 0.5481 0.2761 0.5533 0.2851 0.4458
0.6352 0.0000 0.5452 0.3498 0.6083 0.3135 0.6066 0.3150 0.8537 0.3802 0.2343 0.4782 0.3545 0.2786 0.3071 0.3706 0.3805 0.1916 0.6109 0.4352 0.1341
0.3331 0.4159 0.0000 0.1827 0.4971 0.6042 0.5433 0.2784 0.3702 0.3689 0.2220 0.6286 0.3562 0.4310 0.6012 0.2751 0.3123 0.3305 0.6594 0.0826 0.4989
0.3371 0.3846 0.1861 0.0000 0.4333 0.2920 0.2360 0.1564 0.4052 0.3318 0.3840 0.5505 0.5249 0.3619 0.5594 0.3978 0.2340 0.5735 0.6220 0.2316 0.5498
0.4764 0.3504 0.4426 0.3764 0.0000 0.1975 0.2410 0.6058 0.5156 0.7134 0.4544 0.3110 0.2083 0.3506 0.4924 0.2429 0.4369 0.3783 0.3718 0.3623 0.4322
0.4044 0.4115 0.6082 0.3332 0.1997 0.0000 0.5213 0.4806 0.4488 0.5528 0.4549 0.4055 0.2965 0.3453 0.2889 0.3739 0.3730 0.5444 0.2234 0.4391 0.3690
0.2941 0.5072 0.4290 0.3340 0.3666 0.2148 0.0000 0.4240 0.3766 0.5704 0.3885 0.5977 0.6396 0.3801 0.3857 0.3447 0.2128 0.4749 0.3347 0.3976 0.3985
0.6957 0.4341 0.5290 0.1883 0.6249 0.4518 0.4589 0.0000 0.3088 0.3614 0.6076 0.5787 0.4396 0.4930 0.2605 0.3630 0.2523 0.4546 0.4117 0.3830 0.3995
0.3696 0.7912 0.3213 0.4144 0.4334 0.5724 0.5524 0.3208 0.0000 0.3496 0.4409 0.4190 0.5037 0.5079 0.5799 0.3308 0.7582 0.3506 0.4247 0.5535 0.4900
0.4617 0.2849 0.3909 0.3354 0.5001 0.2681 0.3572 0.2478 0.3333 0.0000 0.2766 0.7667 0.7038 0.4323 0.3681 0.3844 0.2153 0.6504 0.6210 0.3483 0.5869
0.4439 0.2399 0.4702 0.4427 0.5831 0.5740 0.1997 0.6129 0.3648 0.2733 0.0000 0.5278 0.3815 0.4527 0.6088 0.4958 0.2872 0.3124 0.5075 0.3108 0.5187
0.5873 0.3273 0.4721 0.5823 0.2679 0.3601 0.5633 0.5001 0.4086 0.5207 0.4841 0.0000 0.3063 0.5001 0.4109 0.4429 0.5195 0.3521 0.4036 0.3400 0.5982
0.4550 0.3188 0.4143 0.3146 0.5017 0.4264 0.4106 0.3735 0.7437 0.1408 0.3254 0.4408 0.0000 0.3470 0.2295 0.2208 0.4854 0.3782 0.5478 0.4670 0.2401
0.4661 0.2893 0.4930 0.3004 0.4582 0.4854 0.3899 0.7899 0.4747 0.3635 0.5491 0.4546 0.1935 0.0000 0.4139 0.3491 0.6239 0.5513 0.5677 0.4536 0.5906
0.7024 0.3406 0.4506 0.3564 0.5423 0.4377 0.3441 0.2216 0.4573 0.1104 0.4783 0.4074 0.3668 0.4917 0.0000 0.5411 0.7091 0.4659 0.3512 0.6060 0.5392
0.4251 0.7130 0.2791 0.3969 0.2536 0.3255 0.5348 0.5674 0.4010 0.6229 0.3408 0.3804 0.2264 0.2986 0.5321 0.0000 0.3318 0.3447 0.5739 0.3594 0.3541
0.3913 0.3859 0.4310 0.2415 0.4548 0.1939 0.4194 0.2946 0.7972 0.3380 0.4624 0.4718 0.6251 0.4971 0.6028 0.6600 0.0000 0.5106 0.4767 0.6598 0.2850
0.5933 0.2528 0.3428 0.5551 0.3028 0.6258 0.2246 0.3867 0.7854 0.2919 0.5349 0.3401 0.2495 0.2502 0.5498 0.6794 0.3699 0.0000 0.6038 0.4358 0.1968
0.3796 0.4729 0.7811 0.5986 0.3366 0.3292 0.3594 0.4655 0.6395 0.2311 0.5221 0.4696 0.3765 0.7222 0.5006 0.6080 0.3256 0.4522 0.0000 0.4639 0.3301
0.3778 0.3072 0.0859 0.4339 0.5126 0.5944 0.3436 0.3983 0.6525 0.3673 0.1886 0.3353 0.3576 0.5850 0.3337 0.4177 0.2691 0.5496 0.4718 0.0000 0.7679
0.3252 0.1890 0.3911 0.3410 0.3839 0.2241 0.5359 0.3821 0.5076 0.3351 0.5572 0.3887 0.2332 0.6707 0.5807 0.4270 0.0692 0.1666 0.3515 0.3002 0.0000

--- Sample 2 ---
node_demand:
0.2667
0.1000
0.0333
0.2000
0.2667
0.1333
0.1667
0.0667
0.0667
0.1000
0.3000
0.2333
0.1333
0.2333
0.2667
0.2667
0.1333
0.1333
0.1000
0.0333

dist_matrix:
0.0000 0.5533 0.2923 0.2674 0.7822 0.5469 0.0928 0.3424 0.2455 0.5710 0.3338 0.4518 0.2868 0.4730 0.2827 0.2894 0.6426 0.3624 0.3413 0.7764 0.3425
0.4549 0.0000 0.4327 0.4533 0.6205 0.3792 0.5343 0.5879 0.4086 0.3490 0.1982 0.5147 0.2258 0.4954 0.3385 0.4209 0.4346 0.2125 0.4820 0.4114 0.3210
0.3589 0.3597 0.0000 0.1909 0.5670 0.4127 0.5945 0.4052 0.3210 0.5024 0.2916 0.4864 0.4015 0.4593 0.3943 0.2792 0.4567 0.4929 0.7449 0.1636 0.5554
0.3595 0.2899 0.1812 0.0000 0.2979 0.3092 0.2815 0.1263 0.3888 0.2957 0.2990 0.4652 0.3153 0.3153 0.4101 0.2542 0.2451 0.4418 0.5773 0.1466 0.3352
0.4124 0.5150 0.4962 0.4042 0.0000 0.1702 0.2900 0.3009 0.5593 0.6264 0.4354 0.2314 0.3021 0.3568 0.2697 0.2866 0.4994 0.2488 0.4248 0.4604 0.3787
0.1666 0.4088 0.6039 0.4912 0.1894 0.0000 0.3016 0.5310 0.3952 0.4311 0.4493 0.4478 0.3511 0.4148 0.3750 0.4445 0.4051 0.6336 0.1899 0.5741 0.3322
0.1372 0.5294 0.5581 0.2862 0.3468 0.4295 0.0000 0.5061 0.5301 0.4322 0.5071 0.4618 0.5787 0.5624 0.3209 0.3262 0.3426 0.3543 0.3661 0.3608 0.3408
0.4250 0.2403 0.3126 0.2333 0.5873 0.4996 0.3488 0.0000 0.6119 0.2495 0.6130 0.4616 0.5068 0.3853 0.3590 0.5689 0.2085 0.3888 0.5016 0.4123 0.4175
0.4494 0.5020 0.3153 0.3303 0.5247 0.4242 0.5132 0.5304 0.0000 0.6373 0.4286 0.4481 0.5790 0.4803 0.4237 0.4099 0.3903 0.3793 0.5937 0.4820 0.4621
0.4963 0.4133 0.3002 0.2613 0.3182 0.3235 0.4747 0.2682 0.2858 0.0000 0.2759 0.7089 0.6811 0.3857 0.1381 0.3987 0.2929 0.5533 0.4943 0.6226 0.4623
0.3665 0.1746 0.3304 0.3196 0.4019 0.5913 0.2468 0.3758 0.4156 0.2753 0.0000 0.2446 0.7988 0.4210 0.3439 0.5833 0.4404 0.6957 0.6466 0.2894 0.5904
0.5957 0.3176 0.6291 0.5979 0.2625 0.4059 0.3791 0.4763 0.4849 0.5321 0.3011 0.0000 0.3595 0.5035 0.5321 0.3407 0.4555 0.3522 0.4474 0.3364 0.4152
0.2861 0.3609 0.4421 0.5564 0.2934 0.6050 0.6307 0.3273 0.5829 0.3110 0.5907 0.4708 0.0000 0.2803 0.4556 0.1143 0.3046 0.1617 0.5555 0.2725 0.3016
0.4657 0.2909 0.5154 0.2735 0.4550 0.3646 0.3572 0.3877 0.5185 0.4717 0.5282 0.5901 0.2673 0.0000 0.4663 0.3170 0.4001 0.7669 0.6170 0.3972 0.4717
0.3171 0.2625 0.3657 0.4068 0.2440 0.6659 0.2419 0.1665 0.3553 0.1344 0.5146 0.5145 0.4364 0.4588 0.0000 0.6415 0.6544 0.5144 0.5550 0.5244 0.7785
0.5109 0.3296 0.2725 0.3443 0.2839 0.4480 0.3030 0.3517 0.4352 0.4406 0.5030 0.4109 0.2177 0.3389 0.4449 0.0000 0.5498 0.3466 0.5354 0.4407 0.3829
0.5674 0.3105 0.4746 0.1544 0.4831 0.4052 0.1607 0.2601 0.3240 0.2460 0.3419 0.5427 0.6453 0.5169 0.7486 0.6095 0.0000 0.2042 0.4779 0.6121 0.3924
0.3653 0.2536 0.5808 0.3682 0.2949 0.2964 0.2507 0.2096 0.7410 0.2762 0.4878 0.3427 0.4482 0.6258 0.3390 0.5578 0.4942 0.0000 0.6521 0.1289 0.1632
0.5342 0.5681 0.6584 0.5873 0.4173 0.3527 0.3730 0.5834 0.6237 0.3931 0.4845 0.5115 0.3654 0.7899 0.6759 0.4856 0.4432 0.6023 0.0000 0.3733 0.3730
0.4402 0.3758 0.4291 0.2258 0.3461 0.4678 0.3784 0.2174 0.3307 0.3437 0.2868 0.3510 0.4430 0.5445 0.5228 0.4504 0.2642 0.1606 0.5633 0.0000 0.6091
0.3430 0.2242 0.5038 0.2816 0.3714 0.3107 0.5287 0.4553 0.6190 0.4232 0.4317 0.3637 0.2882 0.5838 0.5998 0.5037 0.2553 0.1929 0.5761 0.4724 0.0000

--- Sample 3 ---
node_demand:
0.2667
0.1000
0.0333
0.2000
0.2667
0.1333
0.1667
0.0667
0.0667
0.1000
0.3000
0.2333
0.1333
0.2333
0.2667
0.2667
0.1333
0.1333
0.1000
0.0333

dist_matrix:
0.0000 0.5120 0.3082 0.2355 0.7062 0.5547 0.3012 0.3055 0.4180 0.2352 0.3439 0.4716 0.2558 0.5005 0.4091 0.5627 0.2586 0.2552 0.4674 0.7683 0.4564
0.5082 0.0000 0.6597 0.4246 0.7186 0.4896 0.4830 0.4469 0.7049 0.3533 0.1522 0.4348 0.2551 0.5604 0.2487 0.2416 0.4438 0.1823 0.4663 0.3264 0.2997
0.2944 0.5966 0.0000 0.1940 0.4924 0.3994 0.4027 0.3751 0.3734 0.3481 0.2383 0.5544 0.4111 0.3414 0.4273 0.2730 0.4040 0.3223 0.4910 0.1714 0.4561
0.2575 0.4794 0.1894 0.0000 0.2991 0.6380 0.2055 0.3230 0.4578 0.3207 0.4322 0.5465 0.6414 0.6339 0.3659 0.4225 0.1179 0.5559 0.4564 0.4309 0.4549
0.6923 0.3789 0.5410 0.4737 0.0000 0.1753 0.3417 0.4369 0.5589 0.5436 0.3564 0.2260 0.4282 0.5161 0.3406 0.2404 0.5405 0.5314 0.5524 0.4435 0.3718
0.4206 0.4906 0.5296 0.3600 0.2085 0.0000 0.2027 0.4493 0.5179 0.6773 0.3720 0.4358 0.5351 0.5275 0.5029 0.3507 0.1950 0.2409 0.3035 0.2292 0.4777
0.1248 0.3227 0.3856 0.3935 0.3677 0.5158 0.0000 0.3981 0.4577 0.2179 0.4960 0.4865 0.6214 0.5000 0.3737 0.5203 0.3479 0.4706 0.3223 0.3771 0.3275
0.3375 0.5783 0.4789 0.4177 0.5847 0.2888 0.3221 0.0000 0.6552 0.2802 0.3592 0.4216 0.2403 0.5838 0.2620 0.5177 0.2829 0.3694 0.5021 0.3203 0.4056
0.2582 0.6791 0.2769 0.5554 0.4527 0.5015 0.5005 0.6042 0.0000 0.4595 0.3166 0.5789 0.5108 0.5041 0.5729 0.4136 0.2881 0.5810 0.4260 0.4786 0.5933
0.0921 0.3858 0.2653 0.3284 0.2924 0.5102 0.5408 0.2330 0.2873 0.0000 0.2762 0.6584 0.3344 0.3603 0.2448 0.3059 0.2755 0.4367 0.5849 0.5793 0.5863
0.3802 0.2904 0.4441 0.3373 0.3848 0.5038 0.2769 0.5410 0.3184 0.2798 0.0000 0.3016 0.6166 0.5853 0.4776 0.4650 0.4753 0.3594 0.6604 0.2878 0.3363
0.5182 0.4708 0.4858 0.3482 0.2803 0.3603 0.4835 0.4485 0.3959 0.4056 0.2251 0.0000 0.3135 0.6296 0.4605 0.2168 0.4567 0.3599 0.4104 0.3505 0.4619
0.7976 0.1894 0.3956 0.2542 0.1903 0.3095 0.5103 0.3615 0.7806 0.5695 0.3115 0.4553 0.0000 0.2237 0.4593 0.1472 0.4632 0.5500 0.4982 0.3055 0.2330
0.4243 0.4912 0.3403 0.2156 0.3337 0.4965 0.6279 0.6142 0.4845 0.4044 0.4338 0.4629 0.2628 0.0000 0.4889 0.4849 0.6150 0.1725 0.5411 0.2978 0.4580
0.2864 0.3289 0.4176 0.4561 0.2864 0.5647 0.2882 0.2522 0.4047 0.1751 0.5871 0.3854 0.3259 0.5171 0.0000 0.3845 0.4605 0.2446 0.3318 0.2242 0.3906
0.4808 0.3591 0.2761 0.2825 0.2442 0.4477 0.6339 0.4316 0.5102 0.2391 0.3850 0.2310 0.2270 0.5564 0.7177 0.0000 0.6983 0.7053 0.6137 0.3573 0.4439
0.3426 0.1847 0.3428 0.1612 0.5297 0.3859 0.4656 0.3116 0.6219 0.3605 0.4295 0.4679 0.3201 0.4821 0.2680 0.6745 0.0000 0.2634 0.3110 0.4732 0.2376
0.3983 0.2342 0.4618 0.5978 0.3623 0.3080 0.5023 0.0886 0.7350 0.5012 0.6903 0.3543 0.1428 0.5950 0.3763 0.2557 0.4387 0.0000 0.3913 0.3527 0.2012
0.3631 0.4624 0.7596 0.4628 0.5100 0.1679 0.3667 0.6031 0.6188 0.7777 0.4646 0.4232 0.4063 0.5774 0.4465 0.5440 0.4076 0.5573 0.0000 0.4757 0.5095
0.4492 0.3654 0.3172 0.2435 0.4172 0.4819 0.4188 0.3426 0.4787 0.2014 0.1766 0.3440 0.2958 0.6877 0.5131 0.4231 0.4092 0.1711 0.4524 0.0000 0.3396
0.4950 0.1785 0.3799 0.3997 0.3757 0.3090 0.6485 0.2963 0.5448 0.3303 0.4738 0.2829 0.2339 0.3375 0.3712 0.4896 0.0953 0.2278 0.4963 0.7040 0.0000

--- Sample 4 ---
node_demand:
0.2667
0.1000
0.0333
0.2000
0.2667
0.1333
0.1667
0.0667
0.0667
0.1000
0.3000
0.2333
0.1333
0.2333
0.2667
0.2667
0.1333
0.1333
0.1000
0.0333

dist_matrix:
0.0000 0.5992 0.3181 0.3161 0.3474 0.3210 0.2952 0.5935 0.4209 0.4812 0.3995 0.5848 0.7665 0.3625 0.3564 0.3121 0.6255 0.5718 0.3389 0.7517 0.4241
0.5973 0.0000 0.4635 0.4489 0.5207 0.4357 0.6091 0.6846 0.4171 0.3025 0.3492 0.5191 0.2320 0.4183 0.3361 0.2372 0.2958 0.2169 0.5938 0.4140 0.3950
0.3514 0.5885 0.0000 0.1833 0.4733 0.7519 0.6392 0.4736 0.3061 0.2778 0.2818 0.6195 0.3395 0.3512 0.6104 0.2773 0.4024 0.5865 0.5958 0.3613 0.5592
0.3285 0.3209 0.1889 0.0000 0.4259 0.5649 0.2564 0.3953 0.4053 0.2635 0.3370 0.4812 0.2429 0.2286 0.4944 0.2989 0.2413 0.2789 0.4957 0.3802 0.4547
0.6588 0.6202 0.3916 0.4652 0.0000 0.1916 0.3621 0.4761 0.5507 0.6690 0.4775 0.2216 0.2330 0.4322 0.4479 0.2477 0.3381 0.2853 0.3994 0.5552 0.4155
0.4581 0.4538 0.6362 0.6837 0.1922 0.0000 0.3669 0.3904 0.5729 0.4429 0.5024 0.3809 0.2598 0.4241 0.5136 0.4596 0.4041 0.6646 0.3331 0.3480 0.5255
0.1030 0.4082 0.4922 0.4263 0.3012 0.3757 0.0000 0.4494 0.5190 0.4873 0.4454 0.5284 0.6683 0.5216 0.3896 0.3013 0.2356 0.3174 0.4061 0.3651 0.5040
0.7030 0.2780 0.4762 0.1483 0.4131 0.5350 0.3715 0.0000 0.5373 0.3565 0.4658 0.5269 0.4885 0.5764 0.2534 0.5674 0.2555 0.1953 0.4969 0.1994 0.4864
0.3505 0.7697 0.2781 0.4011 0.4602 0.4759 0.3422 0.3277 0.0000 0.5782 0.4612 0.5352 0.6439 0.4794 0.4413 0.6616 0.6243 0.8470 0.4233 0.5024 0.3118
0.0918 0.3727 0.5008 0.3062 0.5199 0.0855 0.5536 0.3017 0.5167 0.0000 0.2768 0.7381 0.1502 0.4109 0.3800 0.3214 0.3702 0.2810 0.4585 0.4442 0.3999
0.2546 0.2697 0.2987 0.2967 0.3363 0.3531 0.2945 0.5804 0.3909 0.2769 0.0000 0.3791 0.8333 0.3507 0.5561 0.5464 0.3641 0.3502 0.7244 0.3517 0.2833
0.4551 0.5498 0.4272 0.4450 0.2597 0.4247 0.5244 0.4298 0.4545 0.7834 0.4178 0.0000 0.3725 0.5830 0.5142 0.3131 0.3165 0.3516 0.4003 0.3433 0.2256
0.2798 0.1513 0.4279 0.2979 0.3284 0.4279 0.4714 0.2216 0.7710 0.4374 0.3288 0.3543 0.0000 0.1996 0.4935 0.3124 0.4536 0.4533 0.5842 0.2963 0.3166
0.5080 0.5347 0.3490 0.5303 0.3512 0.3436 0.4616 0.4206 0.4733 0.3588 0.4666 0.5080 0.3169 0.0000 0.5222 0.3525 0.4124 0.4780 0.7569 0.4502 0.4972
0.2151 0.2831 0.5851 0.5190 0.4825 0.7317 0.2868 0.2189 0.6786 0.1824 0.6043 0.5675 0.2638 0.3892 0.0000 0.3297 0.2550 0.5981 0.4625 0.3091 0.4989
0.4267 0.5294 0.2737 0.2799 0.2569 0.3399 0.5991 0.4930 0.6372 0.4509 0.5240 0.3062 0.2402 0.5013 0.6232 0.0000 0.3648 0.4693 0.4641 0.4123 0.3499
0.4549 0.3516 0.3774 0.2123 0.4578 0.2323 0.2456 0.2104 0.7030 0.4051 0.5096 0.4475 0.3540 0.4068 0.5683 0.5197 0.0000 0.3509 0.3937 0.5292 0.1898
0.6146 0.2406 0.4803 0.1307 0.5380 0.6039 0.2636 0.2760 0.5881 0.4570 0.6070 0.3430 0.2906 0.2301 0.3052 0.7065 0.2741 0.0000 0.4686 0.4943 0.1876
0.3221 0.6393 0.7677 0.5027 0.3207 0.2203 0.3598 0.4067 0.6449 0.3421 0.6272 0.5057 0.5253 0.8053 0.4314 0.6196 0.3945 0.4569 0.0000 0.5517 0.4349
0.2750 0.3862 0.2443 0.3162 0.4036 0.3253 0.3704 0.2327 0.3307 0.3346 0.1590 0.3217 0.2626 0.6659 0.4857 0.4295 0.3219 0.1158 0.4350 0.0000 0.7140
0.4449 0.2887 0.5767 0.2617 0.4458 0.2816 0.4549 0.4363 0.3701 0.4541 0.3173 0.3570 0.3249 0.4437 0.5634 0.3381 0.1620 0.2094 0.5183 0.3046 0.0000

--- Sample 5 ---
node_demand:
0.2667
0.1000
0.0333
0.2000
0.2667
0.1333
0.1667
0.0667
0.0667
0.1000
0.3000
0.2333
0.1333
0.2333
0.2667
0.2667
0.1333
0.1333
0.1000
0.0333

dist_matrix:
0.0000 0.5381 0.2941 0.2988 0.3988 0.3204 0.1403 0.5976 0.4884 0.3212 0.3097 0.4780 0.3651 0.4839 0.6212 0.3040 0.5382 0.6152 0.4173 0.4528 0.4235
0.4239 0.0000 0.3940 0.5128 0.4185 0.3739 0.4057 0.2372 0.3216 0.4288 0.4710 0.4168 0.3605 0.3947 0.3194 0.2398 0.1921 0.1835 0.4659 0.2895 0.1501
0.2859 0.4891 0.0000 0.1837 0.5623 0.7027 0.6256 0.3483 0.3196 0.3059 0.4056 0.5676 0.3521 0.3913 0.3047 0.2716 0.4015 0.2923 0.7821 0.2393 0.5112
0.4568 0.5274 0.1835 0.0000 0.2665 0.3901 0.4020 0.3761 0.5083 0.2765 0.3879 0.4621 0.3383 0.2518 0.5018 0.3121 0.1118 0.5371 0.4659 0.4330 0.3819
0.6175 0.4856 0.5613 0.3917 0.0000 0.1855 0.3049 0.5471 0.5149 0.4080 0.3903 0.2959 0.3018 0.3351 0.4298 0.2516 0.3044 0.3239 0.4433 0.4186 0.3837
0.1978 0.4066 0.5717 0.4528 0.1933 0.0000 0.3675 0.3046 0.3326 0.2819 0.3379 0.3518 0.2412 0.4034 0.2427 0.4828 0.3668 0.2800 0.2786 0.6985 0.3804
0.2299 0.5659 0.6140 0.4123 0.2480 0.4848 0.0000 0.2863 0.4203 0.3830 0.4404 0.4832 0.5067 0.3777 0.3256 0.6428 0.3262 0.5244 0.3633 0.2994 0.5778
0.5004 0.6415 0.3893 0.2142 0.5329 0.3374 0.3636 0.0000 0.4046 0.2281 0.5046 0.4947 0.2612 0.7747 0.1957 0.4388 0.2581 0.1321 0.5104 0.3719 0.3500
0.4232 0.7704 0.2348 0.4561 0.5222 0.3534 0.3327 0.5387 0.0000 0.4743 0.3833 0.4978 0.6393 0.4755 0.3506 0.5146 0.2308 0.3839 0.5926 0.2752 0.6392
0.3306 0.4083 0.3269 0.2955 0.7955 0.5666 0.3027 0.2541 0.4585 0.0000 0.2722 0.5306 0.3123 0.3530 0.1765 0.5757 0.2956 0.6593 0.4509 0.2855 0.5525
0.3696 0.3140 0.3954 0.3021 0.5527 0.4689 0.2958 0.4257 0.3836 0.2764 0.0000 0.3863 0.3718 0.5535 0.6181 0.5730 0.3148 0.4727 0.7205 0.1762 0.4179
0.5382 0.4085 0.5253 0.5214 0.2904 0.3672 0.5914 0.5214 0.4113 0.7599 0.3311 0.0000 0.4466 0.5702 0.3867 0.2625 0.3538 0.3598 0.4258 0.3307 0.3120
0.7790 0.3656 0.3579 0.5302 0.2500 0.5870 0.3484 0.3724 0.4596 0.2606 0.3524 0.4766 0.0000 0.3118 0.3401 0.1011 0.5216 0.3207 0.5145 0.4187 0.2971
0.4293 0.4960 0.4966 0.2621 0.3989 0.4869 0.4839 0.3622 0.4634 0.3198 0.5032 0.6064 0.2206 0.0000 0.4093 0.2761 0.5204 0.4142 0.7647 0.3980 0.4369
0.4587 0.2586 0.6013 0.4787 0.3489 0.4216 0.3121 0.3353 0.6046 0.1709 0.5408 0.5816 0.3370 0.4473 0.0000 0.6289 0.7596 0.4897 0.4880 0.3682 0.4239
0.4164 0.5621 0.2725 0.2684 0.2484 0.4254 0.2823 0.4246 0.4384 0.4251 0.3630 0.2292 0.2906 0.4161 0.7489 0.0000 0.5246 0.6010 0.5767 0.3781 0.4763
0.4213 0.3917 0.4657 0.1887 0.5452 0.2084 0.4389 0.2785 0.7552 0.3025 0.5080 0.2779 0.5934 0.4829 0.7590 0.5132 0.0000 0.3544 0.4254 0.4987 0.3369
0.4317 0.2454 0.2396 0.3751 0.2579 0.3216 0.4409 0.4645 0.5865 0.2952 0.4651 0.3423 0.2069 0.1957 0.4981 0.6476 0.1558 0.0000 0.4925 0.1815 0.1642
0.3383 0.5288 0.5305 0.4515 0.4071 0.2629 0.3237 0.4727 0.4882 0.2676 0.6285 0.5172 0.5293 0.6225 0.3253 0.4668 0.4267 0.4415 0.0000 0.5639 0.4042
0.6800 0.4197 0.2174 0.2962 0.5084 0.6574 0.3048 0.1972 0.3301 0.6561 0.3882 0.3237 0.2776 0.6133 0.3941 0.3474 0.2506 0.2034 0.4905 0.0000 0.4358
0.3767 0.1662 0.4692 0.5297 0.3893 0.5234 0.6376 0.3045 0.6468 0.3290 0.6410 0.2489 0.3100 0.5894 0.5359 0.5336 0.1831 0.1959 0.3088 0.6745 0.0000
