min_dist:
0.0000 0.2600 0.1200 0.1200 0.1900 0.2300 0.3400 0.2600 0.2900 0.3000 0.3300 0.1400 0.2600 0.2300 0.1000 0.1600 0.3800 0.0600 0.1000 0.1800 0.1200
0.2600 0.0000 0.3200 0.2100 0.2500 0.3200 0.4200 0.3200 0.3200 0.3000 0.1800 0.1200 0.2900 0.2900 0.2500 0.2000 0.2600 0.2100 0.1600 0.2400 0.3800
0.1200 0.3200 0.0000 0.2400 0.2400 0.2400 0.4600 0.1700 0.4100 0.3100 0.3600 0.2600 0.3800 0.2600 0.2200 0.2800 0.4500 0.1800 0.2200 0.3000 0.2400
0.1200 0.2100 0.2400 0.0000 0.2200 0.1100 0.2700 0.2900 0.4100 0.4000 0.2300 0.0900 0.2700 0.2400 0.2200 0.2500 0.4100 0.1800 0.1300 0.2100 0.2400
0.1900 0.2500 0.2400 0.2200 0.0000 0.2500 0.4100 0.0700 0.3200 0.2100 0.2800 0.1300 0.2500 0.0400 0.1700 0.1900 0.2500 0.1300 0.0900 0.1500 0.3000
0.2300 0.3200 0.2400 0.1100 0.2500 0.0000 0.3400 0.3200 0.4600 0.3700 0.3400 0.2000 0.2200 0.2900 0.2700 0.3000 0.3200 0.2300 0.1800 0.2600 0.3500
0.3400 0.4200 0.4600 0.2700 0.4100 0.3400 0.0000 0.3400 0.4400 0.3600 0.3000 0.3000 0.2200 0.4200 0.2400 0.3000 0.2400 0.2800 0.3300 0.2600 0.4600
0.2600 0.3200 0.1700 0.2900 0.0700 0.3200 0.3400 0.0000 0.3900 0.1400 0.2100 0.2000 0.3200 0.1100 0.2400 0.2600 0.2800 0.2000 0.1600 0.2200 0.3700
0.2900 0.3200 0.4100 0.4100 0.3200 0.4600 0.4400 0.3900 0.0000 0.4200 0.2800 0.3200 0.4000 0.2800 0.2700 0.2800 0.2400 0.2300 0.2800 0.2400 0.4100
0.3000 0.3000 0.3100 0.4000 0.2100 0.3700 0.3600 0.1400 0.4200 0.0000 0.2600 0.3300 0.4100 0.2500 0.2000 0.3400 0.4200 0.2400 0.2900 0.3600 0.4200
0.3300 0.1800 0.3600 0.2300 0.2800 0.3400 0.3000 0.2100 0.2800 0.2600 0.0000 0.3000 0.4600 0.3200 0.3100 0.2700 0.4400 0.2700 0.3100 0.2300 0.3600
0.1400 0.1200 0.2600 0.0900 0.1300 0.2000 0.3000 0.2000 0.3200 0.3300 0.3000 0.0000 0.1800 0.1700 0.1300 0.1600 0.3800 0.0900 0.0400 0.1200 0.2600
0.2600 0.2900 0.3800 0.2700 0.2500 0.2200 0.2200 0.3200 0.4000 0.4100 0.4600 0.1800 0.0000 0.2900 0.2500 0.2800 0.4600 0.2100 0.1600 0.2400 0.3600
0.2300 0.2900 0.2600 0.2400 0.0400 0.2900 0.4200 0.1100 0.2800 0.2500 0.3200 0.1700 0.2900 0.0000 0.2100 0.2000 0.2900 0.1700 0.1300 0.1600 0.3400
0.1000 0.2500 0.2200 0.2200 0.1700 0.2700 0.2400 0.2400 0.2700 0.2000 0.3100 0.1300 0.2500 0.2100 0.0000 0.1400 0.3600 0.0400 0.0900 0.1700 0.2200
0.1600 0.2000 0.2800 0.2500 0.1900 0.3000 0.3000 0.2600 0.2800 0.3400 0.2700 0.1600 0.2800 0.2000 0.1400 0.0000 0.3200 0.1000 0.1200 0.0400 0.2800
0.3800 0.2600 0.4500 0.4100 0.2500 0.3200 0.2400 0.2800 0.2400 0.4200 0.4400 0.3800 0.4600 0.2900 0.3600 0.3200 0.0000 0.3200 0.3400 0.2800 0.3000
0.0600 0.2100 0.1800 0.1800 0.1300 0.2300 0.2800 0.2000 0.2300 0.2400 0.2700 0.0900 0.2100 0.1700 0.0400 0.1000 0.3200 0.0000 0.0500 0.1300 0.1800
0.1000 0.1600 0.2200 0.1300 0.0900 0.1800 0.3300 0.1600 0.2800 0.2900 0.3100 0.0400 0.1600 0.1300 0.0900 0.1200 0.3400 0.0500 0.0000 0.0800 0.2200
0.1800 0.2400 0.3000 0.2100 0.1500 0.2600 0.2600 0.2200 0.2400 0.3600 0.2300 0.1200 0.2400 0.1600 0.1700 0.0400 0.2800 0.1300 0.0800 0.0000 0.3000
0.1200 0.3800 0.2400 0.2400 0.3000 0.3500 0.4600 0.3700 0.4100 0.4200 0.3600 0.2600 0.3600 0.3400 0.2200 0.2800 0.3000 0.1800 0.2200 0.3000 0.0000

max_dist:
0.0000 0.6200 0.6000 0.3000 0.6800 0.6400 0.8600 0.5000 0.7200 0.8400 0.6400 0.6600 0.5600 0.5600 0.8300 0.7800 0.5300 0.6700 0.4600 0.4800 0.6000
0.6200 0.0000 0.4800 0.6100 0.5400 0.5200 0.7200 0.7300 0.7600 0.4000 0.7600 0.2500 0.4600 0.5600 0.7400 0.5300 0.4900 0.5300 0.6900 0.6000 0.6400
0.6000 0.4800 0.0000 0.7100 0.6700 0.3700 0.6100 0.3200 0.7800 0.5600 0.8000 0.7300 0.6800 0.4400 0.8100 0.7800 0.6700 0.4600 0.5200 0.4700 0.5600
0.3000 0.6100 0.7100 0.0000 0.5600 0.6200 0.5600 0.7700 0.6800 0.8400 0.3400 0.3600 0.7200 0.6900 0.7100 0.4800 0.5000 0.6400 0.7400 0.3800 0.6400
0.6800 0.5400 0.6700 0.5600 0.0000 0.6600 0.5800 0.6000 0.6100 0.7800 0.6400 0.6400 0.6200 0.5100 0.6600 0.6600 0.2500 0.8300 0.4000 0.2000 0.5800
0.6400 0.5200 0.3700 0.6200 0.6600 0.0000 0.6000 0.6900 0.5400 0.6900 0.6600 0.4600 0.4300 0.6600 0.4400 0.6100 0.5700 0.6800 0.2600 0.6200 0.7600
0.8600 0.7200 0.6100 0.5600 0.5800 0.6000 0.0000 0.5600 0.6000 0.4000 0.3300 0.4800 0.8400 0.7900 0.6600 0.5800 0.5200 0.5600 0.6900 0.5400 0.8600
0.5000 0.7300 0.3200 0.7700 0.6000 0.6900 0.5600 0.0000 0.4900 0.6000 0.5400 0.4800 0.6400 0.7400 0.6700 0.7100 0.3500 0.3700 0.7500 0.6500 0.8000
0.7200 0.7600 0.7800 0.6800 0.6100 0.5400 0.6000 0.4900 0.0000 0.5200 0.4800 0.6000 0.5900 0.7200 0.5200 0.4800 0.3600 0.3200 0.7600 0.4600 0.6600
0.8400 0.4000 0.5600 0.8400 0.7800 0.6900 0.4000 0.6000 0.5200 0.0000 0.6500 0.4800 0.4400 0.4400 0.3400 0.6500 0.8200 0.7600 0.6400 0.7500 0.6600
0.6400 0.7600 0.8000 0.3400 0.6400 0.6600 0.3300 0.5400 0.4800 0.6500 0.0000 0.5100 0.6600 0.7000 0.5600 0.5600 0.7400 0.4000 0.5200 0.4400 0.5800
0.6600 0.2500 0.7300 0.3600 0.6400 0.4600 0.4800 0.4800 0.6000 0.4800 0.5100 0.0000 0.4400 0.6200 0.8200 0.6400 0.5800 0.2800 0.5800 0.5400 0.4500
0.5600 0.4600 0.6800 0.7200 0.6200 0.4300 0.8400 0.6400 0.5900 0.4400 0.6600 0.4400 0.0000 0.7800 0.7800 0.6400 0.8500 0.6700 0.2300 0.5900 0.3800
0.5600 0.5600 0.4400 0.6900 0.5100 0.6600 0.7900 0.7400 0.7200 0.4400 0.7000 0.6200 0.7800 0.0000 0.6400 0.5800 0.4300 0.5100 0.6400 0.3100 0.8800
0.8300 0.7400 0.8100 0.7100 0.6600 0.4400 0.6600 0.6700 0.5200 0.3400 0.5600 0.8200 0.7800 0.6400 0.0000 0.6500 0.7400 0.6300 0.6200 0.4600 0.4000
0.7800 0.5300 0.7800 0.4800 0.6600 0.6100 0.5800 0.7100 0.4800 0.6500 0.5600 0.6400 0.6400 0.5800 0.6500 0.0000 0.5400 0.6800 0.6200 0.4600 0.5900
0.5300 0.4900 0.6700 0.5000 0.2500 0.5700 0.5200 0.3500 0.3600 0.8200 0.7400 0.5800 0.8500 0.4300 0.7400 0.5400 0.0000 0.6800 0.6200 0.3000 0.6400
0.6700 0.5300 0.4600 0.6400 0.8300 0.6800 0.5600 0.3700 0.3200 0.7600 0.4000 0.2800 0.6700 0.5100 0.6300 0.6800 0.6800 0.0000 0.4400 0.6300 0.7300
0.4600 0.6900 0.5200 0.7400 0.4000 0.2600 0.6900 0.7500 0.7600 0.6400 0.5200 0.5800 0.2300 0.6400 0.6200 0.6200 0.6200 0.4400 0.0000 0.3600 0.5400
0.4800 0.6000 0.4700 0.3800 0.2000 0.6200 0.5400 0.6500 0.4600 0.7500 0.4400 0.5400 0.5900 0.3100 0.4600 0.4600 0.3000 0.6300 0.3600 0.0000 0.6700
0.6000 0.6400 0.5600 0.6400 0.5800 0.7600 0.8600 0.8000 0.6600 0.6600 0.5800 0.4500 0.3800 0.8800 0.4000 0.5900 0.6400 0.7300 0.5400 0.6700 0.0000

--- Contains 5 samples ---

--- Sample 1 ---
node_demand:
0.0667
0.0333
0.2667
0.2000
0.2000
0.2000
0.0667
0.2000
0.1667
0.1667
0.1333
0.1000
0.0667
0.2333
0.2667
0.2667
0.3000
0.2000
0.2667
0.2333

dist_matrix:
0.0000 0.5219 0.3689 0.1724 0.2273 0.6181 0.4343 0.3550 0.6718 0.7449 0.3317 0.4062 0.3003 0.4272 0.8040 0.7043 0.4295 0.6696 0.3599 0.3421 0.4192
0.6026 0.0000 0.4273 0.5144 0.4929 0.3430 0.6816 0.3883 0.5058 0.3065 0.5505 0.1933 0.3622 0.3505 0.6450 0.4251 0.4158 0.3619 0.5292 0.2677 0.6171
0.2813 0.3940 0.0000 0.6071 0.6396 0.3094 0.5887 0.2956 0.6999 0.4679 0.5427 0.4671 0.4429 0.3373 0.5948 0.4443 0.5052 0.4123 0.4333 0.3396 0.2825
0.2986 0.5677 0.4767 0.0000 0.5124 0.3761 0.4899 0.5162 0.6595 0.6349 0.3027 0.3432 0.7196 0.4794 0.5493 0.4259 0.4886 0.4006 0.6848 0.3674 0.6354
0.5994 0.3111 0.4313 0.5092 0.0000 0.3278 0.5129 0.2562 0.3503 0.2128 0.3167 0.5799 0.3394 0.0741 0.4562 0.4136 0.2500 0.6996 0.2680 0.1553 0.3129
0.5201 0.3711 0.2901 0.2328 0.4591 0.0000 0.4428 0.3348 0.4951 0.4823 0.6101 0.3260 0.2248 0.6083 0.4337 0.5811 0.5605 0.4311 0.2043 0.4743 0.5986
0.6278 0.4848 0.5176 0.4479 0.5097 0.3812 0.0000 0.3580 0.5328 0.3812 0.3184 0.3967 0.6796 0.5802 0.3374 0.3062 0.5016 0.3256 0.6502 0.2889 0.8073
0.4220 0.5438 0.2870 0.6185 0.5706 0.4301 0.3850 0.0000 0.4633 0.1849 0.2342 0.3691 0.6203 0.6626 0.6690 0.3509 0.3304 0.2760 0.2620 0.4687 0.7712
0.7029 0.4485 0.7078 0.5717 0.5063 0.5155 0.4774 0.4681 0.0000 0.4238 0.3747 0.4656 0.4780 0.5446 0.4477 0.3424 0.2978 0.2467 0.2809 0.4432 0.5061
0.7584 0.3478 0.3649 0.7876 0.5507 0.4560 0.3743 0.3425 0.4673 0.0000 0.3317 0.4232 0.4329 0.4313 0.2933 0.4803 0.6616 0.2852 0.3323 0.5855 0.4787
0.4063 0.3666 0.6120 0.3327 0.6227 0.5224 0.3088 0.3319 0.3926 0.4018 0.0000 0.3402 0.5609 0.3998 0.4357 0.3938 0.6450 0.3022 0.3916 0.2477 0.3628
0.6051 0.2391 0.5081 0.3183 0.5294 0.4290 0.3259 0.2996 0.4961 0.4105 0.3417 0.0000 0.3498 0.1904 0.7551 0.5816 0.4794 0.2356 0.3593 0.3335 0.3966
0.3391 0.4166 0.6686 0.4238 0.2611 0.4236 0.3885 0.5367 0.5312 0.4306 0.5261 0.2651 0.0000 0.3715 0.7345 0.2860 0.7902 0.5538 0.1654 0.2586 0.3676
0.3006 0.4203 0.3325 0.5135 0.4341 0.5230 0.7748 0.4851 0.4498 0.3098 0.3447 0.4422 0.6924 0.0000 0.5580 0.5694 0.4163 0.4978 0.1498 0.1926 0.7853
0.2697 0.5451 0.3608 0.5409 0.2525 0.3087 0.2539 0.5312 0.4757 0.2804 0.3212 0.7546 0.2709 0.3970 0.0000 0.6433 0.6674 0.5847 0.4075 0.3797 0.3448
0.2785 0.2394 0.7635 0.2685 0.5234 0.3610 0.5260 0.4916 0.2836 0.5383 0.4407 0.4626 0.3560 0.4154 0.3428 0.0000 0.4154 0.4463 0.3391 0.2998 0.4507
0.3802 0.3645 0.5449 0.4860 0.2500 0.5167 0.3695 0.3159 0.2929 0.7030 0.4730 0.4583 0.6207 0.3875 0.3929 0.3326 0.0000 0.6081 0.4322 0.2814 0.5951
0.6380 0.4835 0.3831 0.5462 0.5193 0.2445 0.4552 0.2671 0.3057 0.3261 0.2939 0.1268 0.2355 0.2014 0.1900 0.4552 0.4585 0.0000 0.2560 0.6178 0.3126
0.2092 0.4095 0.4061 0.6943 0.2225 0.2073 0.4413 0.2187 0.7107 0.4167 0.5049 0.2708 0.2112 0.3865 0.1764 0.1431 0.5086 0.2144 0.0000 0.3157 0.5215
0.3968 0.4577 0.3389 0.2518 0.1627 0.2917 0.2763 0.6210 0.2413 0.5967 0.2734 0.4213 0.5146 0.2288 0.3388 0.0916 0.2801 0.1316 0.0969 0.0000 0.4904
0.2401 0.5962 0.3960 0.6053 0.3606 0.5651 0.7747 0.6000 0.5259 0.4770 0.4069 0.2901 0.3643 0.8747 0.3542 0.4937 0.5213 0.4286 0.4621 0.4178 0.0000

--- Sample 2 ---
node_demand:
0.0667
0.0333
0.2667
0.2000
0.2000
0.2000
0.0667
0.2000
0.1667
0.1667
0.1333
0.1000
0.0667
0.2333
0.2667
0.2667
0.3000
0.2000
0.2667
0.2333

dist_matrix:
0.0000 0.4316 0.5869 0.2049 0.4088 0.6074 0.3767 0.2675 0.6491 0.5206 0.4813 0.2115 0.4918 0.3666 0.7143 0.4196 0.5287 0.0931 0.2173 0.4386 0.4474
0.2955 0.0000 0.4455 0.5635 0.3817 0.4843 0.6824 0.3336 0.6526 0.3294 0.7272 0.1402 0.4094 0.4734 0.7247 0.3020 0.4138 0.3236 0.3399 0.3961 0.5359
0.4946 0.4388 0.0000 0.6598 0.3769 0.2689 0.5795 0.2294 0.4359 0.3579 0.6805 0.6719 0.3920 0.4171 0.6136 0.4322 0.5617 0.2358 0.4100 0.4322 0.3029
0.2292 0.5660 0.3203 0.0000 0.5279 0.1483 0.4861 0.7546 0.4315 0.5241 0.3199 0.3424 0.4107 0.6715 0.3920 0.4160 0.4543 0.4260 0.2225 0.2310 0.2782
0.5895 0.3237 0.4441 0.3915 0.0000 0.3874 0.4479 0.3040 0.4000 0.5187 0.3209 0.3062 0.2909 0.0413 0.1841 0.4226 0.2500 0.7635 0.2336 0.1589 0.5271
0.5423 0.4433 0.3526 0.3486 0.6239 0.0000 0.3839 0.6121 0.4606 0.4883 0.5440 0.2364 0.3336 0.3486 0.3719 0.5107 0.4354 0.6631 0.2148 0.3362 0.3629
0.4240 0.6318 0.5102 0.3424 0.4948 0.5230 0.0000 0.4426 0.4917 0.3911 0.3214 0.3964 0.7035 0.7569 0.2780 0.4629 0.2841 0.5431 0.5472 0.4180 0.5407
0.4260 0.6015 0.2890 0.5706 0.3406 0.5900 0.5506 0.0000 0.4460 0.5681 0.4091 0.2794 0.5789 0.3864 0.4080 0.3418 0.3448 0.2509 0.4781 0.4879 0.6571
0.5150 0.5051 0.4740 0.5122 0.4898 0.4867 0.5751 0.4661 0.0000 0.4934 0.3645 0.4039 0.4055 0.3063 0.4685 0.4046 0.2964 0.2835 0.3465 0.2862 0.4214
0.3891 0.3684 0.5513 0.4316 0.5882 0.6248 0.3974 0.5583 0.4347 0.0000 0.3752 0.3341 0.4236 0.3543 0.2943 0.4797 0.4764 0.7367 0.4657 0.5277 0.4574
0.4588 0.2938 0.3714 0.2799 0.5040 0.6484 0.3026 0.2849 0.3870 0.3080 0.0000 0.3004 0.5106 0.5589 0.5211 0.4425 0.4891 0.3133 0.3495 0.3288 0.4406
0.2509 0.1736 0.6109 0.2013 0.2474 0.2045 0.4284 0.2468 0.3226 0.4020 0.4660 0.0000 0.2235 0.5268 0.3437 0.6159 0.4075 0.2441 0.2276 0.3038 0.3012
0.4339 0.4114 0.5627 0.6195 0.2691 0.4281 0.2930 0.4985 0.5402 0.4382 0.6173 0.3701 0.0000 0.4854 0.3736 0.3708 0.8056 0.4374 0.2007 0.2574 0.3723
0.3262 0.3457 0.4313 0.6635 0.2185 0.3348 0.7454 0.2075 0.4305 0.3348 0.5909 0.3281 0.7692 0.0000 0.4596 0.3255 0.3173 0.1743 0.4674 0.1687 0.6481
0.4579 0.4695 0.8052 0.3509 0.3247 0.3836 0.2852 0.4685 0.4862 0.2272 0.5599 0.1374 0.4457 0.4154 0.0000 0.2567 0.6456 0.3182 0.3568 0.2477 0.3039
0.2267 0.3072 0.3479 0.3991 0.4256 0.5812 0.3007 0.3793 0.3325 0.5911 0.3285 0.4052 0.3721 0.5467 0.5404 0.0000 0.4785 0.3363 0.1429 0.1457 0.3248
0.5016 0.3654 0.6673 0.4274 0.2500 0.5411 0.2464 0.3113 0.3550 0.4444 0.5048 0.4518 0.6046 0.3607 0.4293 0.4380 0.0000 0.4348 0.5902 0.2834 0.6182
0.2821 0.3509 0.4517 0.3101 0.4441 0.4522 0.4896 0.2061 0.2442 0.6230 0.2856 0.2257 0.5067 0.3178 0.1159 0.5597 0.3549 0.0000 0.1219 0.3601 0.6277
0.4510 0.1626 0.2837 0.4854 0.1254 0.2143 0.5754 0.2649 0.3594 0.4717 0.3231 0.4884 0.2076 0.2473 0.1433 0.2169 0.5070 0.3306 0.0000 0.2686 0.3082
0.4342 0.3974 0.4576 0.2807 0.1871 0.3673 0.4791 0.4919 0.3769 0.7353 0.4062 0.1991 0.4045 0.1757 0.1830 0.2946 0.2832 0.2047 0.3132 0.0000 0.6380
0.3994 0.4338 0.3064 0.5296 0.4760 0.6367 0.5212 0.5134 0.5089 0.4884 0.5344 0.2909 0.3720 0.6037 0.3597 0.4019 0.4328 0.3888 0.4192 0.4078 0.0000

--- Sample 3 ---
node_demand:
0.0667
0.0333
0.2667
0.2000
0.2000
0.2000
0.0667
0.2000
0.1667
0.1667
0.1333
0.1000
0.0667
0.2333
0.2667
0.2667
0.3000
0.2000
0.2667
0.2333

dist_matrix:
0.0000 0.4566 0.4531 0.1969 0.5034 0.5592 0.6057 0.4888 0.3933 0.3144 0.4410 0.2319 0.3581 0.5497 0.2366 0.4249 0.5273 0.3970 0.2146 0.3600 0.1225
0.5719 0.0000 0.4266 0.4939 0.4964 0.4316 0.4625 0.3271 0.5068 0.3201 0.7071 0.2243 0.4051 0.3012 0.5158 0.4189 0.4831 0.2136 0.5647 0.5201 0.5758
0.5427 0.3496 0.0000 0.3761 0.6671 0.2476 0.6069 0.1786 0.5655 0.3213 0.6167 0.6285 0.6305 0.4204 0.5684 0.3499 0.4748 0.2260 0.4159 0.3848 0.4708
0.2421 0.5683 0.6592 0.0000 0.3714 0.3347 0.2910 0.4831 0.5474 0.6747 0.2535 0.1326 0.5877 0.2817 0.6137 0.3058 0.4466 0.3206 0.3493 0.3174 0.3103
0.4534 0.5158 0.3588 0.2705 0.0000 0.3077 0.4419 0.5172 0.3592 0.2630 0.6341 0.3373 0.2557 0.1459 0.4238 0.5873 0.2500 0.1826 0.1863 0.1997 0.5585
0.6347 0.3634 0.2545 0.1574 0.4199 0.0000 0.5217 0.5089 0.4967 0.3767 0.5958 0.2931 0.3800 0.5958 0.3487 0.3014 0.3380 0.3471 0.2160 0.4707 0.6241
0.5213 0.6569 0.4953 0.3413 0.5219 0.5163 0.0000 0.4302 0.5333 0.3658 0.3039 0.3402 0.7198 0.4338 0.5802 0.4345 0.3097 0.5474 0.3395 0.4756 0.7003
0.2626 0.7021 0.2231 0.4092 0.2758 0.5411 0.5470 0.0000 0.4399 0.2847 0.3458 0.2539 0.3614 0.4893 0.6080 0.5252 0.2854 0.2285 0.6791 0.3650 0.7960
0.3028 0.4841 0.7319 0.4334 0.5713 0.4965 0.5351 0.3933 0.0000 0.4618 0.4289 0.4095 0.4406 0.6680 0.4923 0.4219 0.3466 0.2981 0.6198 0.3554 0.5534
0.8359 0.3100 0.5327 0.7164 0.4020 0.6343 0.3696 0.4248 0.4467 0.0000 0.3538 0.3310 0.4174 0.3411 0.3009 0.5443 0.5215 0.5861 0.3631 0.5444 0.4990
0.6151 0.6816 0.5201 0.2416 0.4717 0.5131 0.3275 0.3433 0.4017 0.5172 0.0000 0.4489 0.5881 0.6560 0.4779 0.3066 0.4898 0.3374 0.4459 0.4068 0.3974
0.3817 0.2263 0.6839 0.2383 0.1791 0.4477 0.3044 0.4018 0.4722 0.4394 0.4252 0.0000 0.2264 0.4677 0.5890 0.2756 0.3929 0.1032 0.1614 0.3175 0.4490
0.2961 0.4354 0.6510 0.2787 0.4964 0.4179 0.2473 0.5344 0.5645 0.4241 0.6136 0.3704 0.0000 0.7232 0.4476 0.2945 0.5596 0.2390 0.2272 0.2676 0.3676
0.5385 0.3468 0.3343 0.4542 0.4802 0.4679 0.6074 0.4276 0.4288 0.2563 0.6904 0.3423 0.4696 0.0000 0.5105 0.2249 0.3824 0.3760 0.3149 0.1635 0.6767
0.5843 0.5688 0.6089 0.3400 0.3837 0.3891 0.3034 0.2535 0.4344 0.2508 0.3222 0.6916 0.3224 0.5601 0.0000 0.3748 0.7073 0.1301 0.6102 0.3608 0.2427
0.7622 0.4794 0.3194 0.4426 0.3329 0.3567 0.4580 0.6273 0.3444 0.5031 0.4306 0.5880 0.3452 0.5669 0.3421 0.0000 0.3336 0.4111 0.4937 0.2377 0.3562
0.4355 0.4059 0.4806 0.4487 0.2500 0.4170 0.4545 0.3175 0.3599 0.6312 0.7137 0.4285 0.8020 0.3956 0.3859 0.3298 0.0000 0.5117 0.5908 0.2814 0.4945
0.5545 0.4353 0.3586 0.2519 0.5419 0.4851 0.4474 0.2431 0.2374 0.6452 0.3121 0.1498 0.3645 0.4698 0.5776 0.5193 0.4987 0.0000 0.4082 0.4852 0.3557
0.1364 0.5315 0.3460 0.1603 0.1660 0.2104 0.4927 0.7044 0.3991 0.5102 0.3982 0.4071 0.2177 0.2529 0.1716 0.2994 0.5563 0.0866 0.0000 0.2175 0.4430
0.3660 0.5640 0.3795 0.3789 0.1696 0.5345 0.5157 0.4291 0.4444 0.7138 0.3899 0.4637 0.5832 0.2414 0.2850 0.1307 0.2815 0.6274 0.3550 0.0000 0.3447
0.5618 0.4280 0.2725 0.3769 0.3213 0.3769 0.8088 0.5411 0.4466 0.5397 0.3871 0.3116 0.3739 0.5248 0.3884 0.5831 0.3520 0.2027 0.3656 0.3224 0.0000

--- Sample 4 ---
node_demand:
0.0667
0.0333
0.2667
0.2000
0.2000
0.2000
0.0667
0.2000
0.1667
0.1667
0.1333
0.1000
0.0667
0.2333
0.2667
0.2667
0.3000
0.2000
0.2667
0.2333

dist_matrix:
0.0000 0.5044 0.1619 0.1635 0.5695 0.5388 0.8348 0.4741 0.5948 0.4596 0.4113 0.6258 0.3181 0.4038 0.8024 0.6296 0.4830 0.5120 0.2342 0.3023 0.3418
0.3240 0.0000 0.4543 0.5454 0.5009 0.4842 0.4554 0.5095 0.7032 0.3384 0.4073 0.1287 0.4470 0.3713 0.4069 0.2672 0.4113 0.4113 0.6137 0.5904 0.4052
0.5283 0.4367 0.0000 0.3697 0.5348 0.2905 0.5352 0.2131 0.4210 0.3115 0.7233 0.6701 0.5680 0.2710 0.2813 0.6720 0.6613 0.3307 0.5156 0.3473 0.3840
0.2623 0.2831 0.4529 0.0000 0.2580 0.5501 0.3854 0.5281 0.4832 0.5067 0.2973 0.2060 0.3908 0.3972 0.4412 0.4759 0.4781 0.2990 0.7237 0.2249 0.5420
0.6540 0.4997 0.6487 0.4623 0.0000 0.5713 0.4625 0.2721 0.5354 0.3383 0.6186 0.2213 0.5362 0.2219 0.2107 0.4140 0.2500 0.7437 0.2402 0.1877 0.4047
0.4620 0.5188 0.2822 0.3490 0.4927 0.0000 0.3858 0.3277 0.4830 0.6573 0.6216 0.3599 0.4120 0.4064 0.4153 0.4994 0.5117 0.6799 0.2103 0.5640 0.6816
0.6109 0.6096 0.5373 0.3332 0.4948 0.3899 0.0000 0.4053 0.5949 0.3867 0.3034 0.3347 0.2530 0.7278 0.6092 0.3686 0.4305 0.4339 0.3383 0.3529 0.5662
0.2977 0.3332 0.2297 0.3814 0.1384 0.6869 0.4254 0.0000 0.4287 0.4171 0.4373 0.4659 0.5407 0.7394 0.3333 0.6276 0.2828 0.2047 0.4065 0.3627 0.5982
0.4294 0.6441 0.6755 0.5045 0.4248 0.4695 0.5573 0.4645 0.0000 0.5198 0.4023 0.4338 0.4573 0.4792 0.3030 0.3287 0.3435 0.2783 0.5504 0.4304 0.4483
0.4496 0.3888 0.5469 0.4167 0.3330 0.5819 0.3880 0.5776 0.4914 0.0000 0.6327 0.3531 0.4107 0.3145 0.3033 0.6070 0.6525 0.3731 0.4490 0.3858 0.4535
0.5534 0.4641 0.6694 0.3001 0.3997 0.5108 0.3208 0.5148 0.4404 0.3987 0.0000 0.4751 0.5443 0.6788 0.5509 0.3284 0.7053 0.2926 0.5131 0.4117 0.4495
0.2216 0.1911 0.7288 0.2734 0.4728 0.4457 0.3858 0.3512 0.3570 0.4307 0.3733 0.0000 0.3300 0.4233 0.7395 0.4367 0.5386 0.2609 0.1163 0.4040 0.3087
0.4727 0.4244 0.6284 0.6446 0.5543 0.2992 0.6669 0.5930 0.4770 0.4255 0.4674 0.3217 0.0000 0.6569 0.7772 0.5590 0.4683 0.3919 0.2017 0.3526 0.3741
0.3959 0.3230 0.4306 0.5555 0.5061 0.4487 0.5608 0.3503 0.3749 0.2538 0.5260 0.4582 0.4719 0.0000 0.6162 0.4899 0.3300 0.2966 0.3709 0.2627 0.4602
0.5002 0.7168 0.2450 0.2579 0.4471 0.3539 0.4562 0.4681 0.5041 0.3037 0.5017 0.7632 0.4916 0.2457 0.0000 0.3661 0.4406 0.4434 0.3617 0.3012 0.3342
0.2567 0.2228 0.6446 0.4792 0.5666 0.3337 0.5488 0.6059 0.3432 0.5168 0.5112 0.6235 0.3399 0.3374 0.2589 0.0000 0.3941 0.2369 0.3061 0.3542 0.3719
0.4518 0.4193 0.5257 0.4851 0.2500 0.3223 0.4701 0.2855 0.3052 0.5766 0.7139 0.5147 0.7540 0.3404 0.6992 0.4340 0.0000 0.4491 0.3551 0.2803 0.5444
0.6048 0.3845 0.1871 0.2022 0.6397 0.5845 0.4721 0.2106 0.2690 0.6174 0.2856 0.1839 0.6260 0.1704 0.0686 0.3803 0.5094 0.0000 0.2767 0.2008 0.6309
0.1264 0.6500 0.4648 0.7083 0.1763 0.2023 0.6013 0.3473 0.5569 0.5173 0.5133 0.1368 0.2118 0.4719 0.1550 0.1221 0.5228 0.4075 0.0000 0.2738 0.4571
0.4572 0.2516 0.4045 0.3357 0.1826 0.5619 0.5175 0.4943 0.3164 0.5291 0.3669 0.2077 0.3963 0.1882 0.2258 0.1609 0.2905 0.3009 0.3147 0.0000 0.6221
0.3378 0.5168 0.3883 0.4638 0.3369 0.6089 0.7264 0.4514 0.6324 0.6141 0.4614 0.2887 0.3615 0.5590 0.3370 0.3400 0.3966 0.2188 0.3165 0.3503 0.0000

--- Sample 5 ---
node_demand:
0.0667
0.0333
0.2667
0.2000
0.2000
0.2000
0.0667
0.2000
0.1667
0.1667
0.1333
0.1000
0.0667
0.2333
0.2667
0.2667
0.3000
0.2000
0.2667
0.2333

dist_matrix:
0.0000 0.4529 0.2001 0.2057 0.4626 0.6102 0.8382 0.3121 0.4538 0.3267 0.3560 0.3993 0.3399 0.4864 0.1503 0.5792 0.5299 0.2254 0.1370 0.2424 0.2001
0.2813 0.0000 0.3214 0.4242 0.5155 0.4352 0.6969 0.6860 0.5627 0.3394 0.2155 0.2339 0.3015 0.4016 0.7381 0.5208 0.4343 0.4534 0.5550 0.5056 0.4977
0.4672 0.3840 0.0000 0.4428 0.5482 0.3584 0.4840 0.2983 0.5035 0.5185 0.6944 0.4694 0.5559 0.3467 0.7153 0.2895 0.5123 0.4386 0.4785 0.4560 0.3960
0.2186 0.4420 0.6035 0.0000 0.3307 0.1656 0.4878 0.7617 0.5882 0.7574 0.3098 0.1786 0.6029 0.5835 0.4979 0.4230 0.4709 0.3522 0.3142 0.3706 0.3379
0.3266 0.4085 0.4759 0.3369 0.0000 0.4237 0.4928 0.3423 0.3970 0.5213 0.3838 0.4282 0.2690 0.4453 0.4785 0.6097 0.2500 0.2451 0.3419 0.1536 0.3653
0.4471 0.3668 0.3495 0.3333 0.3957 0.0000 0.5480 0.6604 0.5077 0.6145 0.6578 0.3630 0.4031 0.3417 0.2991 0.3013 0.3995 0.2633 0.1961 0.5099 0.7231
0.8140 0.5472 0.4887 0.3851 0.5019 0.3897 0.0000 0.4565 0.4569 0.3860 0.3129 0.3726 0.6336 0.6583 0.4989 0.3059 0.4629 0.3382 0.5561 0.4749 0.7203
0.3368 0.5515 0.3109 0.6238 0.5970 0.6710 0.4260 0.0000 0.4326 0.2789 0.4095 0.3568 0.3965 0.2736 0.5322 0.6975 0.2919 0.3422 0.3726 0.4283 0.6524
0.4224 0.7018 0.5487 0.6231 0.3499 0.5103 0.5009 0.4556 0.0000 0.4473 0.4302 0.5094 0.5428 0.4928 0.3556 0.4497 0.2850 0.3045 0.3230 0.3243 0.4739
0.6627 0.3744 0.4681 0.5099 0.4265 0.6538 0.3771 0.3142 0.4874 0.0000 0.5275 0.4631 0.4189 0.3827 0.2340 0.4924 0.5671 0.3743 0.5457 0.3979 0.5042
0.5950 0.3869 0.4574 0.2620 0.4644 0.3442 0.3215 0.2647 0.4427 0.3971 0.0000 0.4559 0.4721 0.5891 0.3621 0.3822 0.6186 0.2785 0.3229 0.3447 0.5452
0.2586 0.2436 0.6291 0.2591 0.3390 0.2815 0.3520 0.3981 0.5454 0.4525 0.4675 0.0000 0.3566 0.3739 0.6166 0.6360 0.5366 0.1437 0.1201 0.4297 0.3708
0.2701 0.3507 0.6143 0.4448 0.5525 0.4162 0.4891 0.4110 0.4314 0.4343 0.4835 0.1953 0.0000 0.3067 0.3825 0.3789 0.7249 0.4957 0.2161 0.4736 0.3706
0.3884 0.5548 0.4340 0.6599 0.3122 0.3659 0.7227 0.6542 0.6416 0.4355 0.5017 0.4919 0.7019 0.0000 0.6398 0.5400 0.4230 0.3632 0.2606 0.2573 0.5930
0.4944 0.4369 0.7169 0.3784 0.3446 0.4331 0.5055 0.3295 0.2798 0.2724 0.3456 0.6584 0.6252 0.5953 0.0000 0.2873 0.4549 0.1850 0.2078 0.3851 0.2970
0.2341 0.2295 0.4624 0.4301 0.3892 0.6077 0.3772 0.3997 0.4764 0.5771 0.2763 0.3699 0.4426 0.4537 0.5891 0.0000 0.3579 0.1011 0.1614 0.1421 0.3108
0.4650 0.4748 0.4864 0.4992 0.2500 0.3652 0.2984 0.3160 0.3141 0.7437 0.5602 0.4608 0.5505 0.4170 0.4750 0.5337 0.0000 0.6456 0.4515 0.2816 0.4164
0.5130 0.3128 0.3592 0.2420 0.7920 0.2753 0.2835 0.2368 0.2708 0.4452 0.3760 0.0969 0.5007 0.2502 0.0786 0.5909 0.3490 0.0000 0.3054 0.5033 0.1970
0.1370 0.6634 0.3950 0.5357 0.1223 0.1927 0.5482 0.1990 0.3683 0.3192 0.4497 0.0579 0.1886 0.4231 0.1464 0.3133 0.5028 0.2313 0.0000 0.2340 0.2770
0.2531 0.5391 0.3853 0.2975 0.1957 0.3745 0.2764 0.4327 0.4584 0.4308 0.2378 0.4891 0.2977 0.2401 0.3385 0.3879 0.2953 0.3179 0.1357 0.0000 0.5867
0.1427 0.5912 0.5196 0.6370 0.4154 0.3806 0.7182 0.4164 0.5721 0.5189 0.5068 0.3631 0.3757 0.6372 0.2482 0.4888 0.5703 0.6894 0.2357 0.6052 0.0000
