min_dist:
0.0000 0.3000 0.3700 0.2000 0.1600 0.1200 0.2800 0.2600 0.3400 0.3700 0.3800 0.2800 0.2200 0.3300 0.2300 0.2700 0.2000 0.1800 0.4000 0.3200 0.2600
0.3000 0.0000 0.2200 0.1000 0.1400 0.4000 0.3500 0.3000 0.2700 0.4000 0.4000 0.3200 0.3900 0.4000 0.2600 0.2200 0.2200 0.3400 0.2600 0.4400 0.2900
0.3700 0.2200 0.0000 0.3200 0.3600 0.2500 0.2400 0.3900 0.3300 0.4100 0.4000 0.2400 0.3500 0.2800 0.2700 0.2300 0.4200 0.3400 0.4600 0.4100 0.3000
0.2000 0.1000 0.3200 0.0000 0.0400 0.3000 0.2500 0.2000 0.3700 0.3000 0.3000 0.2200 0.2900 0.3000 0.1600 0.1200 0.1200 0.2400 0.2800 0.3400 0.1900
0.1600 0.1400 0.3600 0.0400 0.0000 0.2600 0.2100 0.1600 0.4100 0.2800 0.2600 0.1800 0.2500 0.2600 0.2000 0.1600 0.0800 0.2000 0.2400 0.3800 0.2300
0.1200 0.4000 0.2500 0.3000 0.2600 0.0000 0.2500 0.1400 0.2200 0.2600 0.2600 0.3800 0.1000 0.3000 0.2900 0.3100 0.3200 0.3000 0.3800 0.2400 0.3200
0.2800 0.3500 0.2400 0.2500 0.2100 0.2500 0.0000 0.2700 0.2100 0.2400 0.2000 0.1300 0.1500 0.0500 0.1000 0.1400 0.2900 0.1000 0.2200 0.2800 0.2100
0.2600 0.3000 0.3900 0.2000 0.1600 0.1400 0.2700 0.0000 0.2600 0.1200 0.2400 0.3000 0.2400 0.2200 0.2600 0.2400 0.2400 0.3600 0.3200 0.3800 0.3100
0.3400 0.2700 0.3300 0.3700 0.4100 0.2200 0.2100 0.2600 0.0000 0.1400 0.2800 0.2400 0.2800 0.1600 0.2800 0.3200 0.3600 0.2800 0.3400 0.4000 0.2800
0.3700 0.4000 0.4100 0.3000 0.2800 0.2600 0.2400 0.1200 0.1400 0.0000 0.1600 0.3700 0.3300 0.2900 0.1400 0.1800 0.3600 0.3400 0.2000 0.4000 0.2300
0.3800 0.4000 0.4000 0.3000 0.2600 0.2600 0.2000 0.2400 0.2800 0.1600 0.0000 0.3300 0.3000 0.2500 0.2800 0.2400 0.3400 0.2200 0.3600 0.3700 0.2400
0.2800 0.3200 0.2400 0.2200 0.1800 0.3800 0.1300 0.3000 0.2400 0.3700 0.3300 0.0000 0.2800 0.0800 0.2300 0.2700 0.2600 0.2300 0.3400 0.2800 0.3400
0.2200 0.3900 0.3500 0.2900 0.2500 0.1000 0.1500 0.2400 0.2800 0.3300 0.3000 0.2800 0.0000 0.2000 0.1900 0.2300 0.2600 0.2500 0.2800 0.3400 0.2200
0.3300 0.4000 0.2800 0.3000 0.2600 0.3000 0.0500 0.2200 0.1600 0.2900 0.2500 0.0800 0.2000 0.0000 0.1500 0.1900 0.3400 0.1500 0.2600 0.3300 0.2600
0.2300 0.2600 0.2700 0.1600 0.2000 0.2900 0.1000 0.2600 0.2800 0.1400 0.2800 0.2300 0.1900 0.1500 0.0000 0.0400 0.2800 0.2000 0.3200 0.2600 0.1100
0.2700 0.2200 0.2300 0.1200 0.1600 0.3100 0.1400 0.2400 0.3200 0.1800 0.2400 0.2700 0.2300 0.1900 0.0400 0.0000 0.2400 0.2400 0.3600 0.2200 0.0700
0.2000 0.2200 0.4200 0.1200 0.0800 0.3200 0.2900 0.2400 0.3600 0.3600 0.3400 0.2600 0.2600 0.3400 0.2800 0.2400 0.0000 0.2800 0.3200 0.4600 0.3100
0.1800 0.3400 0.3400 0.2400 0.2000 0.3000 0.1000 0.3600 0.2800 0.3400 0.2200 0.2300 0.2500 0.1500 0.2000 0.2400 0.2800 0.0000 0.3200 0.1800 0.3100
0.4000 0.2600 0.4600 0.2800 0.2400 0.3800 0.2200 0.3200 0.3400 0.2000 0.3600 0.3400 0.2800 0.2600 0.3200 0.3600 0.3200 0.3200 0.0000 0.2200 0.4300
0.3200 0.4400 0.4100 0.3400 0.3800 0.2400 0.2800 0.3800 0.4000 0.4000 0.3700 0.2800 0.3400 0.3300 0.2600 0.2200 0.4600 0.1800 0.2200 0.0000 0.2900
0.2600 0.2900 0.3000 0.1900 0.2300 0.3200 0.2100 0.3100 0.2800 0.2300 0.2400 0.3400 0.2200 0.2600 0.1100 0.0700 0.3100 0.3100 0.4300 0.2900 0.0000

max_dist:
0.0000 0.7800 0.6800 0.3800 0.4000 0.3200 0.7800 0.4500 0.4600 0.5800 0.7400 0.7400 0.6400 0.5000 0.6400 0.7900 0.2800 0.6200 0.7400 0.3600 0.4700
0.7800 0.0000 0.5000 0.4000 0.7000 0.7400 0.4600 0.8600 0.5800 0.5800 0.7300 0.7200 0.6000 0.8100 0.6300 0.8000 0.6600 0.7800 0.5200 0.7600 0.3400
0.6800 0.5000 0.0000 0.6600 0.4900 0.3600 0.7200 0.6400 0.5000 0.7600 0.4700 0.5700 0.7800 0.5200 0.7000 0.3000 0.5000 0.4600 0.5000 0.4600 0.6000
0.3800 0.4000 0.6600 0.0000 0.6000 0.7000 0.4600 0.6000 0.8400 0.7200 0.7600 0.4800 0.5500 0.8000 0.3400 0.5200 0.6600 0.6000 0.7600 0.7200 0.5200
0.4000 0.7000 0.4900 0.6000 0.0000 0.3700 0.5500 0.2600 0.7600 0.5200 0.6200 0.6200 0.5900 0.4400 0.5400 0.6000 0.4400 0.8000 0.4200 0.6300 0.7600
0.3200 0.7400 0.3600 0.7000 0.3700 0.0000 0.8000 0.3500 0.5800 0.8800 0.5600 0.4200 0.4800 0.4300 0.5600 0.4800 0.6000 0.7900 0.7400 0.2700 0.6800
0.7800 0.4600 0.7200 0.4600 0.5500 0.8000 0.0000 0.5000 0.7000 0.5600 0.4000 0.8600 0.5800 0.4000 0.5200 0.8400 0.8800 0.7800 0.3000 0.6100 0.8000
0.4500 0.8600 0.6400 0.6000 0.2600 0.3500 0.5000 0.0000 0.6600 0.7800 0.3600 0.4200 0.6200 0.7000 0.6900 0.3400 0.7000 0.6000 0.5400 0.6200 0.9000
0.4600 0.5800 0.5000 0.8400 0.7600 0.5800 0.7000 0.6600 0.0000 0.6900 0.3000 0.8500 0.7300 0.3200 0.6100 0.4500 0.5900 0.3500 0.6200 0.6800 0.4800
0.5800 0.5800 0.7600 0.7200 0.5200 0.8800 0.5600 0.7800 0.6900 0.0000 0.4600 0.7400 0.5700 0.4500 0.4600 0.8000 0.7800 0.7200 0.3900 0.7800 0.2400
0.7400 0.7300 0.4700 0.7600 0.6200 0.5600 0.4000 0.3600 0.3000 0.4600 0.0000 0.5500 0.4900 0.5800 0.8900 0.7000 0.5300 0.6500 0.5000 0.3800 0.7000
0.7400 0.7200 0.5700 0.4800 0.6200 0.4200 0.8600 0.4200 0.8500 0.7400 0.5500 0.0000 0.8500 0.6900 0.7300 0.5000 0.8200 0.7500 0.7000 0.6900 0.5200
0.6400 0.6000 0.7800 0.5500 0.5900 0.4800 0.5800 0.6200 0.7300 0.5700 0.4900 0.8500 0.0000 0.8100 0.7500 0.7600 0.5400 0.6000 0.6600 0.7200 0.3300
0.5000 0.8100 0.5200 0.8000 0.4400 0.4300 0.4000 0.7000 0.3200 0.4500 0.5800 0.6900 0.8100 0.0000 0.6200 0.6200 0.7800 0.5200 0.4000 0.5200 0.6500
0.6400 0.6300 0.7000 0.3400 0.5400 0.5600 0.5200 0.6900 0.6100 0.4600 0.8900 0.7300 0.7500 0.6200 0.0000 0.6300 0.3600 0.2600 0.5500 0.5200 0.7000
0.7900 0.8000 0.3000 0.5200 0.6000 0.4800 0.8400 0.3400 0.4500 0.8000 0.7000 0.5000 0.7600 0.6200 0.6300 0.0000 0.5500 0.4000 0.8000 0.5600 0.5600
0.2800 0.6600 0.5000 0.6600 0.4400 0.6000 0.8800 0.7000 0.5900 0.7800 0.5300 0.8200 0.5400 0.7800 0.3600 0.5500 0.0000 0.6200 0.8200 0.6200 0.5400
0.6200 0.7800 0.4600 0.6000 0.8000 0.7900 0.7800 0.6000 0.3500 0.7200 0.6500 0.7500 0.6000 0.5200 0.2600 0.4000 0.6200 0.0000 0.8000 0.5200 0.6000
0.7400 0.5200 0.5000 0.7600 0.4200 0.7400 0.3000 0.5400 0.6200 0.3900 0.5000 0.7000 0.6600 0.4000 0.5500 0.8000 0.8200 0.8000 0.0000 0.4700 0.6100
0.3600 0.7600 0.4600 0.7200 0.6300 0.2700 0.6100 0.6200 0.6800 0.7800 0.3800 0.6900 0.7200 0.5200 0.5200 0.5600 0.6200 0.5200 0.4700 0.0000 0.6600
0.4700 0.3400 0.6000 0.5200 0.7600 0.6800 0.8000 0.9000 0.4800 0.2400 0.7000 0.5200 0.3300 0.6500 0.7000 0.5600 0.5400 0.6000 0.6100 0.6600 0.0000

--- Contains 5 samples ---

--- Sample 1 ---
node_demand:
0.2333
0.1333
0.2000
0.1333
0.1333
0.0667
0.0333
0.0667
0.2333
0.3000
0.3000
0.1333
0.0667
0.0667
0.3000
0.0333
0.0667
0.2000
0.2333
0.1333

dist_matrix:
0.0000 0.3748 0.4942 0.2561 0.1858 0.1691 0.7040 0.3812 0.3934 0.4169 0.5679 0.4356 0.2228 0.4403 0.4539 0.5577 0.2675 0.4729 0.6845 0.3210 0.3207
0.6797 0.0000 0.4846 0.1981 0.6502 0.6783 0.3957 0.3642 0.3183 0.5742 0.5012 0.4293 0.4279 0.5661 0.5521 0.7588 0.2241 0.5785 0.2642 0.6039 0.2952
0.5054 0.2882 0.0000 0.5877 0.4791 0.3131 0.6858 0.5982 0.3703 0.6460 0.4010 0.4239 0.7339 0.4050 0.6440 0.2383 0.4482 0.4336 0.4648 0.4234 0.5979
0.2437 0.1345 0.5452 0.0000 0.4077 0.3302 0.4164 0.3313 0.4463 0.5822 0.6698 0.4729 0.5080 0.5135 0.3200 0.1586 0.5245 0.3286 0.6602 0.4621 0.3691
0.2405 0.1607 0.3907 0.2248 0.0000 0.2907 0.2317 0.1630 0.6725 0.4956 0.5502 0.4143 0.4095 0.3291 0.2099 0.4960 0.2986 0.2393 0.3019 0.5714 0.2462
0.2906 0.6928 0.3503 0.3343 0.2870 0.0000 0.5691 0.2707 0.5749 0.6639 0.4344 0.3873 0.4687 0.3613 0.3919 0.4688 0.3700 0.3677 0.7007 0.2699 0.5342
0.7769 0.4040 0.2609 0.3374 0.3137 0.3431 0.0000 0.4673 0.6002 0.2537 0.2185 0.3589 0.5469 0.1155 0.3855 0.4332 0.5113 0.5281 0.2621 0.4480 0.4867
0.4262 0.4371 0.4944 0.2199 0.1700 0.2835 0.4023 0.0000 0.3457 0.1819 0.2716 0.4085 0.6016 0.4568 0.2722 0.2512 0.4511 0.3958 0.5142 0.5201 0.7240
0.4041 0.4479 0.3667 0.7467 0.7593 0.4650 0.2776 0.4277 0.0000 0.6135 0.2814 0.4239 0.5993 0.2827 0.5906 0.4365 0.3617 0.3097 0.5411 0.4148 0.4580
0.5101 0.5146 0.5951 0.7100 0.3275 0.3560 0.2868 0.2259 0.6215 0.0000 0.3187 0.7098 0.4939 0.3255 0.2451 0.6255 0.4218 0.3606 0.3569 0.7189 0.2313
0.6128 0.4840 0.4536 0.3932 0.5144 0.5282 0.3835 0.3076 0.2813 0.2922 0.0000 0.4042 0.4112 0.5327 0.5558 0.5162 0.3516 0.6477 0.4651 0.3772 0.3873
0.4333 0.3997 0.4188 0.4582 0.4882 0.4200 0.4249 0.3243 0.3336 0.6578 0.4827 0.0000 0.7711 0.5412 0.2921 0.3797 0.7011 0.2302 0.6001 0.6378 0.4788
0.3368 0.5738 0.5410 0.5109 0.5580 0.4305 0.5725 0.5421 0.6419 0.5483 0.4433 0.3216 0.0000 0.3411 0.4309 0.2500 0.4649 0.3370 0.6322 0.4146 0.2799
0.4338 0.4094 0.3268 0.7320 0.3467 0.3492 0.2939 0.3397 0.2629 0.4084 0.3208 0.5607 0.4458 0.0000 0.1602 0.3795 0.5179 0.2206 0.3704 0.5034 0.5529
0.6143 0.4284 0.6569 0.1614 0.4318 0.3550 0.1640 0.4859 0.5150 0.1646 0.7421 0.4745 0.5153 0.3901 0.0000 0.6029 0.3508 0.2195 0.4556 0.3784 0.6685
0.2863 0.7625 0.2934 0.3751 0.2469 0.4566 0.3045 0.3257 0.4337 0.7884 0.5734 0.3860 0.6681 0.3601 0.1006 0.0000 0.2867 0.2893 0.6669 0.4402 0.5043
0.2511 0.6397 0.4756 0.2555 0.1084 0.4672 0.6112 0.5078 0.3840 0.5179 0.4729 0.6520 0.4270 0.3469 0.3148 0.3140 0.0000 0.3245 0.7948 0.5041 0.4491
0.5242 0.4352 0.4285 0.3868 0.6800 0.7693 0.5568 0.4271 0.3221 0.4977 0.4446 0.6734 0.5652 0.5189 0.2388 0.2993 0.3751 0.0000 0.3675 0.3048 0.4255
0.7284 0.3268 0.4984 0.7110 0.2525 0.7216 0.2270 0.3272 0.5663 0.2244 0.4584 0.3719 0.4307 0.3469 0.3619 0.5282 0.3595 0.5233 0.0000 0.2368 0.5622
0.3224 0.7411 0.4496 0.5479 0.5878 0.2649 0.6085 0.4815 0.5896 0.7331 0.3777 0.3796 0.3721 0.5172 0.4108 0.5379 0.5080 0.3995 0.2461 0.0000 0.4976
0.4242 0.2973 0.4892 0.3662 0.5448 0.4497 0.3400 0.7808 0.4071 0.2363 0.5673 0.4132 0.2519 0.3080 0.4008 0.3350 0.4680 0.3745 0.5910 0.4348 0.0000

--- Sample 2 ---
node_demand:
0.2333
0.1333
0.2000
0.1333
0.1333
0.0667
0.0333
0.0667
0.2333
0.3000
0.3000
0.1333
0.0667
0.0667
0.3000
0.0333
0.0667
0.2000
0.2333
0.1333

dist_matrix:
0.0000 0.3790 0.4418 0.3593 0.1929 0.2783 0.5685 0.4410 0.4547 0.5469 0.5535 0.4581 0.5801 0.4244 0.5777 0.3309 0.2773 0.2851 0.6089 0.3327 0.3525
0.3839 0.0000 0.3367 0.2828 0.5648 0.4626 0.4517 0.8397 0.4484 0.5396 0.5554 0.6232 0.5229 0.5725 0.2734 0.4986 0.4708 0.5545 0.5115 0.5406 0.3207
0.5751 0.4375 0.0000 0.5646 0.4290 0.2630 0.4466 0.4360 0.4976 0.7390 0.4592 0.4460 0.4032 0.3789 0.3145 0.2993 0.4562 0.3889 0.4898 0.4218 0.3962
0.2486 0.3975 0.3902 0.0000 0.4752 0.4822 0.4371 0.2282 0.5964 0.6077 0.3105 0.4458 0.3353 0.7741 0.2037 0.3764 0.1782 0.5251 0.5886 0.6669 0.1931
0.2478 0.3321 0.3869 0.4074 0.0000 0.3655 0.5086 0.2331 0.4159 0.2962 0.2611 0.5089 0.2837 0.3152 0.2764 0.2444 0.1219 0.5290 0.3200 0.4726 0.4784
0.2756 0.6870 0.3222 0.5330 0.3148 0.0000 0.4168 0.1613 0.3648 0.4193 0.5505 0.4078 0.2362 0.3741 0.3148 0.3378 0.4534 0.5910 0.5583 0.2699 0.5531
0.5317 0.4187 0.4260 0.4137 0.3005 0.4142 0.0000 0.3069 0.6924 0.2813 0.3149 0.3885 0.2896 0.1284 0.1152 0.2500 0.4387 0.3265 0.2460 0.4781 0.4552
0.3820 0.3906 0.5856 0.3833 0.2389 0.3433 0.2993 0.0000 0.2696 0.6999 0.3572 0.3406 0.2422 0.4984 0.4384 0.2822 0.5125 0.5456 0.4671 0.3853 0.7070
0.4456 0.3378 0.4114 0.8303 0.5386 0.5447 0.4732 0.2941 0.0000 0.5045 0.2867 0.3340 0.4650 0.3124 0.4253 0.3698 0.5261 0.3065 0.4727 0.4782 0.3854
0.3718 0.5584 0.6141 0.5928 0.5095 0.3889 0.4070 0.5884 0.5031 0.0000 0.4524 0.5881 0.5509 0.3401 0.3935 0.5847 0.6521 0.3841 0.2856 0.5417 0.2378
0.4518 0.5585 0.4314 0.3291 0.5650 0.3128 0.3000 0.2865 0.2872 0.2727 0.0000 0.3331 0.3424 0.3798 0.6872 0.3721 0.4598 0.3070 0.4512 0.3754 0.6052
0.3345 0.7067 0.2708 0.3994 0.3645 0.3945 0.3441 0.3648 0.4017 0.5094 0.4713 0.0000 0.3559 0.5769 0.2331 0.3839 0.7467 0.2761 0.4380 0.6582 0.3793
0.6286 0.4664 0.4980 0.3678 0.4046 0.3134 0.2031 0.4974 0.3152 0.4501 0.3159 0.4271 0.0000 0.4527 0.5233 0.6023 0.5370 0.3091 0.4936 0.4328 0.3203
0.4225 0.7044 0.5093 0.3888 0.2949 0.3114 0.1018 0.4224 0.2946 0.3672 0.4901 0.4001 0.3809 0.0000 0.3946 0.3545 0.6133 0.2497 0.2785 0.4698 0.6077
0.5175 0.2917 0.4996 0.2556 0.2892 0.4714 0.3912 0.6024 0.4889 0.3915 0.6329 0.5437 0.7382 0.3290 0.0000 0.5955 0.2934 0.2532 0.4464 0.3025 0.2164
0.5995 0.7081 0.2452 0.4331 0.5045 0.4320 0.6154 0.3219 0.4255 0.6666 0.5251 0.3441 0.4327 0.3926 0.1585 0.0000 0.2820 0.3494 0.7800 0.5289 0.4606
0.2293 0.5169 0.4750 0.5730 0.4081 0.5080 0.4012 0.5679 0.3751 0.5127 0.4285 0.6257 0.4854 0.4843 0.3126 0.5487 0.0000 0.4384 0.5403 0.5573 0.4963
0.2554 0.4531 0.4215 0.4735 0.6351 0.5170 0.7404 0.5738 0.2905 0.5388 0.3918 0.3502 0.3266 0.4436 0.2168 0.3425 0.4735 0.0000 0.6407 0.3730 0.4401
0.6780 0.4895 0.4740 0.7178 0.3906 0.5474 0.2591 0.3756 0.5113 0.2761 0.3621 0.3810 0.4756 0.3934 0.3606 0.5833 0.6053 0.4614 0.0000 0.3017 0.5474
0.3575 0.5222 0.4347 0.5488 0.5262 0.2478 0.6014 0.5253 0.4934 0.4666 0.3790 0.6786 0.6873 0.4254 0.3425 0.2554 0.5928 0.3924 0.4474 0.0000 0.3136
0.3791 0.2989 0.5810 0.3437 0.4446 0.5101 0.4429 0.5697 0.2939 0.2306 0.6550 0.5010 0.3075 0.4823 0.6881 0.5226 0.4601 0.3494 0.5699 0.5971 0.0000

--- Sample 3 ---
node_demand:
0.2333
0.1333
0.2000
0.1333
0.1333
0.0667
0.0333
0.0667
0.2333
0.3000
0.3000
0.1333
0.0667
0.0667
0.3000
0.0333
0.0667
0.2000
0.2333
0.1333

dist_matrix:
0.0000 0.3701 0.4505 0.2502 0.3092 0.2907 0.7057 0.3256 0.3762 0.4070 0.5219 0.6127 0.6395 0.4114 0.3455 0.7616 0.2325 0.2020 0.4288 0.3419 0.4447
0.4408 0.0000 0.2602 0.3145 0.4184 0.4414 0.3599 0.6193 0.3634 0.5540 0.6275 0.5685 0.5968 0.6477 0.2996 0.7650 0.5818 0.3789 0.4390 0.7458 0.3165
0.6365 0.3456 0.0000 0.4143 0.4333 0.3197 0.4295 0.6375 0.3351 0.4998 0.4073 0.3951 0.4717 0.4233 0.3502 0.2937 0.4596 0.3522 0.4746 0.4243 0.4060
0.2288 0.1847 0.6518 0.0000 0.3299 0.4046 0.2615 0.3062 0.3754 0.5730 0.7364 0.4372 0.3295 0.7152 0.1778 0.3606 0.4316 0.3921 0.5028 0.5751 0.3556
0.2398 0.4256 0.4251 0.2120 0.0000 0.3289 0.5230 0.1976 0.5486 0.4035 0.4550 0.4071 0.3624 0.2963 0.3010 0.3280 0.0961 0.7922 0.2537 0.4324 0.5551
0.1348 0.4629 0.2548 0.6005 0.3639 0.0000 0.3509 0.2323 0.3356 0.3620 0.3788 0.4115 0.2049 0.3550 0.5161 0.4120 0.3970 0.6303 0.4965 0.2463 0.3430
0.5554 0.3646 0.5375 0.3327 0.4485 0.4450 0.0000 0.2903 0.3167 0.2722 0.3855 0.3947 0.3315 0.3385 0.4678 0.3631 0.5137 0.1744 0.2865 0.3843 0.2300
0.2664 0.8457 0.4506 0.2352 0.1997 0.3372 0.3697 0.0000 0.4332 0.2353 0.3189 0.3856 0.4278 0.6758 0.2824 0.3214 0.3954 0.3761 0.5116 0.3830 0.7023
0.3646 0.5491 0.3908 0.5249 0.4158 0.3961 0.6192 0.3705 0.0000 0.4269 0.2965 0.7810 0.4149 0.2515 0.5881 0.4040 0.4288 0.2891 0.3859 0.4419 0.4493
0.5034 0.4654 0.7006 0.3028 0.3248 0.3049 0.4240 0.4502 0.5787 0.0000 0.4172 0.4258 0.3941 0.3772 0.4524 0.4329 0.3702 0.3980 0.2798 0.6335 0.2396
0.4408 0.6429 0.4447 0.7398 0.4876 0.3117 0.3215 0.2897 0.2900 0.4590 0.0000 0.4555 0.3892 0.4644 0.6944 0.3895 0.5073 0.3272 0.4690 0.3789 0.5618
0.4034 0.4198 0.3558 0.4138 0.6060 0.3818 0.5783 0.3368 0.8084 0.6216 0.5193 0.0000 0.4183 0.5339 0.2600 0.4654 0.3008 0.5834 0.5634 0.5595 0.4172
0.5877 0.5993 0.6213 0.3895 0.3313 0.1057 0.5708 0.4688 0.3807 0.5536 0.4685 0.3839 0.0000 0.6774 0.2782 0.4238 0.4035 0.3742 0.4032 0.3469 0.3252
0.3363 0.8028 0.3095 0.4048 0.4074 0.4241 0.0551 0.6943 0.2092 0.3852 0.3526 0.1836 0.7399 0.0000 0.3133 0.3962 0.5332 0.5183 0.3723 0.4177 0.2684
0.5881 0.4660 0.5047 0.2867 0.2705 0.4099 0.4307 0.4663 0.4845 0.3914 0.5025 0.6198 0.3925 0.5101 0.0000 0.0627 0.3547 0.2568 0.3240 0.4362 0.4125
0.5503 0.5333 0.2382 0.1517 0.4039 0.4251 0.1672 0.3095 0.4446 0.7183 0.4746 0.4711 0.6352 0.1980 0.2359 0.0000 0.4806 0.2476 0.7583 0.3120 0.3319
0.2462 0.3100 0.4615 0.1305 0.2461 0.4209 0.8536 0.6204 0.4609 0.7613 0.4543 0.6300 0.3704 0.6215 0.3066 0.4184 0.0000 0.3115 0.6547 0.5035 0.4044
0.2308 0.7642 0.4398 0.3562 0.5890 0.5979 0.2683 0.5217 0.2879 0.4899 0.5075 0.6368 0.3615 0.3358 0.2596 0.3026 0.3775 0.0000 0.6058 0.2190 0.4207
0.6783 0.3779 0.4833 0.3288 0.2879 0.4345 0.2354 0.3615 0.4910 0.2864 0.4288 0.4701 0.4119 0.2966 0.4577 0.6549 0.3284 0.5384 0.0000 0.3067 0.5717
0.3253 0.5376 0.4268 0.5148 0.4778 0.2638 0.5850 0.5095 0.6121 0.6734 0.3733 0.3248 0.5265 0.4413 0.3790 0.5352 0.5296 0.3390 0.4511 0.0000 0.6336
0.2978 0.2953 0.3940 0.4289 0.4448 0.5484 0.7911 0.8617 0.3524 0.2343 0.3958 0.4351 0.2966 0.2860 0.3894 0.1370 0.4985 0.5549 0.4451 0.4097 0.0000

--- Sample 4 ---
node_demand:
0.2333
0.1333
0.2000
0.1333
0.1333
0.0667
0.0333
0.0667
0.2333
0.3000
0.3000
0.1333
0.0667
0.0667
0.3000
0.0333
0.0667
0.2000
0.2333
0.1333

dist_matrix:
0.0000 0.5154 0.3826 0.3570 0.2561 0.1516 0.4296 0.2635 0.3479 0.4976 0.4482 0.5861 0.3056 0.3974 0.5963 0.5922 0.2567 0.5337 0.5818 0.3575 0.3228
0.3613 0.0000 0.4669 0.3077 0.4984 0.4918 0.4010 0.3583 0.3215 0.5475 0.5396 0.5746 0.5018 0.6313 0.5220 0.7290 0.3187 0.5702 0.5000 0.4503 0.3019
0.6722 0.4565 0.0000 0.6270 0.3676 0.3375 0.3219 0.5286 0.4819 0.7579 0.4699 0.2677 0.5608 0.4394 0.3156 0.2635 0.4541 0.4502 0.4767 0.4587 0.4268
0.2938 0.3461 0.4955 0.0000 0.5987 0.4653 0.2670 0.4065 0.7008 0.5398 0.4897 0.2486 0.4953 0.7442 0.3283 0.4815 0.3088 0.2977 0.3833 0.4875 0.4790
0.2949 0.6189 0.4538 0.4089 0.0000 0.3030 0.3193 0.2532 0.6853 0.4380 0.6025 0.4335 0.3823 0.2755 0.4076 0.5723 0.2940 0.3302 0.2910 0.4315 0.6844
0.3044 0.4644 0.2787 0.6992 0.3424 0.0000 0.5497 0.2334 0.4172 0.2818 0.4393 0.3896 0.2522 0.4161 0.2923 0.4275 0.4201 0.4120 0.7398 0.2433 0.6184
0.6868 0.4557 0.5069 0.3905 0.4082 0.2980 0.0000 0.4224 0.5986 0.4660 0.2231 0.2424 0.4897 0.1826 0.2916 0.8126 0.3730 0.2479 0.2464 0.3242 0.5603
0.4341 0.7530 0.5022 0.4744 0.2484 0.2513 0.3768 0.0000 0.5379 0.3736 0.3593 0.3303 0.4339 0.6628 0.6306 0.2839 0.5326 0.3793 0.3525 0.5604 0.3845
0.4145 0.4612 0.4853 0.4809 0.5040 0.3907 0.5729 0.5304 0.0000 0.1728 0.2842 0.5421 0.7082 0.2101 0.5223 0.3338 0.3945 0.3067 0.5563 0.6546 0.3124
0.4618 0.5535 0.4993 0.5768 0.4133 0.6713 0.4096 0.2830 0.2499 0.0000 0.2209 0.4599 0.4548 0.4103 0.4552 0.7613 0.7080 0.5796 0.3242 0.5325 0.2350
0.4484 0.4765 0.4187 0.7225 0.5728 0.5066 0.3186 0.2571 0.2969 0.4480 0.0000 0.5214 0.3342 0.3210 0.6787 0.4093 0.4518 0.2935 0.3841 0.3700 0.4966
0.6479 0.6244 0.4735 0.3591 0.3884 0.3812 0.2291 0.3788 0.5400 0.7249 0.5300 0.0000 0.5102 0.1208 0.4045 0.3634 0.4950 0.3949 0.6887 0.3558 0.4015
0.4165 0.5406 0.4824 0.3095 0.4984 0.1814 0.4303 0.2917 0.6066 0.5682 0.4561 0.8175 0.0000 0.7595 0.5697 0.3499 0.4299 0.4307 0.4997 0.5489 0.2268
0.3577 0.7685 0.4381 0.4592 0.2628 0.3677 0.3334 0.6597 0.2445 0.3154 0.2856 0.5323 0.7047 0.0000 0.6043 0.3215 0.4914 0.3778 0.2888 0.4680 0.4656
0.2969 0.5628 0.3035 0.2967 0.4451 0.5593 0.1132 0.6563 0.5846 0.4561 0.7116 0.6921 0.5884 0.3961 0.0000 0.1203 0.2853 0.2300 0.3644 0.2992 0.3154
0.6226 0.6844 0.2900 0.4936 0.3266 0.4335 0.6578 0.3141 0.3381 0.6566 0.2401 0.4058 0.4966 0.3029 0.3677 0.0000 0.3000 0.2582 0.5188 0.3368 0.5271
0.2259 0.4544 0.4593 0.6184 0.2444 0.4432 0.5770 0.3291 0.5833 0.6212 0.3554 0.6176 0.3228 0.6082 0.3539 0.3866 0.0000 0.4126 0.5385 0.4856 0.3365
0.2738 0.7735 0.4134 0.5256 0.2374 0.4059 0.7033 0.3775 0.2941 0.4465 0.3729 0.7234 0.3000 0.2399 0.2413 0.3601 0.4041 0.0000 0.7560 0.2407 0.3490
0.6502 0.2838 0.4608 0.4601 0.3511 0.5282 0.2516 0.3440 0.5965 0.2797 0.4958 0.6140 0.5115 0.3638 0.5240 0.7998 0.7292 0.3561 0.0000 0.4697 0.5737
0.3381 0.7442 0.4563 0.5778 0.4507 0.2492 0.4204 0.5497 0.5163 0.7398 0.3732 0.3334 0.3703 0.3377 0.4271 0.5070 0.5674 0.2880 0.3047 0.0000 0.5021
0.2780 0.3255 0.5282 0.3217 0.4661 0.5503 0.2845 0.5838 0.3702 0.2351 0.5209 0.4992 0.2319 0.3182 0.3485 0.1532 0.4638 0.5980 0.4928 0.6406 0.0000

--- Sample 5 ---
node_demand:
0.2333
0.1333
0.2000
0.1333
0.1333
0.0667
0.0333
0.0667
0.2333
0.3000
0.3000
0.1333
0.0667
0.0667
0.3000
0.0333
0.0667
0.2000
0.2333
0.1333

dist_matrix:
0.0000 0.7234 0.6027 0.3190 0.2622 0.2884 0.5914 0.2707 0.3827 0.3791 0.5866 0.5239 0.2875 0.4473 0.2562 0.5479 0.2074 0.5811 0.7095 0.3527 0.3661
0.5300 0.0000 0.2798 0.2603 0.2309 0.5084 0.4380 0.5901 0.4720 0.5776 0.6017 0.6932 0.5037 0.6327 0.4821 0.7748 0.5248 0.5008 0.2893 0.4795 0.3179
0.5318 0.4661 0.0000 0.5142 0.4663 0.2552 0.4848 0.4346 0.4769 0.5386 0.4620 0.2867 0.6245 0.3646 0.5677 0.2525 0.4832 0.4071 0.4662 0.4576 0.5528
0.3322 0.2690 0.3865 0.0000 0.4545 0.6767 0.2951 0.2591 0.4687 0.4448 0.4925 0.4108 0.5393 0.4991 0.2134 0.1838 0.5173 0.5399 0.5461 0.6748 0.3063
0.2410 0.6890 0.4670 0.5484 0.0000 0.3035 0.2577 0.2162 0.6952 0.4607 0.3556 0.4011 0.4966 0.4127 0.2989 0.2600 0.1717 0.5930 0.3684 0.4472 0.2596
0.3144 0.4344 0.3219 0.5710 0.3030 0.0000 0.4497 0.2381 0.4626 0.7696 0.3784 0.3995 0.3879 0.3366 0.3073 0.4734 0.3489 0.4019 0.6489 0.2563 0.4304
0.4604 0.4525 0.6542 0.2716 0.3983 0.5505 0.0000 0.3187 0.3121 0.4714 0.3943 0.7165 0.2750 0.0907 0.4250 0.4792 0.7369 0.2747 0.2621 0.5998 0.2133
0.3300 0.7333 0.6191 0.3509 0.2128 0.3050 0.4468 0.0000 0.3450 0.6506 0.2843 0.3448 0.5613 0.5124 0.2610 0.2871 0.5649 0.5187 0.4246 0.4957 0.5193
0.4014 0.4051 0.4597 0.6313 0.5274 0.2365 0.6096 0.4127 0.0000 0.5662 0.2817 0.7680 0.5747 0.3037 0.2945 0.3924 0.5817 0.3321 0.5659 0.4982 0.4537
0.4542 0.5416 0.4679 0.5515 0.3899 0.6529 0.4890 0.5339 0.6410 0.0000 0.3460 0.6189 0.4832 0.3402 0.2930 0.3330 0.7667 0.4350 0.2475 0.6250 0.2393
0.7001 0.7019 0.4453 0.4698 0.5711 0.4968 0.3704 0.2730 0.2918 0.4592 0.0000 0.4629 0.4050 0.4742 0.6255 0.6073 0.4974 0.5417 0.4123 0.3757 0.4274
0.7374 0.6392 0.2602 0.4539 0.3263 0.3951 0.3546 0.3653 0.3049 0.7308 0.4669 0.0000 0.5481 0.2142 0.3688 0.4163 0.7177 0.2365 0.4137 0.5677 0.4758
0.3865 0.4057 0.5468 0.5125 0.3002 0.4641 0.3282 0.5149 0.4120 0.4329 0.3369 0.7075 0.0000 0.6871 0.4209 0.3779 0.4582 0.5934 0.5678 0.4781 0.2646
0.3999 0.7415 0.4734 0.3909 0.4346 0.4076 0.3547 0.4510 0.3027 0.3006 0.4840 0.6039 0.6351 0.0000 0.6051 0.5835 0.7083 0.1833 0.3865 0.4276 0.5439
0.3770 0.4862 0.6012 0.1810 0.3873 0.3848 0.3416 0.6143 0.4290 0.3743 0.3550 0.5010 0.3087 0.2527 0.0000 0.5980 0.3401 0.2467 0.4858 0.4133 0.1517
0.7201 0.7983 0.2659 0.1611 0.5916 0.4743 0.2061 0.3157 0.4041 0.5394 0.5697 0.3057 0.3100 0.6174 0.2840 0.0000 0.4991 0.2646 0.4325 0.4922 0.4850
0.2141 0.5772 0.4759 0.6555 0.3852 0.3840 0.4919 0.5429 0.3992 0.6149 0.5245 0.7973 0.4478 0.3553 0.2941 0.2968 0.0000 0.2837 0.4700 0.5407 0.3319
0.2050 0.7042 0.4041 0.5257 0.3515 0.4727 0.7599 0.5645 0.3472 0.4647 0.5457 0.6577 0.5922 0.2607 0.2167 0.2630 0.3842 0.0000 0.4811 0.3275 0.4349
0.6599 0.3613 0.4822 0.3013 0.3880 0.5195 0.2227 0.3513 0.3542 0.2188 0.4085 0.4935 0.4415 0.3757 0.3610 0.7936 0.8149 0.5946 0.0000 0.2760 0.5068
0.3288 0.6634 0.4140 0.5935 0.4702 0.2481 0.5438 0.5207 0.6270 0.5565 0.3721 0.5575 0.4587 0.4327 0.3898 0.5452 0.4908 0.3413 0.2837 0.0000 0.4019
0.3254 0.3281 0.4313 0.5032 0.2457 0.5468 0.7156 0.6986 0.3611 0.2361 0.4449 0.3670 0.2651 0.3549 0.3474 0.3968 0.3310 0.5070 0.4362 0.6056 0.0000
