min_dist:
0.0000 0.2800 0.3600 0.2700 0.1000 0.2300 0.3200 0.3400 0.3200 0.3000 0.2300 0.2700 0.2400 0.2600 0.2400 0.1400 0.2800 0.2600 0.3200 0.2600 0.3600
0.2800 0.0000 0.0800 0.1300 0.3800 0.2000 0.3300 0.3300 0.2900 0.1900 0.3400 0.2100 0.3600 0.2300 0.2600 0.2600 0.2500 0.3000 0.2200 0.3000 0.3000
0.3600 0.0800 0.0000 0.2100 0.3500 0.2800 0.2500 0.3700 0.3300 0.1100 0.3500 0.2500 0.3700 0.1500 0.2600 0.3400 0.2900 0.3700 0.3000 0.3400 0.3800
0.2700 0.1300 0.2100 0.0000 0.2700 0.1400 0.3200 0.2000 0.1600 0.3200 0.3500 0.0800 0.2300 0.3400 0.3900 0.1300 0.1200 0.2000 0.3500 0.3500 0.3000
0.1000 0.3800 0.3500 0.2700 0.0000 0.2600 0.3800 0.2600 0.2200 0.2400 0.2300 0.2200 0.2400 0.2000 0.1400 0.1400 0.1800 0.1600 0.3800 0.1600 0.3400
0.2300 0.2000 0.2800 0.1400 0.2600 0.0000 0.4600 0.3400 0.2300 0.3600 0.4100 0.2200 0.3600 0.3200 0.3200 0.2700 0.2600 0.1000 0.2700 0.4200 0.2800
0.3200 0.3300 0.2500 0.3200 0.3800 0.4600 0.0000 0.1200 0.2400 0.1400 0.3700 0.2400 0.2200 0.1800 0.2800 0.3200 0.2000 0.3600 0.2800 0.3700 0.3800
0.3400 0.3300 0.3700 0.2000 0.2600 0.3400 0.1200 0.0000 0.1200 0.2600 0.3600 0.1200 0.1000 0.2400 0.3500 0.2000 0.0800 0.2400 0.1600 0.3600 0.2600
0.3200 0.2900 0.3300 0.1600 0.2200 0.2300 0.2400 0.1200 0.0000 0.3800 0.2600 0.0800 0.2200 0.3400 0.3500 0.2100 0.0400 0.2000 0.2700 0.3800 0.2200
0.3000 0.1900 0.1100 0.3200 0.2400 0.3600 0.1400 0.2600 0.3800 0.0000 0.2400 0.3000 0.2700 0.0400 0.1500 0.3700 0.3400 0.3700 0.2600 0.2300 0.3400
0.2300 0.3400 0.3500 0.3500 0.2300 0.4100 0.3700 0.3600 0.2600 0.2400 0.0000 0.3200 0.3200 0.2000 0.0900 0.2200 0.2800 0.3100 0.4200 0.3900 0.3800
0.2700 0.2100 0.2500 0.0800 0.2200 0.2200 0.2400 0.1200 0.0800 0.3000 0.3200 0.0000 0.2000 0.2600 0.3400 0.1300 0.0400 0.1200 0.2700 0.3500 0.2200
0.2400 0.3600 0.3700 0.2300 0.2400 0.3600 0.2200 0.1000 0.2200 0.2700 0.3200 0.2000 0.0000 0.2300 0.3400 0.1000 0.1800 0.2800 0.2600 0.3200 0.3600
0.2600 0.2300 0.1500 0.3400 0.2000 0.3200 0.1800 0.2400 0.3400 0.0400 0.2000 0.2600 0.2300 0.0000 0.1100 0.3300 0.3000 0.3300 0.2200 0.2700 0.3000
0.2400 0.2600 0.2600 0.3900 0.1400 0.3200 0.2800 0.3500 0.3500 0.1500 0.0900 0.3400 0.3400 0.1100 0.0000 0.2800 0.3100 0.2200 0.3300 0.3000 0.4100
0.1400 0.2600 0.3400 0.1300 0.1400 0.2700 0.3200 0.2000 0.2100 0.3700 0.2200 0.1300 0.1000 0.3300 0.2800 0.0000 0.1700 0.1800 0.3600 0.2200 0.3500
0.2800 0.2500 0.2900 0.1200 0.1800 0.2600 0.2000 0.0800 0.0400 0.3400 0.2800 0.0400 0.1800 0.3000 0.3100 0.1700 0.0000 0.1600 0.2300 0.3400 0.1800
0.2600 0.3000 0.3700 0.2000 0.1600 0.1000 0.3600 0.2400 0.2000 0.3700 0.3100 0.1200 0.2800 0.3300 0.2200 0.1800 0.1600 0.0000 0.2600 0.3200 0.3400
0.3200 0.2200 0.3000 0.3500 0.3800 0.2700 0.2800 0.1600 0.2700 0.2600 0.4200 0.2700 0.2600 0.2200 0.3300 0.3600 0.2300 0.2600 0.0000 0.3400 0.3600
0.2600 0.3000 0.3400 0.3500 0.1600 0.4200 0.3700 0.3600 0.3800 0.2300 0.3900 0.3500 0.3200 0.2700 0.3000 0.2200 0.3400 0.3200 0.3400 0.0000 0.5000
0.3600 0.3000 0.3800 0.3000 0.3400 0.2800 0.3800 0.2600 0.2200 0.3400 0.3800 0.2200 0.3600 0.3000 0.4100 0.3500 0.1800 0.3400 0.3600 0.5000 0.0000

max_dist:
0.0000 0.6400 0.9200 0.7400 0.3000 0.6000 0.5400 0.7300 0.7200 0.8000 0.5800 0.6800 0.6600 0.5900 0.7800 0.4900 0.5600 0.5300 0.4700 0.7000 0.4800
0.6400 0.0000 0.9000 0.5800 0.6400 0.5600 0.6200 0.6300 0.6400 0.6800 0.6200 0.5200 0.8200 0.7200 0.7400 0.5800 0.6200 0.8400 0.5800 0.6200 0.3400
0.9200 0.9000 0.0000 0.5200 0.7000 0.6600 0.7900 0.6000 0.5800 0.3800 0.6600 0.6600 0.8100 0.7500 0.5000 0.7700 0.7600 0.8200 0.5500 0.8100 0.5800
0.7400 0.5800 0.5200 0.0000 0.7300 0.5000 0.7000 0.6400 0.7400 0.3900 0.6400 0.5600 0.7700 0.6600 0.5600 0.5300 0.7000 0.7000 0.5400 0.7000 0.9200
0.3000 0.6400 0.7000 0.7300 0.0000 0.6000 0.6300 0.8000 0.6200 0.5900 0.6500 0.6200 0.5300 0.3800 0.6600 0.2600 0.2600 0.4600 0.5000 0.4000 0.6500
0.6000 0.5600 0.6600 0.5000 0.6000 0.0000 0.6800 0.6400 0.6400 0.6800 0.8600 0.6000 0.4000 0.6300 0.6400 0.4900 0.6800 0.8000 0.5400 0.5000 0.6700
0.5400 0.6200 0.7900 0.7000 0.6300 0.6800 0.0000 0.1900 0.6200 0.4600 0.5700 0.4700 0.3800 0.4800 0.7400 0.5800 0.7300 0.8800 0.6600 0.5300 0.6200
0.7300 0.6300 0.6000 0.6400 0.8000 0.6400 0.1900 0.0000 0.4800 0.6200 0.7400 0.5200 0.4600 0.5900 0.5600 0.6600 0.6200 0.7200 0.6100 0.4400 0.8100
0.7200 0.6400 0.5800 0.7400 0.6200 0.6400 0.6200 0.4800 0.0000 0.6700 0.2600 0.5200 0.2400 0.7500 0.4800 0.6600 0.4000 0.5800 0.5300 0.6600 0.7700
0.8000 0.6800 0.3800 0.3900 0.5900 0.6800 0.4600 0.6200 0.6700 0.0000 0.6000 0.3600 0.4300 0.7700 0.4200 0.7100 0.5400 0.4400 0.5100 0.4400 0.5500
0.5800 0.6200 0.6600 0.6400 0.6500 0.8600 0.5700 0.7400 0.2600 0.6000 0.0000 0.6000 0.5000 0.7700 0.2200 0.5600 0.3900 0.6400 0.5800 0.4000 0.5100
0.6800 0.5200 0.6600 0.5600 0.6200 0.6000 0.4700 0.5200 0.5200 0.3600 0.6000 0.0000 0.3000 0.5800 0.5500 0.5800 0.6700 0.5600 0.8600 0.7800 0.7200
0.6600 0.8200 0.8100 0.7700 0.5300 0.4000 0.3800 0.4600 0.2400 0.4300 0.5000 0.3000 0.0000 0.5100 0.4900 0.4200 0.6000 0.8200 0.6300 0.6900 0.6400
0.5900 0.7200 0.7500 0.6600 0.3800 0.6300 0.4800 0.5900 0.7500 0.7700 0.7700 0.5800 0.5100 0.0000 0.7000 0.6400 0.5100 0.6000 0.8800 0.5400 0.8600
0.7800 0.7400 0.5000 0.5600 0.6600 0.6400 0.7400 0.5600 0.4800 0.4200 0.2200 0.5500 0.4900 0.7000 0.0000 0.5400 0.4000 0.8100 0.3600 0.5700 0.5800
0.4900 0.5800 0.7700 0.5300 0.2600 0.4900 0.5800 0.6600 0.6600 0.7100 0.5600 0.5800 0.4200 0.6400 0.5400 0.0000 0.5200 0.5400 0.5000 0.2700 0.6600
0.5600 0.6200 0.7600 0.7000 0.2600 0.6800 0.7300 0.6200 0.4000 0.5400 0.3900 0.6700 0.6000 0.5100 0.4000 0.5200 0.0000 0.5200 0.7600 0.6600 0.3900
0.5300 0.8400 0.8200 0.7000 0.4600 0.8000 0.8800 0.7200 0.5800 0.4400 0.6400 0.5600 0.8200 0.6000 0.8100 0.5400 0.5200 0.0000 0.4500 0.4800 0.6800
0.4700 0.5800 0.5500 0.5400 0.5000 0.5400 0.6600 0.6100 0.5300 0.5100 0.5800 0.8600 0.6300 0.8800 0.3600 0.5000 0.7600 0.4500 0.0000 0.3800 0.5400
0.7000 0.6200 0.8100 0.7000 0.4000 0.5000 0.5300 0.4400 0.6600 0.4400 0.4000 0.7800 0.6900 0.5400 0.5700 0.2700 0.6600 0.4800 0.3800 0.0000 0.5800
0.4800 0.3400 0.5800 0.9200 0.6500 0.6700 0.6200 0.8100 0.7700 0.5500 0.5100 0.7200 0.6400 0.8600 0.5800 0.6600 0.3900 0.6800 0.5400 0.5800 0.0000

--- Contains 5 samples ---

--- Sample 1 ---
node_demand:
0.2000
0.2000
0.0667
0.3000
0.0333
0.1000
0.0667
0.2000
0.1000
0.2333
0.3000
0.1667
0.2333
0.3000
0.1667
0.3000
0.0333
0.0333
0.0667
0.0333

dist_matrix:
0.0000 0.3782 0.5568 0.3715 0.1310 0.3047 0.3471 0.4999 0.4124 0.7895 0.2883 0.4087 0.5092 0.5571 0.4185 0.4150 0.3587 0.4260 0.3687 0.3899 0.3970
0.5582 0.0000 0.5843 0.3533 0.4091 0.3586 0.5933 0.5169 0.5067 0.5773 0.4548 0.4510 0.7391 0.2879 0.5031 0.5160 0.3259 0.4427 0.3268 0.5419 0.3088
0.7773 0.7460 0.0000 0.2785 0.4990 0.5527 0.4286 0.4482 0.4822 0.3091 0.6536 0.3404 0.8044 0.6434 0.3247 0.6020 0.4430 0.5358 0.4073 0.7770 0.5462
0.6736 0.3809 0.3414 0.0000 0.4713 0.4007 0.5643 0.3473 0.2401 0.3317 0.3636 0.1294 0.6873 0.4704 0.5430 0.1381 0.5898 0.3350 0.4618 0.5933 0.4862
0.2302 0.6178 0.4476 0.5705 0.0000 0.5461 0.5378 0.7152 0.5982 0.4001 0.5370 0.4381 0.3055 0.2857 0.1588 0.1402 0.1877 0.4355 0.3983 0.3166 0.5060
0.3570 0.3286 0.6448 0.4451 0.2917 0.0000 0.4768 0.4094 0.3110 0.4148 0.8150 0.4918 0.3924 0.4010 0.3436 0.2951 0.4824 0.7160 0.3351 0.4231 0.3078
0.5303 0.3364 0.6307 0.6479 0.3948 0.6396 0.0000 0.1456 0.4804 0.2928 0.4879 0.4177 0.3027 0.3448 0.3889 0.5006 0.3661 0.5501 0.3196 0.4587 0.5758
0.5752 0.3508 0.4080 0.4147 0.6784 0.5605 0.1761 0.0000 0.2582 0.5329 0.6140 0.3609 0.3382 0.5068 0.4922 0.4356 0.5049 0.2885 0.2452 0.4160 0.2622
0.4085 0.4818 0.5333 0.4227 0.2359 0.6332 0.3488 0.3259 0.0000 0.5626 0.2600 0.1787 0.2347 0.5397 0.3625 0.3926 0.1048 0.4087 0.3376 0.5381 0.4149
0.7643 0.4475 0.2588 0.3452 0.3557 0.6543 0.3007 0.4723 0.4562 0.0000 0.4844 0.3213 0.3318 0.1605 0.2220 0.3843 0.4141 0.4211 0.2651 0.2579 0.4933
0.5649 0.5626 0.5235 0.5555 0.3524 0.4571 0.4666 0.6312 0.2600 0.2728 0.0000 0.5689 0.3994 0.4924 0.2080 0.5414 0.2810 0.6182 0.5733 0.3909 0.4691
0.4979 0.4926 0.5381 0.2518 0.3378 0.4229 0.3010 0.3921 0.2716 0.3469 0.4117 0.0000 0.2025 0.5404 0.5407 0.4682 0.3720 0.3736 0.6187 0.7214 0.7049
0.3416 0.8096 0.6929 0.3177 0.4940 0.3857 0.2376 0.2264 0.2287 0.3226 0.3343 0.2957 0.0000 0.3755 0.4084 0.1043 0.4874 0.2899 0.4790 0.4591 0.6349
0.3470 0.4875 0.1895 0.5263 0.2872 0.3736 0.1976 0.3781 0.3799 0.5363 0.7030 0.4415 0.2507 0.0000 0.4720 0.4309 0.3760 0.3326 0.3097 0.3851 0.3490
0.6807 0.6458 0.2999 0.5342 0.4835 0.6235 0.7214 0.3793 0.3744 0.3987 0.2058 0.4849 0.4528 0.5513 0.0000 0.3471 0.3952 0.6241 0.3600 0.5419 0.5360
0.3961 0.3201 0.5090 0.1972 0.2553 0.4867 0.4535 0.2180 0.6465 0.6920 0.2496 0.1621 0.3817 0.5288 0.4183 0.0000 0.4978 0.4425 0.4177 0.2364 0.4102
0.2921 0.5884 0.5682 0.1624 0.2155 0.2707 0.3705 0.3061 0.1500 0.5178 0.3322 0.1897 0.5130 0.4934 0.3976 0.3615 0.0000 0.3970 0.2398 0.5888 0.3608
0.3702 0.4922 0.7319 0.5796 0.1733 0.6935 0.5130 0.3577 0.3624 0.4302 0.5355 0.4938 0.7849 0.3509 0.2966 0.4498 0.2186 0.0000 0.2732 0.4126 0.3694
0.4460 0.3150 0.4246 0.4131 0.3817 0.4264 0.6116 0.1888 0.3187 0.2637 0.4842 0.6540 0.2896 0.8136 0.3431 0.4141 0.4541 0.3321 0.0000 0.3553 0.4918
0.2779 0.3579 0.6859 0.5496 0.2337 0.4973 0.4075 0.3871 0.4616 0.2929 0.3946 0.6207 0.4743 0.3164 0.4058 0.2496 0.5656 0.3386 0.3657 0.0000 0.5551
0.4688 0.3079 0.5348 0.5119 0.4910 0.5580 0.5595 0.7815 0.3133 0.3882 0.4708 0.3560 0.4750 0.5511 0.5624 0.4648 0.1984 0.4353 0.3990 0.5301 0.0000

--- Sample 2 ---
node_demand:
0.2000
0.2000
0.0667
0.3000
0.0333
0.1000
0.0667
0.2000
0.1000
0.2333
0.3000
0.1667
0.2333
0.3000
0.1667
0.3000
0.0333
0.0333
0.0667
0.0333

dist_matrix:
0.0000 0.2863 0.8191 0.4988 0.1188 0.4187 0.4274 0.4131 0.5781 0.7438 0.4535 0.5030 0.5354 0.5554 0.6063 0.4144 0.4267 0.5232 0.3857 0.3722 0.4589
0.6172 0.0000 0.2711 0.2802 0.6005 0.5156 0.4080 0.4877 0.3116 0.2738 0.3548 0.3369 0.5052 0.2345 0.2732 0.4645 0.3799 0.3840 0.5795 0.5780 0.3188
0.6243 0.4537 0.0000 0.2926 0.4773 0.6110 0.6262 0.4506 0.5283 0.3541 0.5998 0.5073 0.7766 0.4843 0.3919 0.4306 0.5520 0.4712 0.4682 0.7191 0.4685
0.5459 0.3696 0.4208 0.0000 0.3615 0.2401 0.5492 0.3448 0.5978 0.3825 0.5622 0.4582 0.6859 0.5257 0.4599 0.3357 0.5118 0.4987 0.4715 0.4517 0.4739
0.2052 0.3960 0.5632 0.4982 0.0000 0.4425 0.6297 0.7407 0.5457 0.4886 0.4147 0.4672 0.4733 0.3074 0.1711 0.2451 0.2110 0.3417 0.4012 0.2164 0.4122
0.4756 0.5184 0.4072 0.4284 0.5703 0.0000 0.6399 0.3682 0.3893 0.5934 0.5065 0.5850 0.3802 0.4353 0.4189 0.4701 0.3694 0.2852 0.4610 0.4337 0.5968
0.4418 0.4300 0.6654 0.5684 0.4975 0.5230 0.0000 0.1290 0.3880 0.4267 0.5348 0.3798 0.3262 0.2368 0.4786 0.4919 0.7103 0.8030 0.6034 0.4177 0.6127
0.4609 0.6013 0.4835 0.4800 0.5465 0.4938 0.1330 0.0000 0.1464 0.3015 0.5874 0.3485 0.1704 0.2538 0.4371 0.5598 0.5466 0.4995 0.2973 0.4341 0.7546
0.3235 0.4904 0.4092 0.3105 0.5631 0.2394 0.2888 0.2315 0.0000 0.6155 0.2600 0.3535 0.2220 0.6906 0.3536 0.3477 0.1582 0.3288 0.3784 0.4955 0.6943
0.6810 0.2539 0.2448 0.3593 0.3558 0.6205 0.4546 0.4710 0.6079 0.0000 0.5128 0.3079 0.3735 0.5638 0.2667 0.6692 0.4133 0.4299 0.4953 0.4394 0.4111
0.3437 0.4033 0.6544 0.6069 0.4319 0.5983 0.3828 0.6382 0.2600 0.3011 0.0000 0.5193 0.3934 0.5240 0.1312 0.3916 0.3333 0.6258 0.4593 0.3946 0.4074
0.5100 0.4553 0.5026 0.2729 0.2975 0.3370 0.4336 0.2330 0.3056 0.3557 0.4048 0.0000 0.2161 0.3829 0.3557 0.3143 0.0423 0.4706 0.5247 0.3682 0.3352
0.3882 0.6975 0.4097 0.2857 0.4611 0.3637 0.2796 0.3274 0.2307 0.2760 0.3570 0.2473 0.0000 0.3446 0.3682 0.1311 0.5974 0.2800 0.3472 0.6894 0.6323
0.4574 0.3395 0.5800 0.6387 0.2793 0.4353 0.4770 0.4322 0.5535 0.1834 0.3798 0.3254 0.3158 0.0000 0.6780 0.3967 0.3056 0.4030 0.5667 0.4438 0.7184
0.6309 0.3615 0.3034 0.5001 0.2976 0.3254 0.5244 0.4554 0.3563 0.3310 0.1051 0.5100 0.3515 0.6316 0.0000 0.3607 0.3780 0.7925 0.3405 0.5231 0.4304
0.1449 0.4679 0.4193 0.3562 0.2544 0.4770 0.3953 0.2600 0.4373 0.5808 0.4140 0.3400 0.1738 0.4440 0.4599 0.0000 0.4456 0.2098 0.4217 0.2279 0.6182
0.3420 0.4823 0.3558 0.2462 0.2419 0.4084 0.5066 0.3576 0.2896 0.4053 0.3304 0.6308 0.3944 0.4804 0.3808 0.2678 0.0000 0.4241 0.6323 0.3720 0.3622
0.3605 0.6830 0.4856 0.5036 0.3086 0.4353 0.8455 0.2948 0.5403 0.4148 0.4281 0.5067 0.7552 0.5252 0.2355 0.2142 0.2372 0.0000 0.3546 0.4247 0.5407
0.4333 0.4683 0.3946 0.3882 0.4192 0.4096 0.4812 0.5835 0.4296 0.4060 0.5633 0.3120 0.3197 0.5123 0.3494 0.3819 0.7385 0.3197 0.0000 0.3730 0.4482
0.3106 0.3611 0.6059 0.4092 0.2315 0.4427 0.4808 0.3700 0.3869 0.3530 0.3902 0.6644 0.5564 0.3347 0.4867 0.2427 0.3694 0.4456 0.3420 0.0000 0.5730
0.4424 0.3269 0.5317 0.8422 0.5891 0.3991 0.4281 0.5819 0.2812 0.3922 0.3929 0.5433 0.6270 0.5401 0.5039 0.4992 0.2738 0.4681 0.4701 0.5328 0.0000

--- Sample 3 ---
node_demand:
0.2000
0.2000
0.0667
0.3000
0.0333
0.1000
0.0667
0.2000
0.1000
0.2333
0.3000
0.1667
0.2333
0.3000
0.1667
0.3000
0.0333
0.0333
0.0667
0.0333

dist_matrix:
0.0000 0.4940 0.7037 0.6982 0.2196 0.3341 0.5299 0.7165 0.6764 0.7544 0.4277 0.4856 0.5314 0.5694 0.2584 0.3850 0.3872 0.4358 0.3642 0.3932 0.4538
0.6388 0.0000 0.4895 0.5604 0.4313 0.2237 0.5170 0.6070 0.4139 0.3342 0.5340 0.4594 0.7150 0.4164 0.5292 0.4254 0.4248 0.8329 0.4897 0.4378 0.3239
0.6030 0.5525 0.0000 0.5108 0.3513 0.5213 0.7422 0.5055 0.3625 0.1492 0.3755 0.3775 0.6979 0.2689 0.3968 0.6780 0.3920 0.5097 0.3875 0.3681 0.4579
0.5276 0.1310 0.2102 0.0000 0.4396 0.4861 0.4416 0.2190 0.3344 0.3317 0.4688 0.4374 0.3100 0.4841 0.4873 0.2371 0.1604 0.2249 0.4788 0.4748 0.7444
0.1593 0.4262 0.4613 0.3145 0.0000 0.2911 0.4021 0.3781 0.2221 0.3465 0.4188 0.5088 0.4739 0.3532 0.3162 0.2196 0.2045 0.3453 0.4682 0.2399 0.4887
0.2430 0.5079 0.3551 0.3534 0.5039 0.0000 0.6462 0.5957 0.3065 0.5826 0.5359 0.3746 0.3999 0.3781 0.5723 0.4840 0.3394 0.1351 0.4973 0.4717 0.4782
0.4402 0.5011 0.7840 0.5178 0.4551 0.5128 0.0000 0.1638 0.5298 0.2279 0.5226 0.4347 0.2516 0.3903 0.4094 0.4129 0.2317 0.8541 0.3226 0.3888 0.5601
0.4593 0.5745 0.4192 0.2235 0.7105 0.5556 0.1781 0.0000 0.4012 0.2825 0.4670 0.3457 0.2560 0.4134 0.4786 0.4967 0.3282 0.6817 0.4093 0.4221 0.2880
0.5558 0.3434 0.5726 0.4362 0.3844 0.2578 0.2739 0.3560 0.0000 0.3974 0.2600 0.3374 0.2215 0.4411 0.3677 0.2597 0.0423 0.3999 0.3245 0.6365 0.6833
0.3506 0.5626 0.3726 0.3416 0.3392 0.4168 0.1784 0.5708 0.5362 0.0000 0.2720 0.3447 0.3382 0.5244 0.3093 0.7031 0.3861 0.4323 0.3563 0.2796 0.3401
0.5189 0.3935 0.5893 0.5199 0.4527 0.7241 0.4182 0.7204 0.2600 0.4943 0.0000 0.3835 0.4522 0.7509 0.2075 0.3653 0.3465 0.4238 0.5668 0.3930 0.4477
0.6566 0.4525 0.5196 0.1638 0.3896 0.5105 0.3026 0.1532 0.1605 0.3151 0.3647 0.0000 0.2990 0.5517 0.4718 0.4185 0.4660 0.3467 0.4761 0.4320 0.4900
0.3595 0.6736 0.4135 0.7095 0.4908 0.3646 0.2872 0.1155 0.2324 0.3790 0.4874 0.2080 0.0000 0.3521 0.3462 0.3481 0.5837 0.6356 0.4214 0.5308 0.3957
0.3053 0.3234 0.4627 0.3632 0.3223 0.3203 0.3522 0.3781 0.4865 0.6155 0.6406 0.4755 0.4827 0.0000 0.5902 0.3402 0.4438 0.4347 0.3091 0.4631 0.8317
0.7086 0.5049 0.4297 0.5515 0.6009 0.5755 0.6600 0.5231 0.4332 0.4163 0.2189 0.3845 0.3773 0.2184 0.0000 0.4081 0.3466 0.4249 0.3549 0.3515 0.4565
0.4392 0.4155 0.6282 0.5233 0.2371 0.3128 0.5250 0.5783 0.4094 0.6342 0.3877 0.4449 0.1760 0.6288 0.4537 0.0000 0.3546 0.4612 0.4221 0.2479 0.5902
0.2895 0.5456 0.3546 0.6441 0.2077 0.5570 0.5589 0.1561 0.1798 0.5146 0.3887 0.3555 0.4883 0.4376 0.3730 0.2549 0.0000 0.4165 0.7567 0.4538 0.2199
0.4013 0.7276 0.5134 0.6884 0.2298 0.2131 0.6462 0.5893 0.2222 0.4285 0.3818 0.4900 0.3862 0.3401 0.4066 0.2535 0.3072 0.0000 0.2824 0.3948 0.4830
0.3251 0.2501 0.3554 0.5328 0.4630 0.2874 0.5248 0.3433 0.5086 0.3838 0.5018 0.7765 0.5831 0.7560 0.3334 0.4758 0.4253 0.4218 0.0000 0.3542 0.4794
0.5934 0.6013 0.5026 0.4069 0.2866 0.4273 0.5038 0.3856 0.6279 0.2757 0.3947 0.6770 0.6763 0.3541 0.5371 0.2546 0.5107 0.3729 0.3506 0.0000 0.5415
0.4096 0.3118 0.5618 0.5221 0.5158 0.4635 0.4592 0.5986 0.6518 0.3498 0.4155 0.3508 0.4544 0.6773 0.4535 0.4857 0.1842 0.6460 0.4934 0.5382 0.0000

--- Sample 4 ---
node_demand:
0.2000
0.2000
0.0667
0.3000
0.0333
0.1000
0.0667
0.2000
0.1000
0.2333
0.3000
0.1667
0.2333
0.3000
0.1667
0.3000
0.0333
0.0333
0.0667
0.0333

dist_matrix:
0.0000 0.5275 0.7799 0.3960 0.1284 0.3403 0.3996 0.6821 0.3324 0.7637 0.5389 0.3088 0.5025 0.4179 0.4724 0.3525 0.5073 0.3074 0.3961 0.6066 0.4657
0.3010 0.0000 0.5913 0.3002 0.3819 0.5052 0.3820 0.3313 0.6382 0.5894 0.4596 0.4539 0.3773 0.5541 0.6872 0.5238 0.3143 0.3342 0.4087 0.4867 0.3388
0.3889 0.7492 0.0000 0.4585 0.4586 0.3089 0.5285 0.4881 0.5530 0.2421 0.4361 0.3887 0.6765 0.5133 0.4780 0.6255 0.6050 0.6782 0.5385 0.3699 0.4335
0.3340 0.1759 0.2185 0.0000 0.3979 0.4578 0.3613 0.3309 0.5640 0.3738 0.5946 0.2004 0.4339 0.6448 0.4874 0.5070 0.4450 0.3722 0.3904 0.4327 0.4010
0.2305 0.4366 0.6600 0.4051 0.0000 0.3047 0.5136 0.4319 0.2257 0.3609 0.3221 0.5482 0.4340 0.3484 0.1780 0.2549 0.1825 0.4501 0.4467 0.2393 0.3582
0.4684 0.4012 0.3229 0.4744 0.4680 0.0000 0.6557 0.6081 0.2309 0.6380 0.4601 0.5246 0.3818 0.3718 0.4201 0.3888 0.3848 0.3918 0.3617 0.4307 0.5986
0.4868 0.5593 0.5018 0.5573 0.5809 0.5769 0.0000 0.1335 0.2632 0.1414 0.5073 0.3084 0.3206 0.2175 0.4777 0.3645 0.6972 0.8390 0.4426 0.4529 0.5617
0.4831 0.4112 0.4381 0.3382 0.6935 0.6346 0.1459 0.0000 0.4402 0.4126 0.4399 0.3670 0.4030 0.5136 0.3814 0.2486 0.1595 0.7124 0.1675 0.3952 0.6278
0.3545 0.5660 0.5353 0.1627 0.4639 0.3536 0.2933 0.2819 0.0000 0.4182 0.2600 0.2299 0.2368 0.4078 0.3515 0.2188 0.3238 0.3088 0.5265 0.6314 0.7054
0.4360 0.3639 0.2125 0.3531 0.3043 0.6490 0.4410 0.3321 0.4113 0.0000 0.4403 0.3322 0.2811 0.1086 0.2772 0.3945 0.4963 0.4153 0.4916 0.3931 0.3960
0.5254 0.5112 0.4872 0.3642 0.2390 0.8167 0.4418 0.5372 0.2600 0.2833 0.0000 0.4328 0.3554 0.6207 0.2085 0.3744 0.3022 0.4959 0.4773 0.3914 0.3864
0.6010 0.3107 0.2951 0.3073 0.6159 0.5607 0.4200 0.1736 0.2200 0.3480 0.5867 0.0000 0.2882 0.5001 0.4462 0.3991 0.3052 0.4210 0.6244 0.7789 0.6677
0.6318 0.8087 0.3933 0.6366 0.3801 0.3668 0.3546 0.1199 0.2247 0.3020 0.4048 0.2213 0.0000 0.4220 0.3717 0.1062 0.3781 0.6794 0.2906 0.3491 0.6323
0.4023 0.7082 0.7056 0.3516 0.2537 0.3792 0.2221 0.2460 0.4971 0.1490 0.3608 0.2776 0.3652 0.0000 0.2638 0.6315 0.5076 0.5600 0.3255 0.3202 0.6955
0.2463 0.3199 0.3457 0.3960 0.6340 0.4366 0.4705 0.5511 0.4373 0.3964 0.1762 0.3586 0.4560 0.4447 0.0000 0.2807 0.3717 0.7777 0.3556 0.3433 0.5078
0.3964 0.2906 0.4182 0.2583 0.1943 0.4079 0.5659 0.3327 0.3014 0.6534 0.3346 0.4935 0.2552 0.3968 0.3610 0.0000 0.2304 0.3350 0.3770 0.2515 0.4609
0.4427 0.5195 0.4799 0.2111 0.2452 0.5311 0.3133 0.3426 0.1149 0.4883 0.3050 0.5225 0.3090 0.4483 0.3693 0.4292 0.0000 0.3829 0.3428 0.6368 0.2932
0.4972 0.6922 0.6668 0.6761 0.4345 0.4049 0.5383 0.3829 0.3637 0.4269 0.3863 0.4008 0.7348 0.3407 0.3877 0.3116 0.3311 0.0000 0.2770 0.4312 0.4887
0.4568 0.5557 0.4160 0.4968 0.4491 0.4639 0.4796 0.5113 0.3488 0.4294 0.5526 0.6333 0.3556 0.4273 0.3354 0.4651 0.4170 0.4408 0.0000 0.3621 0.5038
0.3435 0.3113 0.5462 0.6712 0.3122 0.4402 0.4808 0.4228 0.5013 0.4005 0.3916 0.4910 0.4541 0.2953 0.3195 0.2276 0.5558 0.3583 0.3402 0.0000 0.5071
0.3758 0.3134 0.5471 0.4036 0.5354 0.4267 0.4166 0.3641 0.4757 0.4335 0.3848 0.4679 0.6232 0.5595 0.4128 0.4292 0.3213 0.6087 0.4322 0.5474 0.0000

--- Sample 5 ---
node_demand:
0.2000
0.2000
0.0667
0.3000
0.0333
0.1000
0.0667
0.2000
0.1000
0.2333
0.3000
0.1667
0.2333
0.3000
0.1667
0.3000
0.0333
0.0333
0.0667
0.0333

dist_matrix:
0.0000 0.4182 0.5572 0.6283 0.1646 0.3906 0.3873 0.3811 0.4043 0.3991 0.2397 0.4516 0.5489 0.5364 0.3148 0.2882 0.4891 0.5157 0.3352 0.4350 0.4256
0.5641 0.0000 0.8028 0.3908 0.5226 0.3704 0.3624 0.5074 0.6021 0.3621 0.5730 0.4368 0.6751 0.6451 0.3492 0.3897 0.4536 0.3778 0.5580 0.4422 0.3184
0.5674 0.1247 0.0000 0.3557 0.5294 0.5050 0.4740 0.5284 0.4348 0.3329 0.6096 0.4855 0.4218 0.4648 0.4481 0.5649 0.5816 0.4351 0.5138 0.5203 0.3976
0.3423 0.2000 0.3521 0.0000 0.6075 0.2469 0.5495 0.5619 0.5581 0.3236 0.5198 0.3449 0.5880 0.5632 0.5113 0.2729 0.1722 0.6512 0.4293 0.5263 0.7213
0.1802 0.3859 0.6602 0.6908 0.0000 0.4115 0.4846 0.5800 0.3935 0.4943 0.6185 0.6072 0.2770 0.3691 0.2675 0.1592 0.2365 0.2303 0.3961 0.1990 0.5316
0.3445 0.2578 0.6111 0.3653 0.4261 0.0000 0.5822 0.5785 0.5707 0.5061 0.5119 0.5685 0.3912 0.5071 0.4074 0.3332 0.6795 0.6732 0.4401 0.4698 0.6360
0.3586 0.5716 0.3896 0.6400 0.5042 0.5522 0.0000 0.1631 0.3932 0.1745 0.5473 0.3558 0.2697 0.3648 0.4561 0.4080 0.4764 0.4062 0.5139 0.4584 0.4145
0.4111 0.5684 0.5993 0.2692 0.5063 0.5896 0.1223 0.0000 0.3209 0.5544 0.7054 0.2896 0.1338 0.3223 0.3980 0.2725 0.3156 0.5458 0.2576 0.3846 0.6438
0.3503 0.3770 0.5483 0.1882 0.5899 0.6314 0.3655 0.4373 0.0000 0.4084 0.2600 0.4787 0.2364 0.5005 0.3663 0.4326 0.3049 0.5313 0.4049 0.4079 0.2343
0.7416 0.3899 0.3139 0.3551 0.4832 0.6029 0.1617 0.3952 0.4240 0.0000 0.5593 0.3188 0.3356 0.7574 0.4175 0.4816 0.5197 0.3828 0.3076 0.2491 0.4492
0.5216 0.4699 0.6044 0.3707 0.4451 0.4458 0.5177 0.6924 0.2600 0.2420 0.0000 0.5530 0.4122 0.3010 0.1937 0.4835 0.3433 0.3736 0.5148 0.3933 0.3884
0.5176 0.4171 0.3423 0.4694 0.2904 0.2987 0.3713 0.3080 0.4151 0.3143 0.5183 0.0000 0.2033 0.3907 0.3833 0.5028 0.6042 0.5559 0.5590 0.7473 0.5944
0.6278 0.3914 0.3900 0.5551 0.3801 0.3699 0.3460 0.2604 0.2376 0.2816 0.3711 0.2699 0.0000 0.4720 0.4719 0.1036 0.5816 0.4568 0.3900 0.6490 0.4541
0.2699 0.3195 0.1743 0.5994 0.3126 0.5877 0.2513 0.4312 0.4938 0.6745 0.4263 0.4619 0.3961 0.0000 0.2499 0.4862 0.3456 0.3828 0.7700 0.4083 0.6804
0.5848 0.3183 0.4566 0.5179 0.4933 0.5187 0.6321 0.3895 0.3669 0.1608 0.1563 0.4078 0.4048 0.1492 0.0000 0.5240 0.3735 0.7091 0.3498 0.4518 0.4716
0.2864 0.2972 0.5146 0.2367 0.1513 0.4716 0.3320 0.2269 0.6487 0.6997 0.3165 0.4377 0.1666 0.4328 0.3263 0.0000 0.3912 0.4044 0.4889 0.2319 0.4440
0.2992 0.4872 0.3073 0.4104 0.1978 0.5176 0.6095 0.3516 0.1436 0.3584 0.3053 0.4303 0.4458 0.3623 0.3845 0.4230 0.0000 0.2733 0.5984 0.4121 0.2193
0.3396 0.5768 0.6117 0.2585 0.2772 0.2035 0.6520 0.6410 0.2464 0.3941 0.4436 0.4490 0.6360 0.5245 0.6416 0.3837 0.3280 0.0000 0.4455 0.4341 0.3496
0.3560 0.5141 0.4992 0.4688 0.4972 0.3951 0.5183 0.2724 0.2755 0.3901 0.5669 0.8565 0.4054 0.6943 0.3324 0.3899 0.4215 0.3189 0.0000 0.3564 0.4793
0.6474 0.3557 0.5593 0.6287 0.2044 0.4550 0.5271 0.4152 0.6541 0.4374 0.3944 0.4606 0.5340 0.5223 0.4078 0.2646 0.6103 0.4120 0.3731 0.0000 0.5199
0.3767 0.3230 0.5182 0.6192 0.3702 0.3669 0.4270 0.6502 0.3857 0.4878 0.4409 0.2374 0.3843 0.3667 0.5615 0.4259 0.2845 0.6062 0.4843 0.5383 0.0000
