min_dist:
0.0000 0.2040 0.2980 0.3040 0.3360 0.3100 0.2870 0.1660 0.0960 0.3660 0.2290 0.2250 0.0880 0.1880 0.3050 0.3030 0.3320 0.0760 0.1270 0.1840 0.2060
0.2040 0.0000 0.3580 0.4360 0.3600 0.3620 0.3930 0.1060 0.2220 0.3080 0.2900 0.2040 0.1400 0.1300 0.3540 0.2910 0.3520 0.1280 0.3310 0.2360 0.1940
0.2980 0.3580 0.0000 0.3020 0.0500 0.2450 0.4570 0.3180 0.2020 0.3090 0.3840 0.3000 0.2980 0.2940 0.4220 0.3620 0.4380 0.3100 0.3080 0.2400 0.2940
0.3040 0.4360 0.3020 0.0000 0.3520 0.2440 0.4540 0.3680 0.3930 0.5200 0.5330 0.2540 0.3910 0.3880 0.4220 0.4180 0.2760 0.3800 0.2940 0.3140 0.3210
0.3360 0.3600 0.0500 0.3520 0.0000 0.2950 0.4180 0.2700 0.2420 0.3590 0.3340 0.2500 0.2480 0.2940 0.4310 0.3480 0.4740 0.2600 0.2580 0.1900 0.3290
0.3100 0.3620 0.2450 0.2440 0.2950 0.0000 0.2120 0.3500 0.4060 0.4820 0.3960 0.2160 0.2220 0.3680 0.4220 0.4750 0.3040 0.2340 0.3720 0.2760 0.4110
0.2870 0.3930 0.4570 0.4540 0.4180 0.2120 0.0000 0.2980 0.3660 0.4520 0.3840 0.4280 0.3580 0.2740 0.2290 0.2960 0.3060 0.3460 0.1600 0.3940 0.1990
0.1660 0.1060 0.3180 0.3680 0.2700 0.3500 0.2980 0.0000 0.1160 0.2020 0.3020 0.2410 0.1280 0.0240 0.3690 0.2490 0.2460 0.1400 0.2930 0.2240 0.1520
0.0960 0.2220 0.2020 0.3930 0.2420 0.4060 0.3660 0.1160 0.0000 0.2700 0.3250 0.3210 0.1840 0.0920 0.4010 0.2750 0.2360 0.1720 0.2230 0.2800 0.1780
0.3660 0.3080 0.3090 0.5200 0.3590 0.4820 0.4520 0.2020 0.2700 0.0000 0.3410 0.2660 0.3300 0.1780 0.3980 0.4510 0.4480 0.3420 0.4930 0.3260 0.3540
0.2290 0.2900 0.3840 0.5330 0.3340 0.3960 0.3840 0.3020 0.3250 0.3410 0.0000 0.3110 0.1740 0.3260 0.3910 0.2270 0.2950 0.1620 0.3560 0.2700 0.2860
0.2250 0.2040 0.3000 0.2540 0.2500 0.2160 0.4280 0.2410 0.3210 0.2660 0.3110 0.0000 0.1370 0.2650 0.3260 0.3900 0.3720 0.1490 0.2940 0.0600 0.3930
0.0880 0.1400 0.2980 0.3910 0.2480 0.2220 0.3580 0.1280 0.1840 0.3300 0.1740 0.1370 0.0000 0.1520 0.2410 0.3770 0.3460 0.0120 0.2150 0.0960 0.2800
0.1880 0.1300 0.2940 0.3880 0.2940 0.3680 0.2740 0.0240 0.0920 0.1780 0.3260 0.2650 0.1520 0.0000 0.3930 0.2730 0.2700 0.1640 0.3150 0.2480 0.1760
0.3050 0.3540 0.4220 0.4220 0.4310 0.4220 0.2290 0.3690 0.4010 0.3980 0.3910 0.3260 0.2410 0.3930 0.0000 0.3670 0.4020 0.2290 0.3860 0.3370 0.3560
0.3030 0.2910 0.3620 0.4180 0.3480 0.4750 0.2960 0.2490 0.2750 0.4510 0.2270 0.3900 0.3770 0.2730 0.3670 0.0000 0.3560 0.3790 0.4300 0.4380 0.0970
0.3320 0.3520 0.4380 0.2760 0.4740 0.3040 0.3060 0.2460 0.2360 0.4480 0.2950 0.3720 0.3460 0.2700 0.4020 0.3560 0.0000 0.3340 0.3060 0.3300 0.3980
0.0760 0.1280 0.3100 0.3800 0.2600 0.2340 0.3460 0.1400 0.1720 0.3420 0.1620 0.1490 0.0120 0.1640 0.2290 0.3790 0.3340 0.0000 0.2030 0.1080 0.2820
0.1270 0.3310 0.3080 0.2940 0.2580 0.3720 0.1600 0.2930 0.2230 0.4930 0.3560 0.2940 0.2150 0.3150 0.3860 0.4300 0.3060 0.2030 0.0000 0.2340 0.3330
0.1840 0.2360 0.2400 0.3140 0.1900 0.2760 0.3940 0.2240 0.2800 0.3260 0.2700 0.0600 0.0960 0.2480 0.3370 0.4380 0.3300 0.1080 0.2340 0.0000 0.3760
0.2060 0.1940 0.2940 0.3210 0.3290 0.4110 0.1990 0.1520 0.1780 0.3540 0.2860 0.3930 0.2800 0.1760 0.3560 0.0970 0.3980 0.2820 0.3330 0.3760 0.0000

max_dist:
0.0000 0.7500 0.6230 0.4140 0.5940 0.7380 0.3210 0.4210 0.5810 0.5910 0.2900 0.6070 0.6040 0.6920 0.6980 0.5310 0.6320 0.5170 0.6950 0.7510 0.5770
0.7500 0.0000 0.3600 0.4840 0.4460 0.6310 0.5670 0.3970 0.8260 0.4770 0.6500 0.5060 0.4540 0.2360 0.4000 0.7460 0.6220 0.3180 0.5920 0.6050 0.3690
0.6230 0.3600 0.0000 0.4820 0.2500 0.2770 0.7980 0.6720 0.6580 0.6400 0.4640 0.8500 0.7880 0.4880 0.4280 0.4580 0.6920 0.5290 0.6100 0.7880 0.6430
0.4140 0.4840 0.4820 0.0000 0.4640 0.7590 0.6690 0.8350 0.6270 0.6920 0.7040 0.3960 0.5440 0.6700 0.8180 0.6840 0.5610 0.6460 0.6670 0.5400 0.7680
0.5940 0.4460 0.2500 0.4640 0.0000 0.5270 0.7160 0.5180 0.5140 0.7000 0.6600 0.6820 0.6450 0.6820 0.5480 0.7030 0.6050 0.4020 0.3640 0.5380 0.3930
0.7380 0.6310 0.2770 0.7590 0.5270 0.0000 0.5910 0.6710 0.5580 0.5680 0.5900 0.7040 0.5790 0.6360 0.5450 0.5090 0.5600 0.6420 0.4890 0.7740 0.6280
0.3210 0.5670 0.7980 0.6690 0.7160 0.5910 0.0000 0.7420 0.5900 0.7560 0.5700 0.4720 0.6520 0.3800 0.4600 0.5080 0.4520 0.6490 0.9100 0.5240 0.3230
0.4210 0.3970 0.6720 0.8350 0.5180 0.6710 0.7420 0.0000 0.5880 0.7380 0.7110 0.5440 0.3200 0.6330 0.7240 0.5140 0.4010 0.7140 0.6650 0.4000 0.7660
0.5810 0.8260 0.6580 0.6270 0.5140 0.5580 0.5900 0.5880 0.0000 0.4660 0.5630 0.6630 0.6670 0.6600 0.7020 0.7940 0.5180 0.6000 0.5030 0.8070 0.6480
0.5910 0.4770 0.6400 0.6920 0.7000 0.5680 0.7560 0.7380 0.4660 0.0000 0.7240 0.2960 0.7440 0.6070 0.5920 0.7420 0.8070 0.7580 0.8020 0.4400 0.6990
0.2900 0.6500 0.4640 0.7040 0.6600 0.5900 0.5700 0.7110 0.5630 0.7240 0.0000 0.6400 0.8940 0.7740 0.8420 0.6780 0.4780 0.3320 0.5770 0.6020 0.3980
0.6070 0.5060 0.8500 0.3960 0.6820 0.7040 0.4720 0.5440 0.6630 0.2960 0.6400 0.0000 0.4480 0.7420 0.4220 0.6210 0.5850 0.5770 0.5060 0.1440 0.6320
0.6040 0.4540 0.7880 0.5440 0.6450 0.5790 0.6520 0.3200 0.6670 0.7440 0.8940 0.4480 0.0000 0.6900 0.7690 0.8340 0.6990 0.5920 0.6080 0.5920 0.8230
0.6920 0.2360 0.4880 0.6700 0.6820 0.6360 0.3800 0.6330 0.6600 0.6070 0.7740 0.7420 0.6900 0.0000 0.6360 0.5100 0.5620 0.5380 0.6190 0.8410 0.5280
0.6980 0.4000 0.4280 0.8180 0.5480 0.5450 0.4600 0.7240 0.7020 0.5920 0.8420 0.4220 0.7690 0.6360 0.0000 0.5820 0.5850 0.5800 0.6120 0.5610 0.4440
0.5310 0.7460 0.4580 0.6840 0.7030 0.5090 0.5080 0.5140 0.7940 0.7420 0.6780 0.6210 0.8340 0.5100 0.5820 0.0000 0.7440 0.6190 0.8460 0.4770 0.4810
0.6320 0.6220 0.6920 0.5610 0.6050 0.5600 0.4520 0.4010 0.5180 0.8070 0.4780 0.5850 0.6990 0.5620 0.5850 0.7440 0.0000 0.3340 0.4900 0.4410 0.6070
0.5170 0.3180 0.5290 0.6460 0.4020 0.6420 0.6490 0.7140 0.6000 0.7580 0.3320 0.5770 0.5920 0.5380 0.5800 0.6190 0.3340 0.0000 0.7070 0.5680 0.6870
0.6950 0.5920 0.6100 0.6670 0.3640 0.4890 0.9100 0.6650 0.5030 0.8020 0.5770 0.5060 0.6080 0.6190 0.6120 0.8460 0.4900 0.7070 0.0000 0.6500 0.7570
0.7510 0.6050 0.7880 0.5400 0.5380 0.7740 0.5240 0.4000 0.8070 0.4400 0.6020 0.1440 0.5920 0.8410 0.5610 0.4770 0.4410 0.5680 0.6500 0.0000 0.6190
0.5770 0.3690 0.6430 0.7680 0.3930 0.6280 0.3230 0.7660 0.6480 0.6990 0.3980 0.6320 0.8230 0.5280 0.4440 0.4810 0.6070 0.6870 0.7570 0.6190 0.0000

--- Contains 5 samples ---

--- Sample 1 ---
node_demand:
0.3000
0.0667
0.2000
0.3000
0.0667
0.0333
0.0667
0.0667
0.1333
0.0667
0.0333
0.1333
0.2333
0.2667
0.0667
0.0667
0.2667
0.1667
0.2000
0.3000

dist_matrix:
0.0000 0.4912 0.4216 0.3381 0.4541 0.5266 0.3123 0.2606 0.2564 0.4080 0.2491 0.4043 0.0881 0.6650 0.5181 0.5126 0.6160 0.2076 0.4325 0.1955 0.5166
0.5203 0.0000 0.3581 0.4746 0.3725 0.5509 0.5586 0.1073 0.6415 0.3357 0.3045 0.4393 0.4107 0.1761 0.3997 0.4159 0.3628 0.2070 0.5542 0.5312 0.3166
0.4092 0.3585 0.0000 0.3733 0.1143 0.2711 0.5123 0.4267 0.5501 0.4629 0.3849 0.8411 0.5962 0.4680 0.4246 0.4469 0.4864 0.5167 0.4906 0.2946 0.3646
0.3314 0.4381 0.3513 0.0000 0.3780 0.5238 0.5013 0.6470 0.5259 0.6828 0.6212 0.2796 0.5363 0.4772 0.4661 0.6758 0.3834 0.5325 0.4556 0.3577 0.7555
0.4845 0.4435 0.2332 0.4543 0.0000 0.3162 0.7155 0.3873 0.4493 0.3984 0.6139 0.4336 0.5308 0.3494 0.4962 0.5836 0.5213 0.3304 0.3232 0.2395 0.3907
0.6304 0.5730 0.2651 0.3653 0.3090 0.0000 0.4565 0.6486 0.4719 0.5303 0.5107 0.5864 0.3545 0.5975 0.4655 0.4959 0.3543 0.6283 0.4686 0.3550 0.5737
0.3090 0.4451 0.7588 0.6313 0.5335 0.2223 0.0000 0.7056 0.5762 0.6080 0.3989 0.4560 0.4425 0.3110 0.4054 0.3585 0.3365 0.3680 0.6192 0.4093 0.2991
0.3054 0.2597 0.5458 0.7108 0.3924 0.6278 0.4648 0.0000 0.3382 0.6382 0.4697 0.3196 0.2822 0.3614 0.4622 0.4614 0.3969 0.4792 0.5364 0.2788 0.2205
0.4482 0.7738 0.2859 0.5023 0.3554 0.5278 0.5868 0.3852 0.0000 0.3211 0.3419 0.5336 0.2671 0.4586 0.6039 0.7400 0.2833 0.1760 0.5017 0.7158 0.3719
0.5668 0.4710 0.3860 0.5611 0.3951 0.5390 0.5291 0.2496 0.3532 0.0000 0.5148 0.2847 0.4337 0.3327 0.5160 0.6390 0.7642 0.4924 0.5468 0.3468 0.6105
0.2311 0.3272 0.4558 0.7040 0.4488 0.4956 0.4807 0.5717 0.4624 0.6810 0.0000 0.5025 0.4283 0.4647 0.7178 0.5480 0.3656 0.1897 0.5196 0.5666 0.2864
0.4662 0.4240 0.4784 0.2755 0.4971 0.4304 0.4355 0.3401 0.3934 0.2777 0.6058 0.0000 0.3932 0.6857 0.3577 0.4042 0.4368 0.2524 0.4101 0.1434 0.6132
0.5158 0.3028 0.4385 0.4476 0.2521 0.4793 0.5528 0.1755 0.2572 0.3770 0.4418 0.4381 0.0000 0.6038 0.6581 0.7698 0.6429 0.4096 0.3173 0.4605 0.5640
0.3910 0.1426 0.3131 0.6683 0.4260 0.6044 0.3099 0.0360 0.3093 0.2601 0.5773 0.3928 0.1869 0.0000 0.6269 0.3188 0.2929 0.3374 0.4783 0.3236 0.3375
0.3075 0.3810 0.4228 0.6009 0.4796 0.5081 0.4015 0.7121 0.5565 0.4431 0.6556 0.3555 0.6408 0.4972 0.0000 0.5459 0.4944 0.3139 0.4118 0.3952 0.4438
0.3982 0.6558 0.4331 0.5898 0.6114 0.4867 0.5054 0.4095 0.6680 0.5412 0.4489 0.5366 0.6631 0.4786 0.4093 0.0000 0.4800 0.4595 0.7549 0.4433 0.2241
0.3358 0.5649 0.5241 0.3864 0.4972 0.3998 0.3978 0.2620 0.3188 0.7885 0.4664 0.4774 0.4211 0.5058 0.4733 0.7381 0.0000 0.3340 0.4861 0.3684 0.5400
0.1578 0.2948 0.3213 0.4826 0.2654 0.4146 0.5111 0.6492 0.5931 0.5536 0.3111 0.5739 0.3454 0.4025 0.3914 0.4736 0.3340 0.0000 0.6997 0.2322 0.5714
0.6690 0.3583 0.3518 0.4953 0.2866 0.3830 0.3709 0.6499 0.3234 0.5566 0.3930 0.4655 0.3715 0.3602 0.5009 0.5077 0.3629 0.2683 0.0000 0.6414 0.5415
0.2626 0.4723 0.6940 0.4904 0.2671 0.6201 0.4170 0.2749 0.3551 0.3264 0.3790 0.0986 0.4619 0.2569 0.4848 0.4757 0.3899 0.4633 0.4871 0.0000 0.3870
0.2759 0.2662 0.4477 0.5962 0.3575 0.4964 0.2299 0.6525 0.3908 0.6391 0.3396 0.4936 0.4598 0.3325 0.3603 0.3175 0.4583 0.4813 0.6570 0.4079 0.0000

--- Sample 2 ---
node_demand:
0.3000
0.0667
0.2000
0.3000
0.0667
0.0333
0.0667
0.0667
0.1333
0.0667
0.0333
0.1333
0.2333
0.2667
0.0667
0.0667
0.2667
0.1667
0.2000
0.3000

dist_matrix:
0.0000 0.7473 0.5367 0.4087 0.3938 0.4130 0.2924 0.3726 0.2820 0.3742 0.2485 0.5101 0.2206 0.5877 0.4999 0.5102 0.5896 0.4549 0.2049 0.3717 0.5321
0.4014 0.0000 0.3584 0.4717 0.3796 0.5773 0.5098 0.1068 0.6481 0.4078 0.4926 0.2301 0.3178 0.1343 0.3586 0.3694 0.5432 0.2233 0.4429 0.3619 0.3131
0.4511 0.3581 0.0000 0.3877 0.1291 0.2545 0.5367 0.6090 0.6430 0.3214 0.3841 0.7621 0.5043 0.3528 0.4267 0.3793 0.5872 0.4915 0.4326 0.5934 0.6214
0.3713 0.4683 0.4032 0.0000 0.3936 0.5862 0.6228 0.5225 0.4402 0.5217 0.5806 0.3538 0.4081 0.4956 0.6036 0.6023 0.3942 0.5681 0.3502 0.4635 0.7098
0.3973 0.4434 0.0526 0.3699 0.0000 0.3054 0.6271 0.3534 0.4737 0.6580 0.6262 0.2964 0.4511 0.5636 0.5458 0.5983 0.5459 0.3830 0.2962 0.1972 0.3356
0.5236 0.3696 0.2625 0.3879 0.4186 0.0000 0.3332 0.5298 0.4195 0.5387 0.4237 0.3210 0.2537 0.4919 0.5270 0.4883 0.4636 0.4567 0.4667 0.5979 0.5950
0.2951 0.4758 0.7605 0.4699 0.6383 0.4501 0.0000 0.6934 0.4879 0.5184 0.5399 0.4286 0.5180 0.2893 0.2638 0.4335 0.3561 0.4868 0.4004 0.4961 0.2476
0.2534 0.2358 0.5500 0.4355 0.4756 0.5620 0.7169 0.0000 0.2955 0.6952 0.6461 0.4403 0.3075 0.6060 0.5244 0.2523 0.3803 0.3131 0.4865 0.3626 0.4855
0.1685 0.6670 0.2712 0.5740 0.4938 0.4650 0.5246 0.2430 0.0000 0.4569 0.5174 0.3309 0.4099 0.6192 0.6514 0.6774 0.3798 0.4116 0.2867 0.6775 0.1940
0.4623 0.4464 0.5409 0.6253 0.5197 0.5083 0.6502 0.6622 0.3814 0.0000 0.5328 0.2744 0.5631 0.4988 0.5500 0.7236 0.7528 0.5876 0.6831 0.4296 0.4037
0.2313 0.5591 0.4549 0.6132 0.5499 0.4732 0.4755 0.6103 0.5022 0.4281 0.0000 0.4864 0.7055 0.4241 0.5977 0.4428 0.3288 0.1622 0.3601 0.3114 0.3154
0.2319 0.5017 0.3135 0.3522 0.3809 0.3184 0.4628 0.2981 0.5878 0.2922 0.6256 0.0000 0.1603 0.2773 0.4182 0.4616 0.4127 0.1791 0.3426 0.0911 0.5526
0.1370 0.4493 0.5631 0.4999 0.5325 0.3947 0.5440 0.2179 0.5830 0.5418 0.5428 0.3861 0.0000 0.2591 0.4522 0.6870 0.5120 0.1880 0.5643 0.5205 0.5793
0.4718 0.2007 0.4284 0.6004 0.4889 0.6200 0.3510 0.4405 0.6021 0.4191 0.7735 0.6538 0.1567 0.0000 0.6239 0.3133 0.5479 0.1789 0.3512 0.3442 0.4559
0.3187 0.3898 0.4273 0.8060 0.4356 0.5367 0.4263 0.4549 0.4280 0.4271 0.7483 0.4100 0.3022 0.4558 0.0000 0.4395 0.4612 0.5176 0.5896 0.3391 0.3591
0.4589 0.6163 0.3659 0.4632 0.3773 0.4808 0.4073 0.4530 0.5550 0.5711 0.4937 0.6051 0.7271 0.4036 0.5710 0.0000 0.3864 0.4023 0.4732 0.4491 0.2322
0.5662 0.5588 0.6191 0.5456 0.5394 0.3799 0.3208 0.3971 0.4962 0.7850 0.4742 0.5000 0.4486 0.2971 0.4655 0.6585 0.0000 0.3340 0.3216 0.4050 0.4801
0.2338 0.2596 0.4717 0.5695 0.2932 0.3884 0.4223 0.3712 0.5839 0.6659 0.2868 0.2834 0.2845 0.2242 0.5135 0.5992 0.3340 0.0000 0.2958 0.5598 0.5726
0.4409 0.4035 0.5037 0.6036 0.3608 0.4730 0.8261 0.4059 0.3850 0.7169 0.3923 0.4537 0.6012 0.5121 0.4959 0.8430 0.4616 0.6684 0.0000 0.2948 0.4324
0.2856 0.5468 0.3489 0.5342 0.4355 0.3281 0.4276 0.2252 0.4094 0.4067 0.4518 0.0820 0.4599 0.6604 0.5409 0.4622 0.3453 0.1944 0.4245 0.0000 0.5681
0.4757 0.3616 0.5971 0.3739 0.3473 0.5539 0.2910 0.3124 0.3901 0.5523 0.3547 0.4251 0.6006 0.3437 0.4063 0.1213 0.4623 0.3064 0.4104 0.5411 0.0000

--- Sample 3 ---
node_demand:
0.3000
0.0667
0.2000
0.3000
0.0667
0.0333
0.0667
0.0667
0.1333
0.0667
0.0333
0.1333
0.2333
0.2667
0.0667
0.0667
0.2667
0.1667
0.2000
0.3000

dist_matrix:
0.0000 0.5708 0.4411 0.3955 0.5064 0.3359 0.2945 0.2436 0.3434 0.3947 0.2452 0.6053 0.5681 0.2197 0.6917 0.4374 0.4331 0.3131 0.2787 0.5971 0.2085
0.2086 0.0000 0.3597 0.4804 0.3967 0.6011 0.5168 0.2248 0.2811 0.3971 0.5347 0.2104 0.4239 0.1981 0.3674 0.6385 0.5987 0.2546 0.3888 0.5950 0.3451
0.3283 0.3594 0.0000 0.4633 0.1401 0.2542 0.6982 0.5823 0.2383 0.5566 0.4314 0.6562 0.6057 0.4687 0.4259 0.4417 0.4466 0.3878 0.3431 0.2952 0.3946
0.3369 0.4424 0.4336 0.0000 0.3657 0.4063 0.5782 0.8096 0.4153 0.5828 0.7007 0.2989 0.4127 0.4720 0.5795 0.4294 0.4753 0.5284 0.6009 0.4284 0.3796
0.5107 0.4012 0.1585 0.4550 0.0000 0.3100 0.4302 0.4521 0.4370 0.6795 0.5762 0.6086 0.3652 0.4745 0.5123 0.5025 0.5751 0.3445 0.2948 0.3620 0.3795
0.4413 0.3675 0.2488 0.2525 0.4434 0.0000 0.3120 0.4473 0.5000 0.4917 0.4685 0.6906 0.5510 0.6125 0.4823 0.4771 0.3307 0.5263 0.4064 0.3087 0.4213
0.3170 0.5523 0.7094 0.5658 0.4510 0.2526 0.0000 0.3423 0.3675 0.4979 0.4193 0.4321 0.3998 0.3432 0.4505 0.3946 0.4450 0.6166 0.2361 0.4479 0.2958
0.3168 0.3655 0.4911 0.3842 0.4290 0.6043 0.5927 0.0000 0.2639 0.6498 0.3451 0.2483 0.1282 0.1328 0.5699 0.3100 0.3715 0.4450 0.3354 0.3654 0.1663
0.3799 0.2760 0.2952 0.4348 0.4037 0.5492 0.4930 0.2034 0.0000 0.3133 0.4132 0.4913 0.3404 0.2504 0.5758 0.4110 0.5166 0.5190 0.3154 0.4758 0.4396
0.4720 0.3364 0.3299 0.6714 0.5457 0.5264 0.6151 0.4447 0.3842 0.0000 0.5513 0.2900 0.4136 0.3847 0.4519 0.4702 0.5544 0.5698 0.7685 0.3618 0.5274
0.2474 0.3575 0.3852 0.5682 0.3950 0.4151 0.5629 0.4368 0.5454 0.6094 0.0000 0.5073 0.8365 0.5116 0.6748 0.3900 0.3448 0.2441 0.3824 0.3797 0.3355
0.5290 0.3449 0.5099 0.3025 0.5293 0.2565 0.4393 0.4769 0.3604 0.2930 0.5725 0.0000 0.2923 0.4551 0.3828 0.4596 0.5088 0.4503 0.3598 0.1333 0.5192
0.2623 0.3788 0.5518 0.4450 0.4113 0.5653 0.6511 0.2926 0.6266 0.4065 0.5724 0.1619 0.0000 0.4465 0.6293 0.5480 0.5689 0.1964 0.4965 0.2695 0.3483
0.5435 0.1685 0.3146 0.4651 0.3572 0.5845 0.2752 0.1450 0.3408 0.5768 0.6672 0.3472 0.2760 0.0000 0.4152 0.2815 0.3087 0.5111 0.5466 0.7689 0.4822
0.3101 0.3665 0.4225 0.5810 0.5096 0.5343 0.2431 0.4299 0.6926 0.4188 0.5606 0.3278 0.6901 0.4349 0.0000 0.4325 0.4037 0.5499 0.4143 0.4570 0.4306
0.3953 0.5375 0.3899 0.6107 0.5391 0.4857 0.4332 0.4944 0.5788 0.4758 0.3115 0.5669 0.6324 0.4188 0.4043 0.0000 0.3589 0.5554 0.6691 0.4537 0.3731
0.3748 0.5071 0.5751 0.5608 0.5737 0.3809 0.4208 0.3849 0.4230 0.6626 0.4205 0.5503 0.6744 0.2945 0.4760 0.3624 0.0000 0.3340 0.4152 0.3429 0.5647
0.4441 0.3146 0.4525 0.4184 0.3556 0.5656 0.5436 0.5102 0.3435 0.6930 0.3288 0.2264 0.1582 0.4184 0.4295 0.4989 0.3340 0.0000 0.2488 0.2149 0.3681
0.3336 0.5095 0.4545 0.3617 0.2873 0.4697 0.8218 0.3235 0.2676 0.7577 0.5318 0.3306 0.5486 0.5003 0.5119 0.4645 0.3125 0.5743 0.0000 0.4906 0.3420
0.4007 0.2780 0.6843 0.3321 0.2797 0.3523 0.4949 0.3655 0.5573 0.3749 0.5429 0.0728 0.2442 0.7517 0.4634 0.4525 0.3669 0.2515 0.5447 0.0000 0.6137
0.5288 0.3127 0.5410 0.7544 0.3814 0.4898 0.3000 0.2660 0.2735 0.3763 0.3452 0.5490 0.4251 0.2693 0.4264 0.4469 0.5833 0.3924 0.6972 0.5235 0.0000

--- Sample 4 ---
node_demand:
0.3000
0.0667
0.2000
0.3000
0.0667
0.0333
0.0667
0.0667
0.1333
0.0667
0.0333
0.1333
0.2333
0.2667
0.0667
0.0667
0.2667
0.1667
0.2000
0.3000

dist_matrix:
0.0000 0.5478 0.4923 0.3978 0.4401 0.6071 0.2893 0.3026 0.2217 0.4080 0.2347 0.2969 0.5390 0.5581 0.4790 0.4102 0.3401 0.2379 0.3401 0.6258 0.2866
0.3985 0.0000 0.3593 0.4789 0.4242 0.6280 0.5054 0.1443 0.4175 0.3692 0.4178 0.4167 0.4308 0.2074 0.3918 0.7406 0.3997 0.3085 0.4851 0.3015 0.1999
0.5326 0.3598 0.0000 0.4420 0.1649 0.2613 0.7880 0.3632 0.3363 0.3157 0.3983 0.3059 0.5104 0.2962 0.4251 0.4041 0.4413 0.4673 0.3294 0.5929 0.3324
0.3354 0.4549 0.4236 0.0000 0.3814 0.7121 0.5960 0.5430 0.4306 0.5882 0.6644 0.3749 0.3958 0.4928 0.4363 0.5840 0.4898 0.5953 0.4413 0.3849 0.5034
0.5018 0.4136 0.2285 0.4357 0.0000 0.4661 0.5865 0.2757 0.4223 0.4909 0.3574 0.5766 0.2979 0.3650 0.5159 0.4398 0.4995 0.3658 0.3151 0.4563 0.3830
0.5495 0.4717 0.2628 0.5840 0.5014 0.0000 0.3191 0.5975 0.5059 0.5572 0.5254 0.5040 0.5466 0.4626 0.4254 0.4885 0.4009 0.2988 0.3722 0.3335 0.5895
0.2969 0.5131 0.5782 0.6330 0.4563 0.2823 0.0000 0.7210 0.4258 0.4920 0.5087 0.4465 0.3779 0.3231 0.3294 0.3454 0.3602 0.5482 0.3056 0.4367 0.2095
0.1967 0.2841 0.5073 0.4292 0.2948 0.6289 0.3646 0.0000 0.3653 0.7040 0.6714 0.2463 0.2494 0.5941 0.5304 0.3001 0.3656 0.2315 0.3263 0.3032 0.1698
0.3829 0.2240 0.6541 0.4675 0.3655 0.5453 0.3878 0.2598 0.0000 0.4207 0.4613 0.6241 0.3196 0.3399 0.6751 0.5416 0.4226 0.2573 0.4339 0.4517 0.4224
0.3836 0.4252 0.3284 0.5567 0.4376 0.5529 0.7394 0.3369 0.3946 0.0000 0.6080 0.2734 0.4755 0.4869 0.4693 0.4654 0.5326 0.3450 0.6478 0.4258 0.4656
0.2524 0.3399 0.4040 0.5605 0.4436 0.5121 0.4200 0.6352 0.3710 0.5385 0.0000 0.4916 0.8177 0.4272 0.6732 0.2920 0.3688 0.2226 0.3870 0.4398 0.3440
0.4485 0.3696 0.3948 0.2886 0.3201 0.2851 0.4337 0.3511 0.5236 0.2758 0.4637 0.0000 0.4407 0.6676 0.3982 0.5068 0.3726 0.4138 0.3896 0.1295 0.3986
0.3543 0.3196 0.6901 0.5151 0.5034 0.5434 0.5410 0.1343 0.5118 0.5778 0.6615 0.2054 0.0000 0.1661 0.6335 0.3785 0.5909 0.2094 0.6021 0.5276 0.5658
0.5915 0.2110 0.4458 0.6258 0.3638 0.5743 0.3150 0.3498 0.6052 0.3978 0.3912 0.6988 0.2768 0.0000 0.5892 0.3473 0.4607 0.4387 0.4691 0.5716 0.2057
0.6400 0.3968 0.4234 0.7038 0.4800 0.4755 0.4544 0.3778 0.5869 0.5463 0.5981 0.4013 0.6953 0.4820 0.0000 0.5384 0.4348 0.4302 0.5175 0.5176 0.3710
0.3982 0.5251 0.4105 0.4856 0.4805 0.4784 0.3033 0.3343 0.6811 0.5524 0.2577 0.4465 0.7481 0.2821 0.4284 0.0000 0.5358 0.5545 0.7260 0.4650 0.2697
0.5759 0.4885 0.5375 0.5551 0.5551 0.4085 0.3930 0.3575 0.3776 0.7719 0.3927 0.5211 0.4266 0.5583 0.4413 0.5158 0.0000 0.3340 0.3641 0.4081 0.4398
0.2782 0.2621 0.4957 0.5705 0.3882 0.5500 0.6072 0.1972 0.4926 0.6004 0.3006 0.5643 0.1507 0.4363 0.4642 0.5791 0.3340 0.0000 0.6741 0.1753 0.6303
0.6760 0.5100 0.4436 0.4874 0.3481 0.4246 0.6384 0.4162 0.4191 0.6195 0.4492 0.3083 0.5939 0.5712 0.5485 0.8045 0.3873 0.6395 0.0000 0.2913 0.5503
0.7148 0.5318 0.2506 0.3413 0.2167 0.6478 0.4733 0.2780 0.6541 0.3430 0.3988 0.0840 0.3664 0.5707 0.5039 0.4393 0.3926 0.1581 0.4301 0.0000 0.5567
0.2301 0.2008 0.6026 0.4653 0.3927 0.4536 0.3138 0.2430 0.2459 0.5325 0.3651 0.4152 0.5688 0.4903 0.4241 0.4486 0.4941 0.6830 0.6759 0.5554 0.0000

--- Sample 5 ---
node_demand:
0.3000
0.0667
0.2000
0.3000
0.0667
0.0333
0.0667
0.0667
0.1333
0.0667
0.0333
0.1333
0.2333
0.2667
0.0667
0.0667
0.2667
0.1667
0.2000
0.3000

dist_matrix:
0.0000 0.4713 0.3710 0.4084 0.5202 0.6726 0.2972 0.4041 0.5561 0.4168 0.2380 0.5183 0.5568 0.6304 0.3513 0.4624 0.3938 0.1456 0.2167 0.2620 0.3036
0.3528 0.0000 0.3590 0.4522 0.4300 0.4356 0.5140 0.2719 0.4140 0.4663 0.3038 0.4352 0.4452 0.1811 0.3844 0.5277 0.4671 0.1587 0.3722 0.2552 0.2774
0.5943 0.3594 0.0000 0.3349 0.2223 0.2506 0.4998 0.4979 0.5365 0.4690 0.4264 0.7508 0.4053 0.4540 0.4271 0.3724 0.6363 0.4448 0.3391 0.2571 0.2992
0.3835 0.4635 0.3662 0.0000 0.3581 0.5129 0.6357 0.6666 0.5776 0.5875 0.5726 0.3778 0.4612 0.6393 0.6405 0.6280 0.4802 0.5675 0.5158 0.4787 0.5060
0.3793 0.4349 0.2438 0.4127 0.0000 0.4489 0.6708 0.2786 0.4159 0.6076 0.6421 0.5997 0.5433 0.5646 0.5195 0.4877 0.5088 0.3890 0.2959 0.4072 0.3677
0.5821 0.5942 0.2486 0.4462 0.2992 0.0000 0.3367 0.6556 0.5507 0.4896 0.5564 0.4592 0.3212 0.5181 0.5145 0.5009 0.4587 0.4787 0.4580 0.4790 0.5997
0.3148 0.4027 0.5749 0.6484 0.6425 0.4998 0.0000 0.6902 0.5715 0.6126 0.4702 0.4673 0.6017 0.3231 0.3079 0.3602 0.3591 0.4673 0.4592 0.4821 0.2711
0.2116 0.1184 0.5880 0.6237 0.2950 0.6667 0.3803 0.0000 0.5165 0.3654 0.6340 0.4928 0.2285 0.0269 0.6381 0.4393 0.2468 0.4129 0.3899 0.2349 0.4112
0.5778 0.6847 0.3973 0.4207 0.3046 0.4192 0.4364 0.3159 0.0000 0.4511 0.4879 0.4969 0.4514 0.3310 0.6591 0.6584 0.4648 0.2303 0.3108 0.4985 0.2667
0.3683 0.4486 0.3632 0.6249 0.5906 0.4978 0.5343 0.4889 0.2935 0.0000 0.5411 0.2730 0.6136 0.4039 0.4323 0.7119 0.6191 0.3487 0.5409 0.3794 0.4383
0.2583 0.3171 0.4459 0.6705 0.5306 0.4105 0.3991 0.3687 0.3983 0.4008 0.0000 0.5441 0.4986 0.7058 0.4818 0.3506 0.4020 0.2256 0.5071 0.4049 0.3753
0.2331 0.2210 0.3821 0.2624 0.6086 0.3882 0.4537 0.2459 0.5831 0.2952 0.4451 0.0000 0.4475 0.4559 0.3800 0.4473 0.4083 0.5543 0.4138 0.0930 0.5690
0.5589 0.4158 0.5908 0.5110 0.4467 0.3751 0.5051 0.2828 0.3976 0.5966 0.4571 0.3286 0.0000 0.4829 0.6324 0.4175 0.4970 0.5407 0.4845 0.3456 0.5524
0.4251 0.1537 0.3610 0.4788 0.5344 0.5680 0.2950 0.6260 0.6578 0.4583 0.6135 0.6004 0.6679 0.0000 0.5467 0.4993 0.3592 0.2440 0.5441 0.4283 0.5062
0.3081 0.3545 0.4235 0.4586 0.4705 0.4850 0.2433 0.6502 0.6196 0.4793 0.7322 0.3305 0.2465 0.4258 0.0000 0.4565 0.4469 0.4391 0.4790 0.3966 0.4384
0.4631 0.6327 0.3805 0.5935 0.4341 0.4871 0.3239 0.4029 0.3715 0.7294 0.3395 0.5021 0.7520 0.4665 0.4248 0.0000 0.3900 0.4701 0.7959 0.4622 0.2955
0.5036 0.5833 0.5703 0.3867 0.5835 0.5209 0.3064 0.3129 0.4610 0.5300 0.3478 0.4117 0.4265 0.4099 0.5230 0.5317 0.0000 0.3340 0.4545 0.3519 0.4531
0.2097 0.3173 0.3228 0.4094 0.2955 0.4258 0.5684 0.4779 0.4664 0.4697 0.1960 0.1607 0.3048 0.3414 0.5677 0.4747 0.3340 0.0000 0.6427 0.1305 0.5707
0.6009 0.5917 0.5327 0.5018 0.2867 0.3856 0.3061 0.3250 0.2712 0.6179 0.5379 0.4862 0.4645 0.5309 0.5939 0.6813 0.3994 0.4248 0.0000 0.5721 0.4320
0.3261 0.5889 0.4924 0.3397 0.5192 0.5649 0.5083 0.3761 0.5098 0.3339 0.5406 0.0718 0.5365 0.6945 0.5110 0.4432 0.3621 0.1324 0.6127 0.0000 0.6166
0.3305 0.2265 0.3448 0.3934 0.3776 0.5987 0.2178 0.1617 0.3256 0.4406 0.3888 0.5766 0.3631 0.2548 0.4157 0.2891 0.4011 0.5704 0.7283 0.5771 0.0000
