min_dist:
0.0000 0.1820 0.1320 0.2780 0.2760 0.1340 0.2740 0.2840 0.3520 0.3440 0.3220 0.2870 0.3720 0.3160 0.2660 0.1260 0.2460 0.1700 0.3140 0.2320 0.3320
0.1820 0.0000 0.3140 0.2780 0.1700 0.1820 0.2740 0.3140 0.4480 0.2700 0.4100 0.4410 0.4840 0.1340 0.1820 0.2800 0.3280 0.3520 0.2710 0.3660 0.3620
0.1320 0.3140 0.0000 0.1760 0.1960 0.2660 0.1420 0.1820 0.2200 0.2220 0.1900 0.4190 0.2970 0.3200 0.2080 0.2580 0.1140 0.2250 0.3460 0.2340 0.2300
0.2780 0.2780 0.1760 0.0000 0.3500 0.2290 0.2460 0.2520 0.3860 0.1460 0.1560 0.3130 0.2700 0.1440 0.3620 0.1520 0.2540 0.3650 0.3400 0.2000 0.3000
0.2760 0.1700 0.1960 0.3500 0.0000 0.2900 0.1040 0.1440 0.2780 0.3420 0.2400 0.4100 0.3900 0.3040 0.0120 0.3700 0.3100 0.2360 0.2320 0.1960 0.1920
0.1340 0.1820 0.2660 0.2290 0.2900 0.0000 0.2130 0.2320 0.3660 0.3300 0.3490 0.3610 0.4400 0.2620 0.2780 0.2000 0.2220 0.3040 0.2460 0.2840 0.2530
0.2740 0.2740 0.1420 0.2460 0.1040 0.2130 0.0000 0.0400 0.1740 0.2380 0.1360 0.3060 0.4190 0.2920 0.1160 0.2660 0.2160 0.3270 0.3360 0.0920 0.0880
0.2840 0.3140 0.1820 0.2520 0.1440 0.2320 0.0400 0.0000 0.1340 0.1980 0.1760 0.3240 0.3790 0.3320 0.1560 0.2260 0.1760 0.2870 0.3410 0.0520 0.0480
0.3520 0.4480 0.2200 0.3860 0.2780 0.3660 0.1740 0.1340 0.0000 0.3320 0.3100 0.4260 0.4390 0.3700 0.2900 0.2650 0.3100 0.2500 0.2070 0.1860 0.1820
0.3440 0.2700 0.2220 0.1460 0.3420 0.3300 0.2380 0.1980 0.3320 0.0000 0.3020 0.3790 0.2140 0.2900 0.3540 0.2180 0.1080 0.2190 0.3400 0.1460 0.2460
0.3220 0.4100 0.1900 0.1560 0.2400 0.3490 0.1360 0.1760 0.3100 0.3020 0.0000 0.3410 0.3760 0.3000 0.2520 0.3080 0.3040 0.4150 0.2140 0.2280 0.2240
0.2870 0.4410 0.4190 0.3130 0.4100 0.3610 0.3060 0.3240 0.4260 0.3790 0.3410 0.0000 0.4260 0.4570 0.4220 0.1610 0.3960 0.4430 0.3420 0.2720 0.3720
0.3720 0.4840 0.2970 0.2700 0.3900 0.4400 0.4190 0.3790 0.4390 0.2140 0.3760 0.4260 0.0000 0.4140 0.3780 0.3860 0.3220 0.4330 0.5540 0.3270 0.4270
0.3160 0.1340 0.3200 0.1440 0.3040 0.2620 0.2920 0.3320 0.3700 0.2900 0.3000 0.4570 0.4140 0.0000 0.3160 0.2960 0.3980 0.4260 0.3240 0.3340 0.3200
0.2660 0.1820 0.2080 0.3620 0.0120 0.2780 0.1160 0.1560 0.2900 0.3540 0.2520 0.4220 0.3780 0.3160 0.0000 0.3820 0.3220 0.2480 0.2200 0.2080 0.2040
0.1260 0.2800 0.2580 0.1520 0.3700 0.2000 0.2660 0.2260 0.2650 0.2180 0.3080 0.1610 0.3860 0.2960 0.3820 0.0000 0.2980 0.2820 0.1880 0.1740 0.2740
0.2460 0.3280 0.1140 0.2540 0.3100 0.2220 0.2160 0.1760 0.3100 0.1080 0.3040 0.3960 0.3220 0.3980 0.3220 0.2980 0.0000 0.1110 0.2320 0.1240 0.2240
0.1700 0.3520 0.2250 0.3650 0.2360 0.3040 0.3270 0.2870 0.2500 0.2190 0.4150 0.4430 0.4330 0.4260 0.2480 0.2820 0.1110 0.0000 0.3430 0.2350 0.3350
0.3140 0.2710 0.3460 0.3400 0.2320 0.2460 0.3360 0.3410 0.2070 0.3400 0.2140 0.3420 0.5540 0.3240 0.2200 0.1880 0.2320 0.3430 0.0000 0.3560 0.3890
0.2320 0.3660 0.2340 0.2000 0.1960 0.2840 0.0920 0.0520 0.1860 0.1460 0.2280 0.2720 0.3270 0.3340 0.2080 0.1740 0.1240 0.2350 0.3560 0.0000 0.1000
0.3320 0.3620 0.2300 0.3000 0.1920 0.2530 0.0880 0.0480 0.1820 0.2460 0.2240 0.3720 0.4270 0.3200 0.2040 0.2740 0.2240 0.3350 0.3890 0.1000 0.0000

max_dist:
0.0000 0.3770 0.3620 0.7450 0.4320 0.3640 0.6350 0.5220 0.4840 0.5980 0.7430 0.5690 0.5520 0.5460 0.5140 0.5560 0.6270 0.3790 0.8600 0.3580 0.6740
0.3770 0.0000 0.5480 0.4660 0.6140 0.7410 0.7030 0.5060 0.7800 0.3250 0.6660 0.5900 0.8450 0.1690 0.6920 0.4680 0.4020 0.5580 0.5930 0.5650 0.6960
0.3620 0.5480 0.0000 0.8260 0.4950 0.5170 0.5840 0.5360 0.2320 0.4740 0.5100 0.6860 0.7920 0.7170 0.5930 0.8000 0.3590 0.6070 0.8970 0.5960 0.7250
0.7450 0.4660 0.8260 0.0000 0.7740 0.5200 0.4030 0.5840 0.8730 0.3710 0.6400 0.5430 0.5840 0.5580 0.7980 0.1890 0.5460 0.4950 0.7260 0.6110 0.6520
0.4320 0.6140 0.4950 0.7740 0.0000 0.4200 0.4960 0.6850 0.7270 0.6580 0.4750 0.6480 0.5660 0.6580 0.0980 0.6300 0.4250 0.6730 0.5480 0.5500 0.3800
0.3640 0.7410 0.5170 0.5200 0.4200 0.0000 0.6180 0.2880 0.7490 0.5360 0.8050 0.6550 0.7990 0.7510 0.5180 0.6060 0.6100 0.7280 0.6160 0.7220 0.4180
0.6350 0.7030 0.5840 0.4030 0.4960 0.6180 0.0000 0.5580 0.7070 0.3780 0.4150 0.4680 0.8400 0.5750 0.5940 0.5180 0.5520 0.4220 0.5040 0.5540 0.8760
0.5220 0.5060 0.5360 0.5840 0.6850 0.2880 0.5580 0.0000 0.5340 0.4820 0.5170 0.4920 0.7380 0.6210 0.5870 0.5710 0.3400 0.5880 0.5660 0.5430 0.4940
0.4840 0.7800 0.2320 0.8730 0.7270 0.7490 0.7070 0.5340 0.0000 0.6200 0.7420 0.8160 0.7580 0.7580 0.8250 0.9560 0.3780 0.6260 0.8020 0.3800 0.5180
0.5980 0.3250 0.4740 0.3710 0.6580 0.5360 0.3780 0.4820 0.6200 0.0000 0.7230 0.5200 0.6240 0.4940 0.6040 0.5600 0.4910 0.6420 0.7100 0.2400 0.5960
0.7430 0.6660 0.5100 0.6400 0.4750 0.8050 0.4150 0.5170 0.7420 0.7230 0.0000 0.8160 0.4250 0.4970 0.3770 0.5790 0.6280 0.5800 0.5730 0.8090 0.7160
0.5690 0.5900 0.6860 0.5430 0.6480 0.6550 0.4680 0.4920 0.8160 0.5200 0.8160 0.0000 0.4710 0.7180 0.5710 0.7320 0.5080 0.7560 0.4420 0.4360 0.4860
0.5520 0.8450 0.7920 0.5840 0.5660 0.7990 0.8400 0.7380 0.7580 0.6240 0.4250 0.4710 0.0000 0.6760 0.4680 0.5300 0.4800 0.7280 0.7640 0.3840 0.7400
0.5460 0.1690 0.7170 0.5580 0.6580 0.7510 0.5750 0.6210 0.7580 0.4940 0.4970 0.7180 0.6760 0.0000 0.6000 0.6370 0.5710 0.7270 0.4550 0.6590 0.7010
0.5140 0.6920 0.5930 0.7980 0.0980 0.5180 0.5940 0.5870 0.8250 0.6040 0.3770 0.5710 0.4680 0.6000 0.0000 0.6390 0.4940 0.7420 0.6460 0.4520 0.4780
0.5560 0.4680 0.8000 0.1890 0.6300 0.6060 0.5180 0.5710 0.9560 0.5600 0.5790 0.7320 0.5300 0.6370 0.6390 0.0000 0.6060 0.6540 0.5740 0.7230 0.7020
0.6270 0.4020 0.3590 0.5460 0.4250 0.6100 0.5520 0.3400 0.3780 0.4910 0.6280 0.5080 0.4800 0.5710 0.4940 0.6060 0.0000 0.2480 0.7420 0.4680 0.6540
0.3790 0.5580 0.6070 0.4950 0.6730 0.7280 0.4220 0.5880 0.6260 0.6420 0.5800 0.7560 0.7280 0.7270 0.7420 0.6540 0.2480 0.0000 0.4940 0.6980 0.5400
0.8600 0.5930 0.8970 0.7260 0.5480 0.6160 0.5040 0.5660 0.8020 0.7100 0.5730 0.4420 0.7640 0.4550 0.6460 0.5740 0.7420 0.4940 0.0000 0.6240 0.5580
0.3580 0.5650 0.5960 0.6110 0.5500 0.7220 0.5540 0.5430 0.3800 0.2400 0.8090 0.4360 0.3840 0.6590 0.4520 0.7230 0.4680 0.6980 0.6240 0.0000 0.3560
0.6740 0.6960 0.7250 0.6520 0.3800 0.4180 0.8760 0.4940 0.5180 0.5960 0.7160 0.4860 0.7400 0.7010 0.4780 0.7020 0.6540 0.5400 0.5580 0.3560 0.0000

--- Contains 5 samples ---

--- Sample 1 ---
node_demand:
0.3000
0.1667
0.1333
0.3000
0.2667
0.1000
0.3000
0.0667
0.0667
0.3000
0.0333
0.1000
0.1000
0.2667
0.0667
0.1000
0.0667
0.2333
0.0667
0.1333

dist_matrix:
0.0000 0.2778 0.2200 0.3172 0.3488 0.3487 0.4232 0.4030 0.4558 0.5382 0.4706 0.5466 0.4811 0.5357 0.4496 0.1969 0.4611 0.2141 0.4342 0.3168 0.5630
0.3444 0.0000 0.3666 0.4304 0.2544 0.5070 0.5170 0.3479 0.7545 0.2737 0.4944 0.5078 0.6050 0.1635 0.2893 0.4178 0.3623 0.5327 0.2766 0.5285 0.4878
0.2305 0.5057 0.0000 0.5632 0.3927 0.3286 0.4141 0.1990 0.2303 0.2322 0.3776 0.6110 0.4176 0.5088 0.2972 0.2876 0.3040 0.6012 0.6701 0.3731 0.6427
0.6538 0.4155 0.6131 0.0000 0.6099 0.5080 0.3052 0.3744 0.4779 0.1551 0.5043 0.5140 0.5500 0.1489 0.7004 0.1809 0.2581 0.3796 0.4608 0.4507 0.6165
0.3921 0.4290 0.2103 0.5046 0.0000 0.4062 0.2879 0.6136 0.3180 0.5248 0.4158 0.5511 0.4183 0.4477 0.0648 0.5969 0.3400 0.5567 0.4089 0.4801 0.2057
0.2761 0.2485 0.2855 0.3542 0.4174 0.0000 0.5665 0.2768 0.4563 0.4967 0.5495 0.6362 0.6568 0.7265 0.4579 0.2353 0.4280 0.6923 0.4316 0.4339 0.3597
0.3824 0.6997 0.3704 0.3189 0.2060 0.3769 0.0000 0.1722 0.2841 0.3426 0.3193 0.3062 0.4909 0.3967 0.5035 0.3745 0.5264 0.3651 0.4639 0.4762 0.1641
0.3845 0.3872 0.3205 0.3341 0.3325 0.2799 0.1780 0.0000 0.3842 0.2215 0.1842 0.3406 0.5525 0.4156 0.2525 0.5113 0.3274 0.4994 0.5217 0.3916 0.2401
0.3545 0.5375 0.2219 0.8567 0.3751 0.7156 0.3137 0.1675 0.0000 0.5679 0.3341 0.7430 0.6783 0.7404 0.3809 0.4589 0.3413 0.2655 0.5207 0.1919 0.5149
0.5298 0.2846 0.3498 0.2046 0.3551 0.3518 0.2607 0.3443 0.5317 0.0000 0.6903 0.4201 0.5307 0.3292 0.5609 0.4058 0.3339 0.4268 0.6380 0.2286 0.3882
0.6240 0.4123 0.3004 0.3082 0.3785 0.6671 0.1632 0.4466 0.6564 0.7115 0.0000 0.7669 0.4152 0.3288 0.2688 0.4152 0.4277 0.4582 0.3935 0.5012 0.5169
0.5049 0.5188 0.5953 0.4150 0.6443 0.6196 0.4111 0.3606 0.7988 0.4482 0.5385 0.0000 0.4441 0.4925 0.4374 0.1718 0.5013 0.7482 0.3740 0.3598 0.4145
0.4090 0.4883 0.3506 0.4332 0.5116 0.6597 0.7933 0.6079 0.6956 0.3012 0.3955 0.4294 0.0000 0.6662 0.4194 0.4266 0.3986 0.5954 0.6610 0.3795 0.6270
0.3719 0.1625 0.4691 0.4335 0.5730 0.5256 0.3735 0.4327 0.5936 0.4106 0.3873 0.4685 0.4957 0.0000 0.5026 0.5720 0.5646 0.6333 0.4285 0.4950 0.5654
0.4291 0.2394 0.4429 0.7536 0.0521 0.3332 0.2957 0.1879 0.5230 0.4167 0.3381 0.4695 0.4356 0.4749 0.0000 0.5424 0.3782 0.5703 0.4405 0.2156 0.2231
0.2233 0.3599 0.3198 0.1691 0.4691 0.2976 0.2700 0.4232 0.5143 0.2942 0.3867 0.4502 0.4326 0.4007 0.4246 0.0000 0.4778 0.3028 0.4962 0.2351 0.5777
0.4250 0.3324 0.2102 0.3024 0.3568 0.2835 0.2750 0.2665 0.3132 0.2260 0.3399 0.4179 0.3853 0.5709 0.4467 0.4700 0.0000 0.1957 0.4994 0.1765 0.3708
0.3213 0.3873 0.5038 0.3733 0.3557 0.5242 0.3928 0.3993 0.3873 0.5757 0.4470 0.6650 0.6856 0.6744 0.7092 0.6498 0.1920 0.0000 0.3559 0.5515 0.5370
0.7510 0.2904 0.5608 0.3547 0.2633 0.3346 0.4727 0.4674 0.6022 0.4358 0.2198 0.4335 0.7084 0.4005 0.2758 0.3838 0.7204 0.3804 0.0000 0.3782 0.4097
0.3356 0.5042 0.5660 0.4125 0.3063 0.5959 0.0987 0.5173 0.2446 0.1596 0.4451 0.3257 0.3779 0.6252 0.3970 0.2021 0.2651 0.2468 0.4232 0.0000 0.2171
0.5743 0.4101 0.6685 0.4420 0.2157 0.2870 0.7680 0.1508 0.2969 0.2852 0.4841 0.4693 0.6151 0.5921 0.2398 0.6152 0.4956 0.3643 0.4054 0.2515 0.0000

--- Sample 2 ---
node_demand:
0.3000
0.1667
0.1333
0.3000
0.2667
0.1000
0.3000
0.0667
0.0667
0.3000
0.0333
0.1000
0.1000
0.2667
0.0667
0.1000
0.0667
0.2333
0.0667
0.1333

dist_matrix:
0.0000 0.2214 0.1342 0.6063 0.3977 0.3474 0.4804 0.4626 0.4347 0.4554 0.4195 0.5425 0.5203 0.5297 0.4476 0.1320 0.5711 0.2773 0.4284 0.2957 0.6186
0.2999 0.0000 0.3877 0.4219 0.2612 0.3366 0.5463 0.4990 0.5363 0.3102 0.6542 0.5073 0.8157 0.1396 0.2032 0.3433 0.3962 0.3732 0.3025 0.4268 0.6300
0.2614 0.3726 0.0000 0.5998 0.3343 0.3129 0.2438 0.2311 0.2241 0.2725 0.2155 0.4506 0.3268 0.7123 0.2910 0.3481 0.2545 0.4172 0.3633 0.5678 0.4953
0.5138 0.3250 0.3044 0.0000 0.4137 0.4154 0.2942 0.4966 0.8021 0.2174 0.6076 0.3817 0.4951 0.5318 0.5098 0.1633 0.3224 0.4414 0.5903 0.2353 0.4260
0.4250 0.4914 0.4761 0.4691 0.0000 0.3313 0.2634 0.3874 0.2973 0.3509 0.3962 0.5715 0.4332 0.4853 0.0654 0.5011 0.3342 0.4696 0.3118 0.3103 0.3370
0.2729 0.6557 0.3470 0.3037 0.3727 0.0000 0.5666 0.2734 0.6280 0.4870 0.7565 0.4015 0.6968 0.6496 0.4420 0.2806 0.4452 0.5681 0.5384 0.4368 0.3101
0.3900 0.3678 0.2315 0.2933 0.4727 0.3384 0.0000 0.0427 0.2429 0.3117 0.2867 0.4445 0.5633 0.4389 0.3411 0.4095 0.3578 0.3436 0.4945 0.4019 0.8235
0.4160 0.4601 0.5021 0.4725 0.5827 0.2825 0.1079 0.0000 0.4375 0.4112 0.3765 0.4632 0.4407 0.4082 0.5716 0.5591 0.2781 0.5462 0.3913 0.3049 0.3820
0.3826 0.6133 0.2210 0.5973 0.3600 0.5489 0.1928 0.4707 0.0000 0.3741 0.6322 0.6288 0.6917 0.5252 0.8133 0.9119 0.3305 0.4714 0.6470 0.3143 0.2630
0.3459 0.3005 0.2387 0.3641 0.3680 0.3483 0.3420 0.3231 0.3455 0.0000 0.3878 0.4203 0.6112 0.4442 0.5921 0.5120 0.3028 0.2365 0.4079 0.2022 0.2777
0.3744 0.4614 0.2059 0.5913 0.4729 0.4945 0.2187 0.3323 0.5232 0.6750 0.0000 0.6398 0.3790 0.4815 0.3701 0.3264 0.3182 0.4183 0.5474 0.2976 0.4304
0.3152 0.5507 0.4624 0.3624 0.6025 0.3801 0.4384 0.3470 0.4275 0.5160 0.6419 0.0000 0.4544 0.6197 0.5237 0.6829 0.4534 0.5476 0.3633 0.2908 0.3882
0.4043 0.7798 0.5572 0.5016 0.5578 0.6117 0.6407 0.6363 0.7556 0.4722 0.3933 0.4410 0.0000 0.5054 0.3923 0.4013 0.4649 0.5567 0.6732 0.3536 0.6948
0.4647 0.1550 0.4478 0.1804 0.5421 0.6385 0.4031 0.5576 0.5859 0.3904 0.3925 0.4855 0.6534 0.0000 0.5201 0.4497 0.4438 0.7219 0.4392 0.5503 0.4200
0.2975 0.5328 0.5230 0.5009 0.0715 0.4299 0.2925 0.2438 0.7249 0.3872 0.2668 0.5409 0.3979 0.4486 0.0000 0.5165 0.3751 0.4995 0.5419 0.2766 0.3694
0.1626 0.3429 0.7354 0.1585 0.4060 0.3820 0.4924 0.5683 0.3047 0.4386 0.5443 0.5608 0.5262 0.6025 0.4476 0.0000 0.5086 0.3937 0.3657 0.6295 0.7000
0.5198 0.3972 0.2142 0.5264 0.3150 0.3584 0.2271 0.2229 0.3438 0.2507 0.3933 0.4701 0.4274 0.5049 0.4251 0.5955 0.0000 0.2100 0.5833 0.3324 0.3104
0.3306 0.4317 0.2619 0.4125 0.4412 0.5413 0.3596 0.3207 0.5530 0.3170 0.4291 0.7316 0.5030 0.4798 0.6087 0.3681 0.1659 0.0000 0.3984 0.5842 0.5276
0.5295 0.5487 0.6959 0.6072 0.3126 0.3342 0.3500 0.5110 0.6089 0.3660 0.4055 0.3592 0.7257 0.4503 0.5462 0.2437 0.4655 0.4764 0.0000 0.4674 0.4714
0.3141 0.5257 0.4549 0.2514 0.3987 0.3277 0.4585 0.4724 0.2103 0.1978 0.5266 0.3256 0.3615 0.5207 0.2123 0.4516 0.4015 0.3491 0.5839 0.0000 0.1229
0.3939 0.4706 0.5275 0.3139 0.2052 0.3952 0.3896 0.4895 0.3760 0.3556 0.5548 0.3875 0.7011 0.4460 0.2078 0.6931 0.2492 0.3978 0.5065 0.2471 0.0000

--- Sample 3 ---
node_demand:
0.3000
0.1667
0.1333
0.3000
0.2667
0.1000
0.3000
0.0667
0.0667
0.3000
0.0333
0.1000
0.1000
0.2667
0.0667
0.1000
0.0667
0.2333
0.0667
0.1333

dist_matrix:
0.0000 0.3340 0.3490 0.7004 0.3485 0.2201 0.5252 0.4172 0.3691 0.4642 0.4701 0.3385 0.5222 0.4267 0.4696 0.4975 0.3985 0.3195 0.5760 0.3408 0.4906
0.3111 0.0000 0.3414 0.3275 0.4037 0.5095 0.5964 0.4786 0.7209 0.2941 0.6013 0.5600 0.7688 0.1623 0.5801 0.3315 0.3865 0.4471 0.3302 0.5623 0.5296
0.3118 0.3846 0.0000 0.7757 0.2057 0.3578 0.5774 0.4683 0.2283 0.4117 0.5073 0.5461 0.4940 0.6684 0.2491 0.7913 0.1699 0.4471 0.4550 0.3489 0.2369
0.5561 0.4579 0.3685 0.0000 0.4905 0.3373 0.3143 0.2798 0.5577 0.3240 0.1755 0.5426 0.3644 0.1977 0.4332 0.1827 0.5247 0.3925 0.4228 0.4227 0.3270
0.3208 0.3436 0.4590 0.6798 0.0000 0.3624 0.3075 0.3286 0.3010 0.5325 0.4604 0.5066 0.4206 0.5179 0.0333 0.3904 0.3133 0.4347 0.5406 0.3645 0.2084
0.1425 0.4690 0.3221 0.5085 0.3100 0.0000 0.5037 0.2748 0.6827 0.4734 0.5265 0.6297 0.5251 0.2681 0.4846 0.3161 0.4951 0.6657 0.3879 0.7101 0.2592
0.3565 0.6894 0.5783 0.2873 0.3588 0.4754 0.0000 0.2707 0.5499 0.3323 0.2362 0.4045 0.6172 0.4112 0.5508 0.4569 0.3485 0.3863 0.3652 0.4956 0.5953
0.4756 0.3954 0.4526 0.3051 0.5449 0.2568 0.0713 0.0000 0.3526 0.3167 0.3087 0.3659 0.4135 0.5313 0.5706 0.4398 0.2421 0.3061 0.5633 0.4624 0.3584
0.4056 0.4637 0.2211 0.5591 0.3993 0.6987 0.5700 0.1974 0.0000 0.5221 0.6772 0.7097 0.6668 0.4211 0.6510 0.5372 0.3773 0.3266 0.6221 0.3459 0.4052
0.4714 0.3168 0.2324 0.2224 0.6436 0.3640 0.2763 0.4415 0.4317 0.0000 0.6259 0.4858 0.5113 0.3441 0.5323 0.3682 0.1780 0.2552 0.4775 0.1839 0.5811
0.3722 0.5539 0.3045 0.3625 0.4337 0.6167 0.3262 0.4983 0.5805 0.5830 0.0000 0.5592 0.4192 0.4671 0.3740 0.4051 0.3720 0.5394 0.3902 0.7598 0.4021
0.3885 0.5687 0.4889 0.4589 0.4932 0.4923 0.4187 0.4656 0.6219 0.4875 0.6355 0.0000 0.4333 0.5884 0.4741 0.4901 0.5023 0.7170 0.4305 0.3324 0.3993
0.4296 0.6659 0.5252 0.3446 0.3924 0.6783 0.4539 0.6881 0.7538 0.2923 0.3767 0.4663 0.0000 0.4976 0.4671 0.4065 0.3825 0.6603 0.7635 0.3476 0.6919
0.5217 0.1631 0.6848 0.3074 0.4406 0.5191 0.3097 0.4088 0.7333 0.3015 0.4496 0.4876 0.4204 0.0000 0.3814 0.5103 0.3992 0.6932 0.3250 0.5554 0.4455
0.2778 0.3089 0.2575 0.6360 0.0630 0.3304 0.4019 0.4734 0.4231 0.5735 0.3222 0.5397 0.4612 0.5801 0.0000 0.5777 0.4374 0.6327 0.2972 0.4389 0.3926
0.4550 0.4574 0.6563 0.1835 0.3777 0.3478 0.5075 0.2929 0.7404 0.3906 0.5653 0.4127 0.4945 0.3894 0.5632 0.0000 0.4606 0.5715 0.2102 0.5375 0.2762
0.2734 0.3683 0.2318 0.5337 0.4171 0.2876 0.2812 0.2116 0.3331 0.3377 0.3480 0.4158 0.3411 0.4549 0.4687 0.4522 0.0000 0.2108 0.3818 0.4614 0.4114
0.3689 0.4216 0.2379 0.4161 0.5420 0.4319 0.3781 0.4619 0.4608 0.3366 0.4458 0.5864 0.6313 0.5531 0.4296 0.5612 0.1839 0.0000 0.3578 0.4234 0.4033
0.8460 0.5283 0.5353 0.4513 0.3996 0.4960 0.4578 0.4748 0.3481 0.3462 0.4030 0.3837 0.7420 0.3977 0.5327 0.2514 0.5766 0.4089 0.0000 0.4931 0.5550
0.2961 0.5646 0.5774 0.3593 0.2298 0.5415 0.5153 0.2593 0.2342 0.1946 0.2647 0.3743 0.3322 0.5855 0.3381 0.2387 0.1269 0.6281 0.4377 0.0000 0.2253
0.4054 0.6048 0.2740 0.3137 0.2572 0.2998 0.2739 0.4418 0.3619 0.4297 0.5936 0.4654 0.5611 0.6373 0.4578 0.5008 0.3286 0.4518 0.5047 0.3290 0.0000

--- Sample 4 ---
node_demand:
0.3000
0.1667
0.1333
0.3000
0.2667
0.1000
0.3000
0.0667
0.0667
0.3000
0.0333
0.1000
0.1000
0.2667
0.0667
0.1000
0.0667
0.2333
0.0667
0.1333

dist_matrix:
0.0000 0.2178 0.3435 0.2823 0.2877 0.2261 0.5415 0.3183 0.4453 0.3920 0.5299 0.4896 0.4754 0.4827 0.3097 0.4757 0.4443 0.1889 0.5595 0.2478 0.5222
0.3153 0.0000 0.3168 0.3464 0.5012 0.3930 0.5351 0.5012 0.6240 0.2712 0.6243 0.4675 0.5264 0.1659 0.2771 0.3895 0.3807 0.4873 0.3415 0.5080 0.4426
0.2828 0.3757 0.0000 0.4354 0.2355 0.4377 0.2883 0.4336 0.2237 0.2344 0.4404 0.4328 0.5432 0.3899 0.4846 0.4255 0.2040 0.2916 0.8040 0.5899 0.5388
0.3945 0.3098 0.7900 0.0000 0.4468 0.4484 0.2966 0.5334 0.5875 0.3042 0.3843 0.3655 0.5046 0.4249 0.5644 0.1809 0.3872 0.3808 0.6845 0.6074 0.5979
0.3608 0.2579 0.4874 0.5772 0.0000 0.3451 0.3052 0.4919 0.5526 0.6284 0.3830 0.5070 0.4445 0.4341 0.0323 0.4635 0.3608 0.5123 0.5087 0.4402 0.2052
0.2041 0.4419 0.4946 0.3405 0.4191 0.0000 0.4502 0.2531 0.6032 0.4310 0.4711 0.5173 0.4675 0.3744 0.4437 0.5165 0.5164 0.6359 0.5896 0.6473 0.3876
0.4606 0.3802 0.2589 0.3414 0.4337 0.4616 0.0000 0.5540 0.6945 0.2863 0.4084 0.4275 0.5288 0.3617 0.1309 0.4122 0.4065 0.3314 0.4094 0.5440 0.2048
0.5192 0.4948 0.1865 0.4324 0.5278 0.2620 0.4669 0.0000 0.3463 0.4215 0.3599 0.3668 0.4395 0.3641 0.1696 0.5591 0.2235 0.4614 0.4614 0.2076 0.3107
0.3608 0.7182 0.2286 0.8409 0.4611 0.5150 0.3300 0.4557 0.0000 0.4874 0.3757 0.8129 0.7456 0.3791 0.5304 0.4019 0.3170 0.5200 0.3243 0.2516 0.4129
0.5160 0.3019 0.4455 0.3311 0.6530 0.3316 0.3095 0.3797 0.3357 0.0000 0.6064 0.5057 0.3602 0.4901 0.5775 0.2930 0.4011 0.3011 0.6427 0.1659 0.5453
0.4503 0.4893 0.3210 0.2834 0.2619 0.7205 0.1569 0.2016 0.7170 0.4675 0.0000 0.8104 0.3806 0.3616 0.3098 0.4959 0.3495 0.4344 0.2643 0.2863 0.6892
0.4248 0.4812 0.6484 0.3977 0.5395 0.4182 0.3472 0.4510 0.5829 0.3799 0.6551 0.0000 0.4452 0.4643 0.4304 0.6301 0.4280 0.5370 0.3493 0.2971 0.4029
0.3795 0.5622 0.4778 0.5172 0.5056 0.6101 0.5054 0.6246 0.7542 0.4815 0.4120 0.4469 0.0000 0.6493 0.3966 0.4000 0.4112 0.4475 0.5990 0.3549 0.7144
0.3216 0.1686 0.5729 0.4569 0.4621 0.2719 0.3349 0.5836 0.7524 0.4711 0.3782 0.7019 0.6223 0.0000 0.5537 0.4504 0.4771 0.4446 0.3620 0.6488 0.3435
0.4717 0.4974 0.3604 0.7089 0.0393 0.4508 0.4473 0.3435 0.5747 0.4797 0.3480 0.4932 0.4535 0.4923 0.0000 0.4187 0.4581 0.3350 0.4248 0.3822 0.3112
0.2770 0.2888 0.7842 0.1863 0.6270 0.2495 0.4233 0.3617 0.7669 0.2562 0.5481 0.1669 0.5062 0.4531 0.4786 0.0000 0.3812 0.5288 0.3627 0.6745 0.3753
0.2768 0.3540 0.1969 0.3078 0.3841 0.5565 0.4842 0.3118 0.3209 0.4059 0.5780 0.4154 0.4460 0.4453 0.3900 0.3479 0.0000 0.2129 0.5060 0.1599 0.3020
0.3542 0.5038 0.5482 0.3692 0.4888 0.3543 0.4063 0.3047 0.2577 0.5362 0.4763 0.7496 0.6992 0.6888 0.2867 0.5792 0.2108 0.0000 0.4304 0.4139 0.4658
0.3843 0.4742 0.7594 0.3844 0.2825 0.5831 0.4142 0.5363 0.2482 0.4552 0.4812 0.3753 0.5675 0.3291 0.3841 0.4408 0.6908 0.3843 0.0000 0.5850 0.4054
0.2762 0.5541 0.3398 0.3141 0.2056 0.6351 0.4508 0.1279 0.2952 0.2328 0.7231 0.3560 0.3628 0.6456 0.2113 0.3204 0.2487 0.6169 0.3574 0.0000 0.1404
0.5503 0.4077 0.5530 0.4117 0.2267 0.2854 0.4212 0.2138 0.4508 0.4010 0.5994 0.4744 0.6950 0.4415 0.3646 0.3068 0.4803 0.3956 0.3908 0.1886 0.0000

--- Sample 5 ---
node_demand:
0.3000
0.1667
0.1333
0.3000
0.2667
0.1000
0.3000
0.0667
0.0667
0.3000
0.0333
0.1000
0.1000
0.2667
0.0667
0.1000
0.0667
0.2333
0.0667
0.1333

dist_matrix:
0.0000 0.3057 0.2707 0.4532 0.2992 0.3448 0.6311 0.3534 0.4428 0.4145 0.6960 0.3708 0.5313 0.4514 0.4191 0.1487 0.5923 0.2123 0.5092 0.2784 0.5934
0.3298 0.0000 0.3418 0.3158 0.3203 0.4062 0.4608 0.4373 0.7685 0.3237 0.6528 0.5849 0.6890 0.1375 0.3183 0.3584 0.3501 0.4313 0.5023 0.5033 0.3904
0.1567 0.4552 0.0000 0.8116 0.4429 0.3282 0.5713 0.2515 0.2208 0.4699 0.3789 0.5532 0.5135 0.5926 0.3335 0.6721 0.1898 0.5583 0.7011 0.4119 0.6284
0.6591 0.2892 0.6990 0.0000 0.5332 0.4557 0.3833 0.4937 0.8141 0.1635 0.5331 0.3498 0.5315 0.3138 0.6915 0.1794 0.2667 0.4387 0.4565 0.5177 0.3951
0.3436 0.2567 0.3415 0.5871 0.0000 0.3720 0.1739 0.1469 0.5351 0.6272 0.3622 0.4503 0.4995 0.5074 0.0192 0.4253 0.4162 0.4524 0.4535 0.5281 0.2347
0.2952 0.3281 0.2735 0.4238 0.2925 0.0000 0.4467 0.2416 0.4026 0.4126 0.7521 0.4449 0.4904 0.3747 0.3254 0.2372 0.5543 0.4268 0.4877 0.6857 0.3100
0.6108 0.6225 0.3934 0.3259 0.3820 0.5894 0.0000 0.0893 0.1832 0.3138 0.2006 0.4260 0.8332 0.3714 0.3033 0.4731 0.4501 0.3800 0.3795 0.5228 0.5466
0.4740 0.4149 0.2333 0.5177 0.2437 0.2642 0.5401 0.0000 0.3754 0.3466 0.4680 0.4147 0.6353 0.3833 0.3166 0.4448 0.2538 0.3889 0.3947 0.5227 0.2242
0.4068 0.7533 0.2242 0.8511 0.3089 0.3968 0.5343 0.5160 0.0000 0.6102 0.4017 0.5143 0.6844 0.5585 0.5516 0.5319 0.3716 0.3465 0.5414 0.3394 0.3854
0.3806 0.3239 0.2788 0.2680 0.6274 0.3307 0.3637 0.2438 0.5658 0.0000 0.3215 0.4550 0.3060 0.3239 0.3549 0.3840 0.1379 0.3331 0.5892 0.1464 0.2683
0.6378 0.5335 0.4873 0.3366 0.2823 0.3905 0.1967 0.4070 0.4861 0.6239 0.0000 0.7505 0.4073 0.4814 0.3316 0.5078 0.5587 0.5318 0.4927 0.4392 0.6677
0.4152 0.4664 0.5195 0.3765 0.6434 0.5494 0.3813 0.3457 0.7999 0.4851 0.8027 0.0000 0.4396 0.6013 0.4925 0.6458 0.4498 0.5508 0.4276 0.3945 0.4794
0.3879 0.6647 0.4697 0.4701 0.5047 0.4715 0.7015 0.3842 0.6875 0.4286 0.4037 0.4434 0.0000 0.6102 0.3906 0.4585 0.3724 0.5087 0.5609 0.3547 0.4321
0.4953 0.1576 0.6217 0.4782 0.4912 0.6575 0.4990 0.4855 0.7059 0.4181 0.3794 0.6937 0.4513 0.0000 0.5296 0.4175 0.4503 0.6327 0.3319 0.5070 0.6746
0.4682 0.6635 0.4053 0.6235 0.0134 0.2831 0.2256 0.2931 0.7888 0.5746 0.3564 0.4312 0.4100 0.4720 0.0000 0.6234 0.3398 0.5518 0.5717 0.2412 0.4680
0.2101 0.3956 0.5411 0.1750 0.5310 0.2160 0.3891 0.3088 0.3509 0.4268 0.3364 0.6714 0.4660 0.5222 0.5607 0.0000 0.5989 0.5680 0.2258 0.4502 0.6777
0.5884 0.3564 0.1337 0.3803 0.3960 0.4867 0.3321 0.2839 0.3754 0.3533 0.4385 0.4643 0.3638 0.5410 0.3491 0.4906 0.0000 0.1726 0.6468 0.2240 0.5166
0.2842 0.4837 0.6012 0.4236 0.5690 0.3989 0.3340 0.4325 0.3278 0.6361 0.4523 0.7187 0.5397 0.4907 0.5613 0.5814 0.2401 0.0000 0.3594 0.5870 0.4744
0.8418 0.5694 0.7584 0.3711 0.3405 0.4300 0.3888 0.3586 0.5940 0.6078 0.3387 0.4287 0.5863 0.3907 0.4189 0.2323 0.6399 0.4363 0.0000 0.6235 0.4728
0.3175 0.4763 0.4197 0.3355 0.3711 0.5694 0.3844 0.3148 0.2142 0.2337 0.5867 0.2991 0.3819 0.3548 0.3973 0.3752 0.4622 0.5792 0.3972 0.0000 0.3013
0.5337 0.4202 0.5490 0.6427 0.3038 0.4058 0.1165 0.2904 0.4784 0.5952 0.2245 0.4568 0.4594 0.5603 0.4034 0.6177 0.6154 0.4330 0.4803 0.1958 0.0000
