min_dist:
0.0000 0.2540 0.1660 0.2730 0.3520 0.2400 0.1100 0.1670 0.2260 0.3270 0.2180 0.3080 0.2760 0.2870 0.1860 0.3070 0.3560 0.0680 0.2340 0.3160 0.2880
0.2540 0.0000 0.4200 0.3040 0.2560 0.3540 0.3150 0.1740 0.2780 0.2570 0.4520 0.3000 0.3660 0.2490 0.2140 0.3540 0.3180 0.2730 0.2620 0.0840 0.1620
0.1660 0.4200 0.0000 0.2760 0.2800 0.0920 0.1500 0.2910 0.1890 0.2720 0.1280 0.2510 0.3160 0.2600 0.2320 0.2490 0.3180 0.1920 0.2800 0.3620 0.4540
0.2730 0.3040 0.2760 0.0000 0.2480 0.3680 0.3160 0.3730 0.2820 0.3830 0.1480 0.2920 0.3270 0.2110 0.3040 0.3420 0.2800 0.2740 0.2560 0.3880 0.2840
0.3520 0.2560 0.2800 0.2480 0.0000 0.3060 0.3000 0.2540 0.3830 0.2260 0.2320 0.0440 0.1890 0.3800 0.1660 0.2100 0.3290 0.3220 0.1180 0.2230 0.3420
0.2400 0.3540 0.0920 0.3680 0.3060 0.0000 0.1900 0.2590 0.2810 0.3640 0.2200 0.2620 0.2380 0.3520 0.1400 0.1570 0.3700 0.1720 0.1880 0.2700 0.3930
0.1100 0.3150 0.1500 0.3160 0.3000 0.1900 0.0000 0.1410 0.2480 0.3010 0.1760 0.2560 0.1660 0.1770 0.2300 0.2740 0.2460 0.0420 0.1820 0.3600 0.3980
0.1670 0.1740 0.2910 0.3730 0.2540 0.2590 0.1410 0.0000 0.2120 0.3110 0.3170 0.2100 0.2080 0.2830 0.3320 0.3760 0.3520 0.0990 0.2840 0.2580 0.3360
0.2260 0.2780 0.1890 0.2820 0.3830 0.2810 0.2480 0.2120 0.0000 0.2330 0.2220 0.4000 0.4140 0.0710 0.3740 0.3140 0.1400 0.2900 0.3260 0.3620 0.4400
0.3270 0.2570 0.2720 0.3830 0.2260 0.3640 0.3010 0.3110 0.2330 0.0000 0.2930 0.2110 0.3930 0.1720 0.3030 0.3770 0.1030 0.2590 0.2850 0.1730 0.3310
0.2180 0.4520 0.1280 0.1480 0.2320 0.2200 0.1760 0.3170 0.2220 0.2930 0.0000 0.1880 0.3210 0.2590 0.2610 0.1940 0.1900 0.2180 0.2130 0.3910 0.4320
0.3080 0.3000 0.2510 0.2920 0.0440 0.2620 0.2560 0.2100 0.4000 0.2110 0.1880 0.0000 0.1820 0.3360 0.1220 0.1660 0.3140 0.2780 0.0740 0.2520 0.3860
0.2760 0.3660 0.3160 0.3270 0.1890 0.2380 0.1660 0.2080 0.4140 0.3930 0.3210 0.1820 0.0000 0.3430 0.1520 0.2000 0.4120 0.2080 0.1080 0.2820 0.4200
0.2870 0.2490 0.2600 0.2110 0.3800 0.3520 0.1770 0.2830 0.0710 0.1720 0.2590 0.3360 0.3430 0.0000 0.3080 0.3540 0.0690 0.2190 0.2620 0.3330 0.4110
0.1860 0.2140 0.2320 0.3040 0.1660 0.1400 0.2300 0.3320 0.3740 0.3030 0.2610 0.1220 0.1520 0.3080 0.0000 0.1400 0.3770 0.2540 0.0480 0.1300 0.2880
0.3070 0.3540 0.2490 0.3420 0.2100 0.1570 0.2740 0.3760 0.3140 0.3770 0.1940 0.1660 0.2000 0.3540 0.1400 0.0000 0.3100 0.3160 0.0920 0.2700 0.4280
0.3560 0.3180 0.3180 0.2800 0.3290 0.3700 0.2460 0.3520 0.1400 0.1030 0.1900 0.3140 0.4120 0.0690 0.3770 0.3100 0.0000 0.2880 0.3310 0.2760 0.4340
0.0680 0.2730 0.1920 0.2740 0.3220 0.1720 0.0420 0.0990 0.2900 0.2590 0.2180 0.2780 0.2080 0.2190 0.2540 0.3160 0.2880 0.0000 0.2240 0.3570 0.3560
0.2340 0.2620 0.2800 0.2560 0.1180 0.1880 0.1820 0.2840 0.3260 0.2850 0.2130 0.0740 0.1080 0.2620 0.0480 0.0920 0.3310 0.2240 0.0000 0.1780 0.3360
0.3160 0.0840 0.3620 0.3880 0.2230 0.2700 0.3600 0.2580 0.3620 0.1730 0.3910 0.2520 0.2820 0.3330 0.1300 0.2700 0.2760 0.3570 0.1780 0.0000 0.1580
0.2880 0.1620 0.4540 0.2840 0.3420 0.3930 0.3980 0.3360 0.4400 0.3310 0.4320 0.3860 0.4200 0.4110 0.2880 0.4280 0.4340 0.3560 0.3360 0.1580 0.0000

max_dist:
0.0000 0.6590 0.4980 0.5320 0.6930 0.3140 0.6420 0.6140 0.2580 0.6280 0.8260 0.7140 0.6310 0.7740 0.4020 0.4440 0.5900 0.6670 0.4260 0.6060 0.3740
0.6590 0.0000 0.7850 0.3930 0.5620 0.5390 0.6360 0.8390 0.4680 0.6160 0.7870 0.7140 0.7140 0.6420 0.4490 0.4780 0.6320 0.7020 0.6600 0.1560 0.2850
0.4980 0.7850 0.0000 0.6870 0.7120 0.3470 0.5320 0.6470 0.3170 0.6610 0.4010 0.4140 0.6790 0.6140 0.7430 0.6190 0.6050 0.8830 0.6590 0.7300 0.8720
0.5320 0.3930 0.6870 0.0000 0.6280 0.5480 0.7870 0.6070 0.7450 0.5400 0.5400 0.7600 0.3980 0.6950 0.4300 0.7920 0.7580 0.3090 0.5480 0.5490 0.6680
0.6930 0.5620 0.7120 0.6280 0.0000 0.6020 0.5600 0.5300 0.5460 0.6890 0.8510 0.3220 0.3990 0.6700 0.5440 0.8390 0.8820 0.8440 0.6520 0.4060 0.5060
0.3140 0.5390 0.3470 0.5480 0.6020 0.0000 0.4860 0.3000 0.5720 0.5100 0.7480 0.4860 0.3320 0.6760 0.5540 0.7330 0.5050 0.7140 0.6360 0.3830 0.6880
0.6420 0.6360 0.5320 0.7870 0.5600 0.4860 0.0000 0.7860 0.6620 0.4810 0.4520 0.6240 0.6240 0.7040 0.6860 0.8540 0.4500 0.4780 0.3200 0.5220 0.5670
0.6140 0.8390 0.6470 0.6070 0.5300 0.3000 0.7860 0.0000 0.6800 0.4740 0.7300 0.4410 0.5300 0.3760 0.7130 0.7080 0.4660 0.4140 0.5620 0.6830 0.6380
0.2580 0.4680 0.3170 0.7450 0.5460 0.5720 0.6620 0.6800 0.0000 0.4960 0.5860 0.7240 0.6160 0.7690 0.6120 0.3840 0.8480 0.5660 0.3420 0.6240 0.6140
0.6280 0.6160 0.6610 0.5400 0.6890 0.5100 0.4810 0.4740 0.4960 0.0000 0.4350 0.6710 0.6580 0.5020 0.7670 0.7280 0.4100 0.7540 0.4140 0.6130 0.7320
0.8260 0.7870 0.4010 0.5400 0.8510 0.7480 0.4520 0.7300 0.5860 0.4350 0.0000 0.6800 0.4520 0.7380 0.6750 0.4020 0.3540 0.7320 0.6700 0.7250 0.8600
0.7140 0.7140 0.4140 0.7600 0.3220 0.4860 0.6240 0.4410 0.7240 0.6710 0.6800 0.0000 0.4780 0.6140 0.3300 0.7860 0.7160 0.6410 0.7270 0.5580 0.5500
0.6310 0.7140 0.6790 0.3980 0.3990 0.3320 0.6240 0.5300 0.6160 0.6580 0.4520 0.4780 0.0000 0.6960 0.5070 0.5700 0.5490 0.5750 0.3040 0.7150 0.6980
0.7740 0.6420 0.6140 0.6950 0.6700 0.6760 0.7040 0.3760 0.7690 0.5020 0.7380 0.6140 0.6960 0.0000 0.4460 0.6620 0.3840 0.3860 0.4270 0.6030 0.7380
0.4020 0.4490 0.7430 0.4300 0.5440 0.5540 0.6860 0.7130 0.6120 0.7670 0.6750 0.3300 0.5070 0.4460 0.0000 0.8460 0.5440 0.4620 0.6460 0.3660 0.5160
0.4440 0.4780 0.6190 0.7920 0.8390 0.7330 0.8540 0.7080 0.3840 0.7280 0.4020 0.7860 0.5700 0.6620 0.8460 0.0000 0.5080 0.8880 0.7260 0.5270 0.6120
0.5900 0.6320 0.6050 0.7580 0.8820 0.5050 0.4500 0.4660 0.8480 0.4100 0.3540 0.7160 0.5490 0.3840 0.5440 0.5080 0.0000 0.6220 0.6660 0.4760 0.5800
0.6670 0.7020 0.8830 0.3090 0.8440 0.7140 0.4780 0.4140 0.5660 0.7540 0.7320 0.6410 0.5750 0.3860 0.4620 0.8880 0.6220 0.0000 0.6950 0.5720 0.5100
0.4260 0.6600 0.6590 0.5480 0.6520 0.6360 0.3200 0.5620 0.3420 0.4140 0.6700 0.7270 0.3040 0.4270 0.6460 0.7260 0.6660 0.6950 0.0000 0.5040 0.8000
0.6060 0.1560 0.7300 0.5490 0.4060 0.3830 0.5220 0.6830 0.6240 0.6130 0.7250 0.5580 0.7150 0.6030 0.3660 0.5270 0.4760 0.5720 0.5040 0.0000 0.4410
0.3740 0.2850 0.8720 0.6680 0.5060 0.6880 0.5670 0.6380 0.6140 0.7320 0.8600 0.5500 0.6980 0.7380 0.5160 0.6120 0.5800 0.5100 0.8000 0.4410 0.0000

--- Contains 5 samples ---

--- Sample 1 ---
node_demand:
0.0667
0.1667
0.2000
0.3000
0.3000
0.2000
0.1667
0.0667
0.2667
0.3000
0.2667
0.1667
0.2333
0.2667
0.2667
0.0667
0.2000
0.2667
0.1667
0.3000

dist_matrix:
0.0000 0.3006 0.2526 0.3723 0.6583 0.2558 0.1557 0.1787 0.2410 0.4945 0.6150 0.5806 0.3463 0.4654 0.2601 0.4010 0.4961 0.3805 0.3989 0.3618 0.3596
0.5149 0.0000 0.4759 0.3305 0.4878 0.5128 0.5376 0.6035 0.4088 0.3035 0.5360 0.5110 0.4128 0.4543 0.3406 0.3910 0.4763 0.4228 0.6418 0.1218 0.2784
0.2658 0.5431 0.0000 0.6792 0.4852 0.3060 0.2955 0.3115 0.2278 0.4363 0.3273 0.3440 0.5994 0.3480 0.2647 0.2768 0.4813 0.2245 0.4528 0.4729 0.5370
0.4698 0.3735 0.5782 0.0000 0.5034 0.3994 0.5280 0.5741 0.2907 0.4578 0.3474 0.7202 0.3598 0.2923 0.4115 0.6380 0.4308 0.3002 0.4684 0.4655 0.3930
0.5448 0.5434 0.3878 0.2963 0.0000 0.4490 0.5587 0.3340 0.5132 0.2398 0.4793 0.2785 0.1998 0.6259 0.2896 0.5183 0.5874 0.7324 0.3235 0.3080 0.4632
0.2543 0.3755 0.2492 0.4118 0.5131 0.0000 0.3603 0.2611 0.4455 0.3693 0.5459 0.3667 0.2455 0.4819 0.1691 0.3655 0.4421 0.2955 0.5772 0.3316 0.6628
0.5211 0.4261 0.3321 0.5643 0.4813 0.3373 0.0000 0.2610 0.5339 0.4429 0.3807 0.3096 0.1849 0.3493 0.5749 0.3472 0.2872 0.1564 0.2212 0.4220 0.4891
0.4750 0.3937 0.3761 0.5385 0.3987 0.2834 0.2701 0.0000 0.4716 0.3824 0.4551 0.3700 0.3086 0.3629 0.3591 0.4606 0.3784 0.2965 0.3286 0.4269 0.4353
0.2314 0.3177 0.2979 0.6371 0.4580 0.4867 0.5063 0.4547 0.0000 0.2652 0.3025 0.5623 0.4890 0.5261 0.5688 0.3265 0.4792 0.4336 0.3402 0.4383 0.4979
0.5449 0.2653 0.2998 0.4332 0.5750 0.4641 0.3303 0.3319 0.3414 0.0000 0.3936 0.4954 0.5926 0.4807 0.7055 0.7108 0.1248 0.5711 0.4110 0.1826 0.4004
0.7821 0.6235 0.3384 0.1587 0.7237 0.5679 0.2191 0.3837 0.3192 0.4095 0.0000 0.4785 0.3965 0.3068 0.4630 0.2604 0.3177 0.5127 0.4617 0.4350 0.8480
0.3238 0.4583 0.3569 0.7024 0.1759 0.4511 0.5529 0.4085 0.4591 0.4831 0.5080 0.0000 0.3678 0.6128 0.1425 0.4771 0.4449 0.3004 0.5035 0.5409 0.4287
0.5842 0.4722 0.4939 0.3330 0.2831 0.2695 0.3206 0.4120 0.5245 0.6260 0.4278 0.4308 0.0000 0.3626 0.2804 0.4044 0.4412 0.2861 0.2338 0.3015 0.5510
0.5713 0.3843 0.4844 0.5017 0.5842 0.4981 0.6492 0.3478 0.3512 0.3748 0.5987 0.4162 0.4842 0.0000 0.3934 0.3560 0.2884 0.2390 0.3271 0.4332 0.4423
0.3504 0.3543 0.4135 0.3822 0.5089 0.4175 0.2307 0.6464 0.5519 0.3601 0.4223 0.3219 0.2797 0.4460 0.0000 0.6603 0.5043 0.2940 0.0825 0.3005 0.4055
0.3424 0.3730 0.2528 0.7478 0.3267 0.2514 0.4754 0.4551 0.3696 0.6477 0.1951 0.4306 0.3103 0.5302 0.5782 0.0000 0.3653 0.3681 0.5659 0.4353 0.5969
0.3712 0.3600 0.4504 0.6309 0.3384 0.4697 0.4008 0.3876 0.7386 0.1695 0.2394 0.4535 0.5038 0.1050 0.4944 0.3850 0.0000 0.5818 0.5426 0.4485 0.4947
0.1663 0.3593 0.3012 0.2951 0.3691 0.2183 0.4214 0.1355 0.5605 0.3352 0.2324 0.3003 0.4596 0.2829 0.3240 0.7435 0.5115 0.0000 0.3222 0.5276 0.4425
0.3876 0.3910 0.5393 0.3820 0.6462 0.2531 0.2962 0.5613 0.3344 0.3928 0.5052 0.4487 0.2616 0.4073 0.4877 0.3889 0.5310 0.3716 0.0000 0.4107 0.7707
0.4477 0.1147 0.4304 0.4764 0.2656 0.2881 0.4813 0.3344 0.6158 0.3244 0.4899 0.3101 0.4696 0.5462 0.3498 0.3684 0.4005 0.4682 0.3238 0.0000 0.3783
0.2891 0.2442 0.7450 0.6257 0.3733 0.6589 0.4612 0.4040 0.4757 0.6076 0.6449 0.4946 0.4725 0.4299 0.3826 0.4645 0.5769 0.3737 0.5617 0.3193 0.0000

--- Sample 2 ---
node_demand:
0.0667
0.1667
0.2000
0.3000
0.3000
0.2000
0.1667
0.0667
0.2667
0.3000
0.2667
0.1667
0.2333
0.2667
0.2667
0.0667
0.2000
0.2667
0.1667
0.3000

dist_matrix:
0.0000 0.4469 0.3844 0.4444 0.5034 0.2887 0.5889 0.4750 0.2293 0.5187 0.6777 0.7064 0.4983 0.7735 0.3596 0.4257 0.5653 0.5147 0.3122 0.3643 0.3545
0.3061 0.0000 0.4818 0.3899 0.4464 0.4602 0.4418 0.7900 0.4097 0.6075 0.6332 0.6436 0.3724 0.3615 0.4051 0.4143 0.5287 0.3700 0.5604 0.0931 0.1704
0.2427 0.4313 0.0000 0.5596 0.3934 0.2542 0.1686 0.4640 0.2375 0.6411 0.1841 0.2523 0.6343 0.3686 0.3109 0.3570 0.5375 0.4902 0.6161 0.4760 0.6298
0.3069 0.3870 0.4946 0.0000 0.4431 0.4282 0.4656 0.5361 0.4516 0.5021 0.3043 0.7270 0.3898 0.3015 0.4075 0.3827 0.4988 0.2927 0.4309 0.3946 0.6033
0.4725 0.2657 0.4636 0.6256 0.0000 0.5358 0.3100 0.2602 0.4177 0.5835 0.7393 0.1499 0.2810 0.5474 0.2986 0.5643 0.8778 0.5467 0.2211 0.3561 0.4137
0.2454 0.5343 0.1499 0.5153 0.5079 0.0000 0.3257 0.2900 0.3521 0.5100 0.2562 0.4855 0.2810 0.4823 0.3796 0.4283 0.3788 0.6703 0.2766 0.2990 0.4753
0.1844 0.5473 0.2691 0.4471 0.4357 0.2480 0.0000 0.2776 0.4189 0.4668 0.4426 0.5092 0.1739 0.3304 0.4658 0.7432 0.3084 0.3487 0.2145 0.4547 0.4325
0.4965 0.5926 0.5330 0.5473 0.3065 0.2766 0.1448 0.0000 0.6246 0.3636 0.4833 0.2322 0.4567 0.3601 0.6348 0.7041 0.4253 0.1258 0.4702 0.3447 0.4586
0.2353 0.2861 0.2439 0.7057 0.5108 0.4198 0.6310 0.3874 0.0000 0.2842 0.4013 0.4102 0.4911 0.3321 0.4737 0.3539 0.7429 0.4703 0.3330 0.3687 0.4860
0.4360 0.3255 0.4115 0.4265 0.5476 0.3995 0.3936 0.3134 0.3644 0.0000 0.3624 0.4475 0.4569 0.1803 0.3989 0.5415 0.1462 0.3070 0.3624 0.3876 0.6379
0.7530 0.5370 0.2366 0.4434 0.6281 0.4345 0.3543 0.4306 0.5656 0.3396 0.0000 0.3056 0.4010 0.3578 0.3470 0.2939 0.2214 0.2562 0.2880 0.5546 0.5590
0.3946 0.6857 0.4013 0.3480 0.2146 0.4834 0.4878 0.2708 0.5018 0.4879 0.5808 0.0000 0.3318 0.6006 0.2896 0.6596 0.4419 0.5630 0.1020 0.4521 0.4292
0.4862 0.6217 0.5039 0.3616 0.3918 0.3193 0.2848 0.4492 0.5926 0.5981 0.3247 0.4630 0.0000 0.6855 0.2465 0.5377 0.5173 0.3418 0.2364 0.6057 0.4315
0.3020 0.4261 0.4618 0.3517 0.4906 0.6268 0.6094 0.2972 0.2318 0.3174 0.5118 0.3636 0.4974 0.0000 0.3237 0.3605 0.2168 0.2901 0.3103 0.4376 0.6255
0.3194 0.2415 0.6407 0.3767 0.3590 0.5267 0.2449 0.6038 0.4868 0.3940 0.4062 0.1322 0.3865 0.3590 0.0000 0.3278 0.4894 0.4393 0.4796 0.3217 0.2908
0.3112 0.4403 0.4778 0.6456 0.6499 0.2194 0.3041 0.6308 0.3206 0.4811 0.2616 0.7647 0.3118 0.4858 0.4425 0.0000 0.4740 0.7691 0.1497 0.4954 0.5925
0.5504 0.3496 0.5647 0.6696 0.4856 0.3710 0.2562 0.3596 0.3425 0.2713 0.3274 0.6078 0.5382 0.2061 0.4404 0.3809 0.0000 0.5631 0.5621 0.2945 0.5725
0.6564 0.5765 0.7719 0.3032 0.4048 0.5295 0.2582 0.3029 0.5008 0.7323 0.4420 0.4793 0.2661 0.2840 0.3207 0.6965 0.5593 0.0000 0.3638 0.4072 0.4282
0.4249 0.4372 0.3072 0.4150 0.1681 0.5903 0.1901 0.4636 0.3381 0.3733 0.5697 0.6080 0.1814 0.2964 0.4624 0.1673 0.4807 0.6673 0.0000 0.3337 0.5866
0.5662 0.0860 0.5873 0.4675 0.3536 0.3076 0.3708 0.5009 0.6224 0.4819 0.7118 0.2882 0.5334 0.5738 0.2160 0.5254 0.3630 0.5615 0.4053 0.0000 0.3988
0.3034 0.1713 0.7417 0.4505 0.3448 0.4538 0.4537 0.4053 0.4494 0.6066 0.5445 0.4990 0.4217 0.4878 0.4533 0.4768 0.4856 0.3825 0.3842 0.3449 0.0000

--- Sample 3 ---
node_demand:
0.0667
0.1667
0.2000
0.3000
0.3000
0.2000
0.1667
0.0667
0.2667
0.3000
0.2667
0.1667
0.2333
0.2667
0.2667
0.0667
0.2000
0.2667
0.1667
0.3000

dist_matrix:
0.0000 0.4446 0.4223 0.5008 0.3604 0.3066 0.4901 0.5764 0.2435 0.4805 0.7819 0.5565 0.6257 0.7467 0.2740 0.3453 0.5299 0.6382 0.3628 0.5324 0.3152
0.3141 0.0000 0.6841 0.3175 0.3809 0.4312 0.4035 0.5933 0.2868 0.5401 0.4841 0.6458 0.5393 0.3719 0.2873 0.3925 0.6225 0.4417 0.4928 0.1485 0.2355
0.4778 0.4681 0.0000 0.3697 0.2846 0.2339 0.4812 0.6043 0.3058 0.5357 0.1760 0.2922 0.6344 0.4523 0.4583 0.5663 0.5016 0.7911 0.5602 0.5509 0.6892
0.4245 0.3766 0.3316 0.0000 0.5847 0.4721 0.6843 0.5156 0.5107 0.4768 0.2953 0.5587 0.3792 0.6874 0.4285 0.3533 0.7404 0.2832 0.5334 0.5033 0.3527
0.4254 0.4636 0.4363 0.4495 0.0000 0.5185 0.4775 0.4206 0.4049 0.4385 0.5859 0.1807 0.2259 0.3813 0.4505 0.4868 0.5691 0.5891 0.6021 0.3903 0.4782
0.2925 0.4340 0.1812 0.4907 0.5816 0.0000 0.3593 0.2739 0.3582 0.4925 0.4688 0.4271 0.2839 0.3869 0.5325 0.5758 0.4201 0.2576 0.6319 0.3476 0.5936
0.4762 0.3764 0.3577 0.7768 0.3701 0.3979 0.0000 0.2064 0.5395 0.4749 0.4360 0.4364 0.1985 0.2954 0.6659 0.6883 0.2534 0.0976 0.2880 0.4990 0.4119
0.2205 0.5922 0.5247 0.3992 0.4944 0.2676 0.7078 0.0000 0.2274 0.3918 0.5367 0.3147 0.2296 0.3596 0.5360 0.4572 0.4164 0.2525 0.5397 0.5493 0.4326
0.2411 0.3000 0.2093 0.7209 0.4047 0.5487 0.3475 0.4152 0.0000 0.4506 0.3703 0.5257 0.4601 0.3316 0.4043 0.3462 0.2331 0.5621 0.3346 0.4501 0.5015
0.3765 0.4600 0.4812 0.4364 0.5635 0.4959 0.3855 0.3697 0.3018 0.0000 0.4345 0.4574 0.6562 0.3562 0.3754 0.4124 0.1587 0.2886 0.3759 0.2065 0.6777
0.6824 0.6948 0.3227 0.1857 0.5616 0.5412 0.3462 0.4807 0.4619 0.3168 0.0000 0.5940 0.3734 0.4224 0.4394 0.2023 0.2306 0.3631 0.2995 0.6273 0.4689
0.5731 0.6002 0.2952 0.3693 0.1793 0.4309 0.5272 0.3034 0.4615 0.6385 0.3854 0.0000 0.2819 0.3555 0.2000 0.6087 0.3688 0.6083 0.6965 0.2895 0.5393
0.3819 0.4707 0.5001 0.3909 0.3505 0.2676 0.4117 0.5003 0.4182 0.5994 0.3752 0.3018 0.0000 0.6311 0.4567 0.4286 0.4926 0.4723 0.1667 0.5450 0.4980
0.5667 0.5327 0.6049 0.6274 0.4899 0.6537 0.5316 0.3645 0.4260 0.2242 0.5323 0.3630 0.3624 0.0000 0.3524 0.5936 0.3165 0.3208 0.4023 0.5413 0.4667
0.3400 0.2358 0.6781 0.3175 0.4373 0.4383 0.5366 0.5868 0.4311 0.4811 0.3817 0.1670 0.3347 0.4298 0.0000 0.1816 0.4508 0.4283 0.4030 0.3093 0.4647
0.3639 0.4472 0.6006 0.6640 0.7105 0.7284 0.4906 0.4100 0.3473 0.6099 0.2241 0.7637 0.3309 0.5287 0.6175 0.0000 0.4175 0.5487 0.6202 0.3818 0.5982
0.5586 0.5628 0.4640 0.4595 0.6523 0.4139 0.2789 0.3730 0.4909 0.3408 0.2319 0.4086 0.5072 0.1500 0.3974 0.4030 0.0000 0.4566 0.6624 0.3444 0.5037
0.1723 0.6423 0.7348 0.2999 0.6427 0.3667 0.4056 0.2409 0.3847 0.3800 0.6914 0.3129 0.5120 0.3390 0.3804 0.7991 0.5572 0.0000 0.4658 0.3787 0.4442
0.2440 0.4645 0.5240 0.3388 0.5196 0.5469 0.2311 0.2956 0.3387 0.3842 0.3388 0.0869 0.1877 0.3556 0.2875 0.6367 0.4359 0.5555 0.0000 0.2969 0.3891
0.5466 0.1050 0.7007 0.3991 0.3789 0.3470 0.4825 0.5301 0.4079 0.5375 0.6084 0.2819 0.6567 0.3871 0.1596 0.3657 0.4368 0.4186 0.4550 0.0000 0.2691
0.3393 0.2645 0.5220 0.3706 0.3646 0.4994 0.5362 0.4462 0.5989 0.6409 0.4759 0.4602 0.6212 0.7234 0.4689 0.6029 0.4494 0.4558 0.6006 0.3725 0.0000

--- Sample 4 ---
node_demand:
0.0667
0.1667
0.2000
0.3000
0.3000
0.2000
0.1667
0.0667
0.2667
0.3000
0.2667
0.1667
0.2333
0.2667
0.2667
0.0667
0.2000
0.2667
0.1667
0.3000

dist_matrix:
0.0000 0.3515 0.2863 0.4596 0.4651 0.2838 0.3031 0.4697 0.2278 0.5897 0.2645 0.6023 0.3274 0.6869 0.2531 0.3116 0.4126 0.5404 0.3566 0.4530 0.3467
0.4524 0.0000 0.6983 0.3713 0.2808 0.5077 0.4611 0.3736 0.4459 0.2703 0.5179 0.4470 0.6010 0.3572 0.3092 0.3576 0.4763 0.2991 0.3896 0.1225 0.2218
0.2239 0.5897 0.0000 0.6116 0.2859 0.2819 0.4726 0.5356 0.2396 0.4604 0.1790 0.3720 0.3955 0.5415 0.4897 0.3162 0.4878 0.8294 0.3920 0.6881 0.8255
0.4277 0.3257 0.6684 0.0000 0.4491 0.5420 0.3381 0.5173 0.4148 0.4604 0.2451 0.6322 0.3815 0.2989 0.4208 0.7000 0.5621 0.2879 0.4608 0.4749 0.3913
0.5106 0.5472 0.4259 0.6262 0.0000 0.5119 0.4657 0.4539 0.5038 0.5611 0.7349 0.1293 0.2992 0.6014 0.2746 0.3497 0.7283 0.4941 0.2549 0.3689 0.4300
0.3044 0.4187 0.1047 0.4339 0.3134 0.0000 0.3072 0.2813 0.4330 0.3644 0.7206 0.3407 0.2858 0.5027 0.5409 0.3957 0.4471 0.1782 0.3280 0.2973 0.5286
0.5576 0.4439 0.3142 0.4116 0.4669 0.4781 0.0000 0.3767 0.6372 0.3704 0.2064 0.5653 0.4727 0.2847 0.6296 0.7235 0.2807 0.3178 0.2717 0.4011 0.4052
0.3441 0.6854 0.5005 0.4922 0.5108 0.2616 0.5474 0.0000 0.4451 0.3398 0.5790 0.2527 0.2286 0.3148 0.4295 0.6237 0.3647 0.2217 0.3062 0.6328 0.3559
0.2375 0.4562 0.2515 0.4910 0.5308 0.3425 0.5063 0.3428 0.0000 0.4003 0.3002 0.6858 0.4529 0.3725 0.5036 0.3638 0.7140 0.4468 0.3359 0.4839 0.4655
0.5218 0.3278 0.6154 0.4418 0.4015 0.5067 0.3999 0.4003 0.4407 0.0000 0.3566 0.5657 0.5892 0.4516 0.6560 0.6748 0.3191 0.4377 0.3116 0.4438 0.5182
0.3897 0.5339 0.1707 0.4634 0.5649 0.2943 0.2403 0.3535 0.4217 0.4263 0.0000 0.2355 0.3311 0.5552 0.5741 0.2081 0.2924 0.6629 0.3618 0.6283 0.5811
0.3550 0.5198 0.3414 0.7189 0.0949 0.4540 0.3395 0.3118 0.7001 0.2543 0.5136 0.0000 0.1834 0.5812 0.2702 0.7716 0.6814 0.3853 0.3385 0.2615 0.5285
0.3692 0.5525 0.5136 0.3524 0.2581 0.2716 0.3040 0.4573 0.5373 0.4606 0.3750 0.3732 0.0000 0.6559 0.1857 0.5503 0.4293 0.5360 0.2771 0.6882 0.4469
0.7247 0.5862 0.3639 0.6450 0.6230 0.6046 0.5330 0.3201 0.5758 0.2291 0.5848 0.3978 0.4036 0.0000 0.3383 0.6511 0.2550 0.2535 0.2825 0.3769 0.6037
0.2243 0.4299 0.3198 0.3684 0.3520 0.3908 0.6026 0.4029 0.4963 0.5104 0.5245 0.3196 0.3287 0.4146 0.0000 0.4073 0.3808 0.2631 0.2245 0.2792 0.3710
0.3259 0.3942 0.4710 0.7744 0.7848 0.6148 0.7284 0.3961 0.3650 0.3859 0.3804 0.6854 0.3982 0.3628 0.2118 0.0000 0.3234 0.4622 0.2062 0.3094 0.5854
0.5480 0.5977 0.5578 0.5744 0.4758 0.3809 0.4211 0.3807 0.8220 0.2752 0.2448 0.4209 0.5092 0.1787 0.5229 0.4894 0.0000 0.3225 0.6191 0.3000 0.5394
0.2626 0.5586 0.6125 0.3030 0.4916 0.5220 0.3526 0.2847 0.5266 0.4040 0.7253 0.3851 0.3418 0.2816 0.3502 0.8679 0.5078 0.0000 0.3380 0.3661 0.4532
0.2639 0.3235 0.4883 0.4447 0.2495 0.5377 0.3095 0.4809 0.3413 0.3760 0.3554 0.4392 0.2996 0.2770 0.4255 0.2823 0.3517 0.2674 0.0000 0.4483 0.7990
0.4375 0.1088 0.5881 0.4167 0.3826 0.3177 0.4175 0.2931 0.4658 0.2084 0.7046 0.4043 0.2970 0.4242 0.3549 0.5170 0.3805 0.4072 0.3364 0.0000 0.2865
0.3576 0.1809 0.7291 0.3696 0.3897 0.6864 0.4450 0.4291 0.4628 0.6943 0.4511 0.4378 0.5054 0.6451 0.3413 0.4844 0.5043 0.4616 0.6308 0.3033 0.0000

--- Sample 5 ---
node_demand:
0.0667
0.1667
0.2000
0.3000
0.3000
0.2000
0.1667
0.0667
0.2667
0.3000
0.2667
0.1667
0.2333
0.2667
0.2667
0.0667
0.2000
0.2667
0.1667
0.3000

dist_matrix:
0.0000 0.4221 0.2850 0.5267 0.5125 0.2991 0.4596 0.3995 0.2345 0.3382 0.7580 0.6197 0.6188 0.3973 0.3297 0.4223 0.4744 0.2265 0.2973 0.4403 0.3473
0.5901 0.0000 0.5188 0.3266 0.4047 0.5088 0.5708 0.4321 0.3393 0.5475 0.5568 0.4104 0.3893 0.2677 0.3009 0.4690 0.4568 0.4669 0.2901 0.1142 0.2825
0.2339 0.6197 0.0000 0.3756 0.5492 0.3218 0.5265 0.5677 0.2110 0.6236 0.2167 0.3743 0.3345 0.4538 0.6480 0.5973 0.5812 0.2591 0.6152 0.6198 0.7600
0.3814 0.3676 0.6189 0.0000 0.5344 0.4006 0.6583 0.5998 0.5701 0.4895 0.2908 0.3864 0.3460 0.3850 0.3193 0.7026 0.4038 0.2864 0.4468 0.4768 0.5063
0.3793 0.4152 0.4259 0.4415 0.0000 0.3350 0.5570 0.2813 0.4005 0.3163 0.2569 0.1458 0.3123 0.4071 0.2665 0.7524 0.3641 0.8321 0.3815 0.4022 0.3613
0.2862 0.4350 0.2090 0.4122 0.5908 0.0000 0.2807 0.2941 0.4302 0.4059 0.7267 0.2870 0.2599 0.5629 0.3487 0.3867 0.4645 0.4917 0.3641 0.3590 0.6238
0.6380 0.3785 0.3059 0.7236 0.5323 0.4246 0.0000 0.2366 0.4174 0.4612 0.4135 0.4729 0.3075 0.6478 0.4096 0.4743 0.4433 0.2350 0.2483 0.4453 0.4069
0.4011 0.3693 0.6191 0.5423 0.4190 0.2803 0.7752 0.0000 0.5419 0.3695 0.3846 0.2699 0.3488 0.2961 0.4749 0.5761 0.3955 0.3999 0.5529 0.5595 0.5535
0.2385 0.2841 0.1918 0.2920 0.4595 0.5135 0.5020 0.6703 0.0000 0.3849 0.4345 0.6623 0.5374 0.7490 0.4908 0.3367 0.5421 0.5286 0.3311 0.4469 0.5645
0.4821 0.2790 0.4194 0.4854 0.6774 0.4834 0.3928 0.4075 0.2826 0.0000 0.3904 0.3297 0.5002 0.4817 0.3691 0.6385 0.3912 0.3993 0.2896 0.5577 0.7292
0.4353 0.7709 0.1686 0.3714 0.2469 0.5968 0.2868 0.5133 0.3743 0.3472 0.0000 0.2359 0.3425 0.4737 0.2741 0.2476 0.2515 0.3258 0.4640 0.6711 0.4691
0.3997 0.5798 0.3790 0.6496 0.0539 0.4156 0.3782 0.2711 0.5490 0.5185 0.2200 0.0000 0.4118 0.5917 0.3042 0.5907 0.4727 0.3489 0.4907 0.3326 0.5332
0.3375 0.5348 0.6553 0.3972 0.3730 0.3093 0.2940 0.2397 0.5681 0.5019 0.3281 0.4145 0.0000 0.3685 0.1630 0.3260 0.4945 0.4396 0.1397 0.5604 0.4784
0.3550 0.4121 0.4977 0.6435 0.5022 0.6132 0.2290 0.2932 0.6918 0.4893 0.5113 0.5117 0.5187 0.0000 0.3632 0.5342 0.2858 0.3529 0.3766 0.5550 0.7065
0.3038 0.4088 0.6670 0.3717 0.1696 0.2235 0.4366 0.4660 0.5543 0.3992 0.3206 0.2961 0.3631 0.3471 0.0000 0.7906 0.4398 0.2864 0.5257 0.1627 0.4300
0.3667 0.4561 0.2619 0.6150 0.6587 0.6778 0.3964 0.5842 0.3671 0.5426 0.2250 0.4194 0.5178 0.4199 0.4640 0.0000 0.5019 0.6132 0.3405 0.3547 0.5928
0.5647 0.3818 0.3972 0.7356 0.7948 0.4750 0.4476 0.4182 0.1892 0.3315 0.2626 0.6208 0.4137 0.3731 0.3837 0.4712 0.0000 0.5178 0.5065 0.3147 0.5416
0.2702 0.6089 0.5393 0.3078 0.4820 0.6913 0.2542 0.3580 0.4148 0.4086 0.4198 0.5946 0.5118 0.3044 0.3254 0.8598 0.3007 0.0000 0.5143 0.4787 0.4318
0.3842 0.3856 0.3814 0.3090 0.2320 0.6329 0.2642 0.4960 0.3356 0.3647 0.3854 0.2602 0.1241 0.2979 0.4355 0.6633 0.6343 0.2263 0.0000 0.4180 0.4326
0.4751 0.1137 0.5688 0.4340 0.3478 0.2782 0.5073 0.3653 0.6089 0.2930 0.5260 0.3304 0.5277 0.3758 0.3480 0.4876 0.4758 0.5233 0.4409 0.0000 0.1631
0.3498 0.2817 0.6921 0.5294 0.4877 0.5800 0.4547 0.4149 0.4707 0.4246 0.6740 0.3891 0.5439 0.6646 0.4124 0.4959 0.4444 0.4538 0.5265 0.2646 0.0000
