min_dist:
0.0000 0.0980 0.2540 0.3200 0.1760 0.3120 0.0560 0.3100 0.0800 0.1920 0.1660 0.0220 0.0880 0.2110 0.2510 0.1500 0.1280 0.1850 0.2290 0.2140 0.1830
0.0980 0.0000 0.2220 0.3130 0.2620 0.3050 0.1420 0.3050 0.0730 0.2450 0.1590 0.1200 0.1460 0.3090 0.2440 0.0840 0.2260 0.2830 0.2220 0.2260 0.1760
0.2540 0.2220 0.0000 0.3080 0.2860 0.1720 0.3100 0.4490 0.2630 0.2660 0.3180 0.2760 0.1660 0.3820 0.0920 0.2280 0.2880 0.3180 0.3170 0.2920 0.3350
0.3200 0.3130 0.3080 0.0000 0.4560 0.4360 0.3370 0.5060 0.2400 0.2190 0.3260 0.3420 0.3320 0.4510 0.4000 0.3940 0.3390 0.2710 0.3620 0.2060 0.2100
0.1760 0.2620 0.2860 0.4560 0.0000 0.3860 0.1200 0.4680 0.2560 0.3160 0.2710 0.1540 0.2640 0.3870 0.1940 0.3260 0.2600 0.3040 0.2080 0.2660 0.2470
0.3120 0.3050 0.1720 0.4360 0.3860 0.0000 0.3680 0.3460 0.2320 0.2940 0.1460 0.3340 0.3380 0.4160 0.2640 0.3760 0.4140 0.3460 0.1780 0.2300 0.2980
0.0560 0.1420 0.3100 0.3370 0.1200 0.3680 0.0000 0.3480 0.1360 0.1960 0.2220 0.0340 0.1440 0.2670 0.3070 0.2060 0.1400 0.2080 0.2690 0.2690 0.1270
0.3100 0.3050 0.4490 0.5060 0.4680 0.3460 0.3480 0.0000 0.3780 0.3400 0.2950 0.3140 0.2830 0.3100 0.4700 0.2210 0.3560 0.2880 0.3580 0.3660 0.2960
0.0800 0.0730 0.2630 0.2400 0.2560 0.2320 0.1360 0.3780 0.0000 0.2720 0.0860 0.1020 0.1680 0.2910 0.1710 0.1570 0.2080 0.2540 0.1490 0.2380 0.2490
0.1920 0.2450 0.2660 0.2190 0.3160 0.2940 0.1960 0.3400 0.2720 0.0000 0.3580 0.2100 0.2140 0.3140 0.3190 0.2760 0.1200 0.0520 0.3670 0.2110 0.0690
0.1660 0.1590 0.3180 0.3260 0.2710 0.1460 0.2220 0.2950 0.0860 0.3580 0.0000 0.1880 0.2160 0.3770 0.2570 0.2430 0.2940 0.3400 0.0630 0.1520 0.2940
0.0220 0.1200 0.2760 0.3420 0.1540 0.3340 0.0340 0.3140 0.1020 0.2100 0.1880 0.0000 0.1100 0.2330 0.2730 0.1720 0.1060 0.1740 0.2350 0.2360 0.1610
0.0880 0.1460 0.1660 0.3320 0.2640 0.3380 0.1440 0.2830 0.1680 0.2140 0.2160 0.1100 0.0000 0.2990 0.2580 0.0620 0.2160 0.2660 0.2790 0.1260 0.2680
0.2110 0.3090 0.3820 0.4510 0.3870 0.4160 0.2670 0.3100 0.2910 0.3140 0.3770 0.2330 0.2990 0.0000 0.2900 0.3200 0.1940 0.2620 0.4010 0.2450 0.3830
0.2510 0.2440 0.0920 0.4000 0.1940 0.2640 0.3070 0.4700 0.1710 0.3190 0.2570 0.2730 0.2580 0.2900 0.0000 0.3200 0.2340 0.3020 0.2250 0.3780 0.2500
0.1500 0.0840 0.2280 0.3940 0.3260 0.3760 0.2060 0.2210 0.1570 0.2760 0.2430 0.1720 0.0620 0.3200 0.3200 0.0000 0.2780 0.2530 0.2460 0.1880 0.2600
0.1280 0.2260 0.2880 0.3390 0.2600 0.4140 0.1400 0.3560 0.2080 0.1200 0.2940 0.1060 0.2160 0.1940 0.2340 0.2780 0.0000 0.0680 0.3290 0.3310 0.1890
0.1850 0.2830 0.3180 0.2710 0.3040 0.3460 0.2080 0.2880 0.2540 0.0520 0.3400 0.1740 0.2660 0.2620 0.3020 0.2530 0.0680 0.0000 0.3970 0.2630 0.1210
0.2290 0.2220 0.3170 0.3620 0.2080 0.1780 0.2690 0.3580 0.1490 0.3670 0.0630 0.2350 0.2790 0.4010 0.2250 0.2460 0.3290 0.3970 0.0000 0.1560 0.2980
0.2140 0.2260 0.2920 0.2060 0.2660 0.2300 0.2690 0.3660 0.2380 0.2110 0.1520 0.2360 0.1260 0.2450 0.3780 0.1880 0.3310 0.2630 0.1560 0.0000 0.1420
0.1830 0.1760 0.3350 0.2100 0.2470 0.2980 0.1270 0.2960 0.2490 0.0690 0.2940 0.1610 0.2680 0.3830 0.2500 0.2600 0.1890 0.1210 0.2980 0.1420 0.0000

max_dist:
0.0000 0.7860 0.5240 0.4880 0.7790 0.6360 0.4740 0.7260 0.7130 0.4830 0.6600 0.4280 0.3390 0.4780 0.8540 0.3750 0.3860 0.5190 0.7910 0.6670 0.7200
0.7860 0.0000 0.5480 0.4370 0.8580 0.7060 0.3260 0.6180 0.7720 0.7030 0.8060 0.8060 0.6840 0.4150 0.6820 0.4700 0.4000 0.8730 0.5190 0.5320 0.5420
0.5240 0.5480 0.0000 0.7660 0.6810 0.4960 0.5990 0.6830 0.5690 0.6460 0.6120 0.6930 0.2410 0.5840 0.4160 0.5750 0.6460 0.8050 0.8510 0.4790 0.7320
0.4880 0.4370 0.7660 0.0000 0.5730 0.7920 0.6730 0.7820 0.7380 0.5520 0.6320 0.5410 0.6620 0.6790 0.7250 0.7550 0.8330 0.5500 0.7410 0.4990 0.2670
0.7790 0.8580 0.6810 0.5730 0.0000 0.7820 0.7800 0.7640 0.6100 0.7600 0.6510 0.5680 0.4400 0.6820 0.7260 0.4690 0.7630 0.7330 0.8620 0.7430 0.4900
0.6360 0.7060 0.4960 0.7920 0.7820 0.0000 0.5860 0.5220 0.8060 0.4160 0.5220 0.6420 0.6960 0.6820 0.5300 0.5120 0.6640 0.6020 0.4140 0.6530 0.5850
0.4740 0.3260 0.5990 0.6730 0.7800 0.5860 0.0000 0.4090 0.6740 0.7330 0.4800 0.6700 0.3580 0.7410 0.5980 0.5520 0.4480 0.7560 0.5440 0.6860 0.6100
0.7260 0.6180 0.6830 0.7820 0.7640 0.5220 0.4090 0.0000 0.6310 0.4880 0.4380 0.6360 0.4420 0.3560 0.7880 0.4080 0.4900 0.4780 0.8030 0.4980 0.5790
0.7130 0.7720 0.5690 0.7380 0.6100 0.8060 0.6740 0.6310 0.0000 0.7050 0.4140 0.8080 0.7540 0.5820 0.2760 0.6390 0.7200 0.2790 0.6390 0.6580 0.6870
0.4830 0.7030 0.6460 0.5520 0.7600 0.4160 0.7330 0.4880 0.7050 0.0000 0.4760 0.6750 0.6400 0.8440 0.5690 0.6040 0.7920 0.4260 0.6060 0.4490 0.4250
0.6600 0.8060 0.6120 0.6320 0.6510 0.5220 0.4800 0.4380 0.4140 0.4760 0.0000 0.5760 0.6880 0.5110 0.6900 0.7480 0.5790 0.5410 0.4780 0.6080 0.4770
0.4280 0.8060 0.6930 0.5410 0.5680 0.6420 0.6700 0.6360 0.8080 0.6750 0.5760 0.0000 0.4760 0.7220 0.7560 0.7500 0.5920 0.8880 0.3630 0.3740 0.7940
0.3390 0.6840 0.2410 0.6620 0.4400 0.6960 0.3580 0.4420 0.7540 0.6400 0.6880 0.4760 0.0000 0.6000 0.6300 0.4840 0.5000 0.7020 0.6100 0.3280 0.5420
0.4780 0.4150 0.5840 0.6790 0.6820 0.6820 0.7410 0.3560 0.5820 0.8440 0.5110 0.7220 0.6000 0.0000 0.8300 0.6180 0.7890 0.7860 0.4470 0.7010 0.8060
0.8540 0.6820 0.4160 0.7250 0.7260 0.5300 0.5980 0.7880 0.2760 0.5690 0.6900 0.7560 0.6300 0.8300 0.0000 0.6620 0.8180 0.5550 0.4490 0.8290 0.4580
0.3750 0.4700 0.5750 0.7550 0.4690 0.5120 0.5520 0.4080 0.6390 0.6040 0.7480 0.7500 0.4840 0.6180 0.6620 0.0000 0.7610 0.6290 0.6220 0.6920 0.4880
0.3860 0.4000 0.6460 0.8330 0.7630 0.6640 0.4480 0.4900 0.7200 0.7920 0.5790 0.5920 0.5000 0.7890 0.8180 0.7610 0.0000 0.5860 0.5680 0.8160 0.5660
0.5190 0.8730 0.8050 0.5500 0.7330 0.6020 0.7560 0.4780 0.2790 0.4260 0.5410 0.8880 0.7020 0.7860 0.5550 0.6290 0.5860 0.0000 0.5560 0.5750 0.7060
0.7910 0.5190 0.8510 0.7410 0.8620 0.4140 0.5440 0.8030 0.6390 0.6060 0.4780 0.3630 0.6100 0.4470 0.4490 0.6220 0.5680 0.5560 0.0000 0.4060 0.5200
0.6670 0.5320 0.4790 0.4990 0.7430 0.6530 0.6860 0.4980 0.6580 0.4490 0.6080 0.3740 0.3280 0.7010 0.8290 0.6920 0.8160 0.5750 0.4060 0.0000 0.4200
0.7200 0.5420 0.7320 0.2670 0.4900 0.5850 0.6100 0.5790 0.6870 0.4250 0.4770 0.7940 0.5420 0.8060 0.4580 0.4880 0.5660 0.7060 0.5200 0.4200 0.0000

--- Contains 5 samples ---

--- Sample 1 ---
node_demand:
0.1333
0.2333
0.1000
0.2000
0.1333
0.1667
0.1000
0.3000
0.2000
0.2667
0.1333
0.1000
0.0667
0.1000
0.0333
0.0333
0.2333
0.0333
0.2667
0.1667

dist_matrix:
0.0000 0.1279 0.3356 0.4408 0.7270 0.5185 0.2178 0.3927 0.6330 0.2113 0.3979 0.1072 0.2047 0.3022 0.4576 0.2809 0.3128 0.4959 0.5153 0.5958 0.5894
0.6540 0.0000 0.2751 0.3595 0.7710 0.6532 0.2252 0.5352 0.1911 0.4675 0.3827 0.2040 0.2995 0.3192 0.5445 0.3780 0.3904 0.7286 0.3446 0.2689 0.2548
0.4045 0.3600 0.0000 0.5335 0.4555 0.4243 0.3281 0.6570 0.2934 0.3837 0.4132 0.5086 0.2139 0.5099 0.2370 0.4452 0.6224 0.3641 0.3932 0.2995 0.6560
0.4685 0.3961 0.6011 0.0000 0.5165 0.5420 0.5371 0.5316 0.5116 0.3761 0.5334 0.5348 0.5643 0.6578 0.6183 0.5022 0.4231 0.3935 0.4812 0.3115 0.2230
0.6833 0.7216 0.5008 0.4815 0.0000 0.4071 0.7344 0.6256 0.3078 0.6761 0.3023 0.2954 0.3509 0.6664 0.2348 0.4652 0.6067 0.3443 0.2849 0.3060 0.3517
0.4816 0.5250 0.3425 0.5626 0.6080 0.0000 0.4333 0.4564 0.5513 0.3078 0.2758 0.3826 0.5537 0.4790 0.2848 0.4424 0.5588 0.5581 0.2112 0.2689 0.3913
0.2608 0.2476 0.3353 0.5356 0.3921 0.5736 0.0000 0.3642 0.6464 0.5687 0.3475 0.0586 0.3206 0.4639 0.4804 0.4505 0.3225 0.5511 0.2861 0.6172 0.1500
0.3413 0.4830 0.4705 0.6960 0.6011 0.4536 0.3559 0.0000 0.6221 0.4566 0.3498 0.5246 0.3888 0.3290 0.5289 0.3157 0.3831 0.3987 0.6738 0.4563 0.4520
0.3215 0.5127 0.2848 0.4677 0.4507 0.3519 0.3055 0.4890 0.0000 0.4813 0.3408 0.4782 0.5235 0.4825 0.2752 0.3965 0.2193 0.2695 0.3582 0.3711 0.5846
0.4314 0.6344 0.3262 0.3087 0.3879 0.3857 0.5823 0.3569 0.4788 0.0000 0.4756 0.4229 0.5528 0.3964 0.5088 0.4008 0.3887 0.3168 0.4154 0.3160 0.3529
0.3461 0.3949 0.5619 0.5180 0.5791 0.2363 0.2271 0.3522 0.1732 0.3952 0.0000 0.3818 0.6113 0.4416 0.3740 0.3898 0.3852 0.3774 0.0910 0.2009 0.3714
0.1951 0.1268 0.4716 0.5239 0.5353 0.3384 0.3220 0.3240 0.2844 0.4290 0.4169 0.0000 0.1222 0.7077 0.6835 0.3673 0.3564 0.5580 0.2372 0.2777 0.1658
0.2533 0.5657 0.2018 0.4955 0.3887 0.6911 0.1571 0.3821 0.4805 0.6134 0.2648 0.1889 0.0000 0.3715 0.2895 0.4793 0.4916 0.4647 0.4055 0.3143 0.3325
0.2884 0.4098 0.5763 0.6100 0.3976 0.4809 0.2855 0.3282 0.5292 0.3575 0.4503 0.4636 0.4248 0.0000 0.4876 0.5456 0.6287 0.4805 0.4338 0.4215 0.7910
0.5173 0.2661 0.1310 0.6365 0.3266 0.3207 0.4871 0.5236 0.2181 0.5234 0.5439 0.2740 0.3641 0.4895 0.0000 0.4033 0.2796 0.4673 0.3371 0.7718 0.3563
0.2088 0.2053 0.4892 0.5190 0.4362 0.4338 0.4568 0.3012 0.3962 0.5206 0.3172 0.6399 0.4153 0.5168 0.5152 0.0000 0.5575 0.5450 0.4214 0.2789 0.2606
0.2075 0.3321 0.4720 0.6111 0.5963 0.4284 0.3062 0.4100 0.6681 0.4052 0.3876 0.2336 0.4847 0.5811 0.3516 0.5292 0.0000 0.4269 0.4289 0.7917 0.5442
0.5128 0.4507 0.7853 0.4025 0.3170 0.4590 0.6571 0.4191 0.2775 0.4227 0.5226 0.2714 0.4815 0.4336 0.3916 0.3226 0.1066 0.0000 0.4349 0.4257 0.2428
0.2343 0.4556 0.4776 0.4144 0.3443 0.2814 0.2931 0.4890 0.4988 0.5738 0.2064 0.3466 0.5068 0.4333 0.3144 0.4914 0.5260 0.4060 0.0000 0.2975 0.4392
0.5790 0.2320 0.4075 0.2713 0.4780 0.4820 0.6672 0.3975 0.5195 0.2316 0.3366 0.3259 0.2337 0.2862 0.7500 0.5874 0.3708 0.3903 0.2459 0.0000 0.3869
0.6250 0.3415 0.7129 0.2666 0.4167 0.5685 0.3042 0.4964 0.5115 0.3697 0.3884 0.3198 0.3509 0.5892 0.3029 0.3936 0.3956 0.2155 0.3098 0.4174 0.0000

--- Sample 2 ---
node_demand:
0.1333
0.2333
0.1000
0.2000
0.1333
0.1667
0.1000
0.3000
0.2000
0.2667
0.1333
0.1000
0.0667
0.1000
0.0333
0.0333
0.2333
0.0333
0.2667
0.1667

dist_matrix:
0.0000 0.2137 0.4787 0.4389 0.3760 0.3196 0.4529 0.7036 0.1528 0.4328 0.1661 0.0872 0.1093 0.4616 0.7549 0.2307 0.3073 0.4425 0.3308 0.5531 0.4245
0.4074 0.0000 0.4141 0.4111 0.7120 0.6873 0.1584 0.3699 0.6061 0.6507 0.5366 0.4443 0.6087 0.3865 0.4510 0.4192 0.3878 0.8552 0.5097 0.2442 0.3210
0.3922 0.2327 0.0000 0.3147 0.5620 0.4568 0.3308 0.5048 0.3372 0.6244 0.3251 0.6410 0.2374 0.5086 0.3659 0.5304 0.6127 0.4424 0.4066 0.4070 0.4264
0.3862 0.3719 0.6457 0.0000 0.5537 0.5501 0.3976 0.7087 0.3459 0.2295 0.4348 0.3713 0.4664 0.5731 0.4245 0.4341 0.5910 0.4750 0.5880 0.3044 0.2527
0.2083 0.4851 0.4146 0.5378 0.0000 0.6973 0.2130 0.6749 0.5497 0.7357 0.4352 0.4997 0.4281 0.6358 0.5007 0.3816 0.6614 0.5888 0.6718 0.5338 0.2790
0.5855 0.6141 0.2655 0.7352 0.7124 0.0000 0.4792 0.4860 0.4903 0.2943 0.3611 0.4767 0.4977 0.4888 0.3844 0.4693 0.4748 0.5638 0.3044 0.4665 0.4017
0.4205 0.1656 0.3532 0.5181 0.2069 0.4712 0.0000 0.3517 0.2601 0.6567 0.3561 0.2761 0.2132 0.5406 0.3338 0.2833 0.3436 0.6269 0.4907 0.4748 0.4325
0.3563 0.5813 0.5556 0.7688 0.6726 0.3810 0.3525 0.0000 0.4204 0.4040 0.3707 0.5767 0.4068 0.3407 0.6606 0.2316 0.3801 0.4385 0.4694 0.4231 0.5260
0.5520 0.5606 0.3545 0.5080 0.3986 0.4748 0.5349 0.5241 0.0000 0.3776 0.2494 0.4175 0.4803 0.4616 0.2200 0.4886 0.5663 0.2665 0.4919 0.2387 0.6632
0.2959 0.3622 0.3465 0.4577 0.6231 0.2972 0.3292 0.4856 0.4458 0.0000 0.3847 0.5061 0.5371 0.5949 0.3620 0.3867 0.5384 0.2950 0.5014 0.2483 0.2843
0.6183 0.6183 0.4476 0.4899 0.4767 0.4389 0.3628 0.3907 0.1421 0.3964 0.0000 0.2878 0.2343 0.4846 0.3485 0.2564 0.3537 0.5189 0.1361 0.2314 0.4484
0.3221 0.6495 0.4959 0.4198 0.3327 0.4260 0.5986 0.3587 0.7855 0.6460 0.2352 0.0000 0.3330 0.3591 0.7181 0.3585 0.1713 0.5534 0.3012 0.3691 0.1920
0.1720 0.3884 0.1909 0.5987 0.3027 0.5667 0.1979 0.2999 0.4076 0.3662 0.4576 0.1439 0.0000 0.5445 0.4508 0.1310 0.2968 0.6792 0.3685 0.1708 0.3376
0.3060 0.3749 0.4161 0.6386 0.4361 0.6177 0.3662 0.3555 0.5102 0.5064 0.3823 0.3323 0.4075 0.0000 0.7678 0.4288 0.6347 0.3024 0.4102 0.6170 0.6736
0.5637 0.6318 0.1592 0.5258 0.6870 0.3124 0.4396 0.7490 0.2084 0.3239 0.6026 0.3776 0.4983 0.6041 0.0000 0.6121 0.3382 0.5083 0.3004 0.7356 0.4473
0.3663 0.3110 0.4608 0.4794 0.3410 0.5022 0.2634 0.2475 0.3952 0.5745 0.6419 0.4371 0.1024 0.6069 0.4498 0.0000 0.7097 0.4001 0.2760 0.6845 0.4482
0.2111 0.3796 0.6356 0.4505 0.7459 0.6347 0.3184 0.4093 0.4789 0.2910 0.3561 0.5181 0.4970 0.3198 0.7614 0.5565 0.0000 0.3236 0.3909 0.6371 0.2519
0.5170 0.5432 0.6030 0.3370 0.5110 0.3647 0.2341 0.3288 0.2787 0.3660 0.3869 0.6676 0.5351 0.7366 0.5178 0.3285 0.1430 0.0000 0.4736 0.5070 0.2972
0.2761 0.4127 0.6137 0.6011 0.8429 0.3105 0.3475 0.7549 0.4476 0.4356 0.0712 0.3265 0.3538 0.4040 0.4348 0.5248 0.4426 0.4959 0.0000 0.3231 0.3953
0.4036 0.5294 0.4129 0.4025 0.6729 0.3641 0.3667 0.4416 0.4147 0.4246 0.3572 0.3441 0.1541 0.4569 0.6348 0.3821 0.4484 0.4849 0.1590 0.0000 0.2498
0.6980 0.5112 0.3357 0.2419 0.3846 0.4521 0.2989 0.5054 0.4051 0.2095 0.3668 0.4148 0.3005 0.6874 0.4284 0.3700 0.3506 0.3770 0.3773 0.2244 0.0000

--- Sample 3 ---
node_demand:
0.1333
0.2333
0.1000
0.2000
0.1333
0.1667
0.1000
0.3000
0.2000
0.2667
0.1333
0.1000
0.0667
0.1000
0.0333
0.0333
0.2333
0.0333
0.2667
0.1667

dist_matrix:
0.0000 0.6304 0.5177 0.4338 0.5548 0.5571 0.3913 0.6172 0.4630 0.3072 0.3622 0.3528 0.2796 0.4545 0.3380 0.1663 0.2911 0.4135 0.7104 0.3373 0.1973
0.6846 0.0000 0.3145 0.4298 0.3825 0.4240 0.2783 0.4459 0.5774 0.4720 0.5190 0.4457 0.6283 0.3245 0.5329 0.4658 0.3540 0.7532 0.3376 0.2416 0.4624
0.3117 0.3248 0.0000 0.3730 0.4632 0.2518 0.4552 0.5409 0.5323 0.4804 0.5554 0.6322 0.2266 0.4608 0.2813 0.5633 0.6021 0.4373 0.3715 0.4433 0.5790
0.3840 0.3955 0.3785 0.0000 0.5500 0.5426 0.4153 0.6504 0.4531 0.5236 0.6294 0.4587 0.4066 0.5406 0.6371 0.5241 0.6946 0.4672 0.6943 0.4298 0.2405
0.6487 0.4312 0.4633 0.5401 0.0000 0.6157 0.7508 0.6783 0.2958 0.6956 0.5811 0.2182 0.3863 0.5663 0.6314 0.3658 0.7546 0.3926 0.2777 0.3575 0.2485
0.3518 0.7042 0.2303 0.4582 0.7696 0.0000 0.4184 0.4703 0.4190 0.3863 0.4036 0.6365 0.3589 0.5211 0.4210 0.4310 0.4500 0.5020 0.1872 0.6518 0.4431
0.2084 0.1456 0.5203 0.5238 0.2725 0.5637 0.0000 0.4046 0.5864 0.7261 0.2993 0.3555 0.1728 0.5615 0.5294 0.4204 0.3520 0.3947 0.3671 0.4021 0.5466
0.6626 0.4124 0.5927 0.6687 0.4993 0.4685 0.3982 0.0000 0.4111 0.3526 0.3055 0.4786 0.3546 0.3118 0.5011 0.2598 0.4529 0.3049 0.6412 0.4735 0.4005
0.4227 0.1132 0.3655 0.2493 0.3189 0.7124 0.3341 0.4955 0.0000 0.5805 0.2789 0.4242 0.5706 0.4772 0.2308 0.3353 0.5289 0.2789 0.3796 0.4430 0.6512
0.4552 0.2613 0.4931 0.5268 0.4957 0.3544 0.2407 0.4486 0.6586 0.0000 0.3900 0.4537 0.5919 0.3355 0.4423 0.4674 0.7076 0.2144 0.4048 0.3513 0.2284
0.4676 0.5378 0.3622 0.5609 0.6020 0.4585 0.4318 0.4035 0.1629 0.3747 0.0000 0.3757 0.2275 0.4334 0.3894 0.4243 0.3635 0.5334 0.2415 0.1942 0.3378
0.2383 0.4312 0.3478 0.4946 0.4428 0.5503 0.5927 0.5258 0.3860 0.3924 0.5438 0.0000 0.2590 0.4475 0.5199 0.6867 0.2185 0.8648 0.3218 0.2605 0.6884
0.1261 0.4889 0.2014 0.4243 0.3084 0.5462 0.1720 0.4134 0.6076 0.2319 0.6151 0.1387 0.0000 0.4033 0.3627 0.2478 0.3487 0.3480 0.5828 0.3057 0.5300
0.3910 0.3207 0.5164 0.5621 0.5246 0.5840 0.3690 0.3269 0.4637 0.7344 0.3876 0.4140 0.5199 0.0000 0.6198 0.5214 0.2765 0.3734 0.4359 0.3804 0.5485
0.5497 0.2664 0.2838 0.4651 0.4679 0.2783 0.4237 0.6906 0.1900 0.4468 0.5668 0.7053 0.5578 0.6672 0.0000 0.4760 0.4208 0.3562 0.2426 0.6098 0.2677
0.1540 0.2458 0.3310 0.7427 0.3813 0.4888 0.2375 0.2807 0.4660 0.4440 0.2809 0.1834 0.2078 0.3330 0.3588 0.0000 0.3953 0.5470 0.3396 0.3864 0.4466
0.1775 0.2567 0.5100 0.3841 0.3863 0.5590 0.2886 0.3702 0.2862 0.5754 0.5394 0.5509 0.2369 0.3354 0.6674 0.4995 0.0000 0.2148 0.4818 0.3458 0.2372
0.3611 0.8023 0.5843 0.3184 0.7067 0.5759 0.3835 0.3516 0.2562 0.3275 0.4264 0.5560 0.6127 0.7161 0.3876 0.5071 0.5345 0.0000 0.4889 0.5049 0.3857
0.3341 0.5185 0.5120 0.5066 0.3855 0.2633 0.4963 0.5366 0.2417 0.5420 0.2748 0.2959 0.5876 0.4130 0.4210 0.5462 0.4325 0.4763 0.0000 0.4053 0.4761
0.2341 0.4045 0.3466 0.3412 0.3818 0.3718 0.6421 0.4216 0.3919 0.4128 0.3121 0.3626 0.2762 0.5791 0.6649 0.2323 0.4475 0.4176 0.3488 0.0000 0.3528
0.3265 0.2457 0.6463 0.2324 0.4141 0.5035 0.4599 0.5344 0.4877 0.4089 0.4297 0.2624 0.5381 0.6222 0.4264 0.2805 0.4645 0.4470 0.4280 0.1813 0.0000

--- Sample 4 ---
node_demand:
0.1333
0.2333
0.1000
0.2000
0.1333
0.1667
0.1000
0.3000
0.2000
0.2667
0.1333
0.1000
0.0667
0.1000
0.0333
0.0333
0.2333
0.0333
0.2667
0.1667

dist_matrix:
0.0000 0.6501 0.4080 0.4064 0.6400 0.3532 0.2480 0.3662 0.2681 0.4498 0.3032 0.0573 0.2141 0.4276 0.5762 0.1742 0.3751 0.3684 0.5953 0.3951 0.3538
0.2896 0.0000 0.3250 0.3970 0.6837 0.6878 0.3195 0.6168 0.2554 0.6126 0.1805 0.2827 0.3813 0.3528 0.6068 0.1753 0.3209 0.3359 0.4996 0.2400 0.3003
0.3117 0.3595 0.0000 0.6549 0.5559 0.3687 0.5228 0.5959 0.5112 0.6445 0.3919 0.6608 0.1898 0.3913 0.1573 0.5341 0.4962 0.6471 0.8354 0.4246 0.6608
0.4417 0.4320 0.3851 0.0000 0.5311 0.4895 0.3443 0.5918 0.6868 0.2234 0.6247 0.4173 0.6070 0.4948 0.6868 0.4290 0.4928 0.5478 0.4333 0.4974 0.2546
0.5886 0.6526 0.5773 0.4977 0.0000 0.5762 0.4538 0.4758 0.5148 0.5693 0.5375 0.1964 0.2809 0.6802 0.3156 0.3401 0.5482 0.6652 0.4907 0.4649 0.2672
0.4357 0.5766 0.4180 0.7615 0.6580 0.0000 0.5344 0.4387 0.6832 0.3110 0.1462 0.5941 0.5894 0.5649 0.3522 0.4972 0.6561 0.4198 0.2538 0.5012 0.3368
0.2216 0.2000 0.4903 0.6045 0.4485 0.4397 0.0000 0.4032 0.2840 0.4094 0.2322 0.4495 0.1958 0.4032 0.3915 0.3734 0.1444 0.4518 0.4765 0.5728 0.5236
0.5298 0.3984 0.5849 0.6056 0.6396 0.4670 0.3972 0.0000 0.5398 0.3593 0.3128 0.5417 0.2881 0.3311 0.6296 0.3822 0.4752 0.4409 0.7225 0.4873 0.5785
0.6699 0.4172 0.3246 0.4059 0.4629 0.4534 0.3771 0.5262 0.0000 0.6506 0.1612 0.2189 0.5795 0.5389 0.1903 0.5144 0.5906 0.2637 0.6285 0.5266 0.3723
0.3926 0.7029 0.4627 0.4689 0.5627 0.3965 0.3325 0.4418 0.3566 0.0000 0.3643 0.4290 0.4336 0.7521 0.3658 0.5035 0.4194 0.3397 0.5275 0.2223 0.2211
0.3088 0.6957 0.3568 0.4709 0.5651 0.3847 0.2354 0.3994 0.3711 0.4423 0.0000 0.5630 0.2906 0.4709 0.6101 0.6845 0.4600 0.5067 0.3967 0.2964 0.4120
0.1709 0.2778 0.5365 0.4359 0.3854 0.3721 0.4394 0.3920 0.6457 0.3134 0.4877 0.0000 0.2448 0.6315 0.4798 0.2642 0.3206 0.3288 0.3384 0.2597 0.7688
0.1683 0.2645 0.1983 0.6452 0.3496 0.6129 0.2390 0.4059 0.2078 0.5592 0.3231 0.2401 0.0000 0.3492 0.4687 0.2740 0.4611 0.5420 0.5077 0.2907 0.3900
0.2807 0.3151 0.4584 0.5121 0.5031 0.4803 0.7268 0.3369 0.4869 0.3906 0.5092 0.2884 0.3294 0.0000 0.3492 0.4110 0.3205 0.4610 0.4134 0.3313 0.5393
0.3992 0.5924 0.1128 0.6553 0.3589 0.5072 0.4982 0.5582 0.1918 0.4669 0.2797 0.7159 0.4032 0.6329 0.0000 0.4568 0.5078 0.5015 0.4356 0.5513 0.4346
0.2166 0.3969 0.4571 0.5314 0.4419 0.3970 0.4635 0.3903 0.3665 0.5625 0.6295 0.3636 0.4325 0.4991 0.4025 0.0000 0.3573 0.3127 0.5758 0.6088 0.4418
0.2714 0.3780 0.5533 0.3774 0.2923 0.6293 0.1866 0.4191 0.5304 0.6100 0.5382 0.2889 0.3601 0.7380 0.5216 0.7313 0.0000 0.2917 0.3737 0.6295 0.5647
0.2082 0.5125 0.5045 0.5319 0.4574 0.4022 0.5297 0.4186 0.2681 0.4204 0.4816 0.8724 0.6140 0.7125 0.3628 0.4192 0.3951 0.0000 0.4159 0.4324 0.2737
0.2299 0.4150 0.4085 0.6666 0.2139 0.2592 0.2847 0.4853 0.2557 0.5388 0.1830 0.3355 0.3634 0.4331 0.2883 0.4496 0.5042 0.5227 0.0000 0.1603 0.4258
0.3257 0.5187 0.4312 0.3632 0.7232 0.3673 0.3573 0.4480 0.4017 0.2398 0.3652 0.3655 0.1797 0.5002 0.6742 0.5673 0.3670 0.4415 0.2479 0.0000 0.2664
0.4808 0.3922 0.4945 0.2275 0.3014 0.3328 0.6089 0.3621 0.2938 0.2406 0.3070 0.4991 0.3287 0.4709 0.4571 0.4106 0.5110 0.6449 0.3386 0.2498 0.0000

--- Sample 5 ---
node_demand:
0.1333
0.2333
0.1000
0.2000
0.1333
0.1667
0.1000
0.3000
0.2000
0.2667
0.1333
0.1000
0.0667
0.1000
0.0333
0.0333
0.2333
0.0333
0.2667
0.1667

dist_matrix:
0.0000 0.1329 0.3372 0.4870 0.7225 0.6179 0.4435 0.6548 0.1921 0.4444 0.1923 0.0628 0.1410 0.3130 0.8457 0.3374 0.1596 0.4352 0.5472 0.2432 0.3754
0.6459 0.0000 0.3144 0.3312 0.3691 0.3443 0.2525 0.5437 0.1205 0.6653 0.1701 0.5653 0.6159 0.3405 0.3655 0.2579 0.3761 0.7681 0.3387 0.3333 0.1775
0.4686 0.5138 0.0000 0.6660 0.5290 0.3211 0.3640 0.5500 0.4373 0.5652 0.6086 0.4849 0.1738 0.4089 0.1749 0.3795 0.6233 0.6783 0.7915 0.3077 0.4523
0.4773 0.3342 0.4449 0.0000 0.4830 0.6825 0.4855 0.6160 0.3846 0.2566 0.6247 0.4445 0.4319 0.4701 0.5869 0.6921 0.7275 0.5143 0.7188 0.2511 0.2252
0.3780 0.4389 0.6308 0.4991 0.0000 0.4860 0.7489 0.6457 0.5984 0.7290 0.6426 0.2655 0.2976 0.5263 0.7022 0.4428 0.3569 0.3882 0.6212 0.4001 0.3718
0.3210 0.3956 0.4083 0.6045 0.6782 0.0000 0.5796 0.4377 0.3871 0.3462 0.5107 0.5986 0.5267 0.4918 0.3924 0.3978 0.5648 0.5885 0.3243 0.5155 0.3133
0.1593 0.2609 0.4944 0.4754 0.7282 0.4792 0.0000 0.3966 0.2000 0.6599 0.3580 0.2969 0.1543 0.5354 0.4143 0.5082 0.3380 0.3288 0.4358 0.4106 0.4112
0.6693 0.5471 0.6001 0.7737 0.6856 0.4178 0.3934 0.0000 0.5838 0.3849 0.4354 0.3213 0.3669 0.3238 0.7552 0.2396 0.4304 0.4136 0.4143 0.4321 0.5147
0.4260 0.0743 0.2808 0.4608 0.3930 0.3545 0.4047 0.4123 0.0000 0.5532 0.2450 0.7962 0.1811 0.5389 0.2680 0.2129 0.4319 0.2581 0.5203 0.4973 0.5033
0.4646 0.4878 0.5128 0.4148 0.7396 0.3951 0.7093 0.4567 0.5526 0.0000 0.3879 0.4369 0.2435 0.5635 0.5148 0.2976 0.5689 0.2593 0.4096 0.2311 0.1050
0.3634 0.6053 0.6005 0.4985 0.4691 0.3527 0.3177 0.3898 0.2735 0.4550 0.0000 0.5445 0.6775 0.4452 0.6020 0.3470 0.4833 0.5269 0.2607 0.2155 0.4267
0.1490 0.7399 0.5812 0.5122 0.3259 0.5396 0.1666 0.3339 0.4150 0.4095 0.5240 0.0000 0.3242 0.2627 0.4814 0.3998 0.5344 0.7936 0.2799 0.3347 0.6508
0.1573 0.1992 0.1818 0.6122 0.3544 0.6499 0.1478 0.4226 0.7215 0.3157 0.2338 0.2601 0.0000 0.4298 0.2920 0.1597 0.3567 0.6888 0.5085 0.2078 0.3034
0.4430 0.3669 0.4970 0.5379 0.5408 0.4582 0.7120 0.3171 0.5754 0.4677 0.3770 0.4771 0.4147 0.0000 0.3694 0.4443 0.2309 0.5847 0.4270 0.2478 0.7045
0.6462 0.5233 0.3524 0.6299 0.2586 0.4855 0.4605 0.7329 0.1907 0.4072 0.4050 0.4732 0.3225 0.5141 0.0000 0.3442 0.2869 0.4424 0.2300 0.5025 0.3891
0.3169 0.3625 0.2283 0.4050 0.3905 0.4554 0.2496 0.3602 0.4322 0.4335 0.3849 0.5646 0.0739 0.3438 0.4061 0.0000 0.3926 0.5488 0.5825 0.3285 0.4757
0.1712 0.3477 0.4792 0.7338 0.4256 0.6180 0.2224 0.4482 0.2800 0.3737 0.2958 0.5040 0.4913 0.4275 0.7665 0.6018 0.0000 0.2646 0.5109 0.3526 0.2051
0.4400 0.3155 0.6039 0.3610 0.4943 0.4432 0.2326 0.3249 0.2629 0.2809 0.4925 0.2905 0.5508 0.7089 0.5136 0.4061 0.3630 0.0000 0.4652 0.4298 0.4685
0.4376 0.4892 0.3400 0.6500 0.3758 0.1938 0.5253 0.5864 0.3521 0.5153 0.1979 0.3099 0.5646 0.4240 0.2885 0.4094 0.5452 0.5536 0.0000 0.2082 0.4373
0.4084 0.3955 0.4493 0.2216 0.5590 0.4152 0.6171 0.4396 0.4436 0.2974 0.1600 0.2700 0.2653 0.4560 0.4951 0.3549 0.4617 0.4469 0.2986 0.0000 0.2346
0.4786 0.2195 0.6554 0.2193 0.4136 0.4774 0.5577 0.4770 0.3416 0.0692 0.3477 0.7229 0.2721 0.5185 0.4217 0.4702 0.4707 0.4006 0.4446 0.1718 0.0000
