min_dist:
0.0000 0.3200 0.3830 0.1360 0.2610 0.2640 0.3190 0.1520 0.2260 0.1680 0.3660 0.1480 0.1840 0.2760 0.3370 0.4260 0.2080 0.2710 0.3380 0.2880 0.2280
0.3200 0.0000 0.1960 0.1880 0.2580 0.0600 0.2780 0.2820 0.2100 0.1520 0.1660 0.3360 0.2240 0.0440 0.1760 0.3380 0.1800 0.1460 0.3550 0.1540 0.0920
0.3830 0.1960 0.0000 0.3840 0.1220 0.2560 0.3140 0.4330 0.3180 0.2600 0.2740 0.2350 0.3320 0.1520 0.3220 0.4060 0.2230 0.3200 0.4630 0.2620 0.2000
0.1360 0.1880 0.3840 0.0000 0.3260 0.1280 0.2080 0.2880 0.3010 0.2860 0.3540 0.2840 0.3200 0.2320 0.3320 0.4320 0.3370 0.2400 0.2880 0.2580 0.2800
0.2610 0.2580 0.1220 0.3260 0.0000 0.1980 0.3350 0.3220 0.3060 0.2970 0.3640 0.1130 0.2220 0.2740 0.4340 0.2840 0.3450 0.4040 0.5430 0.3260 0.2500
0.2640 0.0600 0.2560 0.1280 0.1980 0.0000 0.2180 0.3360 0.1900 0.2120 0.2260 0.3110 0.2840 0.1040 0.2360 0.3980 0.2400 0.2060 0.4150 0.2140 0.1520
0.3190 0.2780 0.3140 0.2080 0.3350 0.2180 0.0000 0.1940 0.0930 0.1510 0.3810 0.3350 0.2750 0.2590 0.2730 0.3050 0.3000 0.3970 0.2950 0.3690 0.2110
0.1520 0.2820 0.4330 0.2880 0.3220 0.3360 0.1940 0.0000 0.1460 0.2040 0.4030 0.2660 0.1010 0.2810 0.1850 0.3580 0.2540 0.3200 0.4180 0.2050 0.2330
0.2260 0.2100 0.3180 0.3010 0.3060 0.1900 0.0930 0.1460 0.0000 0.0580 0.2880 0.2420 0.2470 0.1660 0.1800 0.2120 0.2610 0.3320 0.3880 0.2760 0.1180
0.1680 0.1520 0.2600 0.2860 0.2970 0.2120 0.1510 0.2040 0.0580 0.0000 0.2300 0.1840 0.1920 0.1080 0.2380 0.2700 0.2030 0.2740 0.4190 0.2180 0.0600
0.3660 0.1660 0.2740 0.3540 0.3640 0.2260 0.3810 0.4030 0.2880 0.2300 0.0000 0.2510 0.3020 0.1220 0.3420 0.1880 0.2580 0.2960 0.4330 0.2320 0.1700
0.1480 0.3360 0.2350 0.2840 0.1130 0.3110 0.3350 0.2660 0.2420 0.1840 0.2510 0.0000 0.2460 0.2920 0.4220 0.3420 0.3560 0.3710 0.4300 0.3500 0.2440
0.1840 0.2240 0.3320 0.3200 0.2220 0.2840 0.2750 0.1010 0.2470 0.1920 0.3020 0.2460 0.0000 0.1800 0.2420 0.2990 0.2230 0.3200 0.4910 0.1040 0.1320
0.2760 0.0440 0.1520 0.2320 0.2740 0.1040 0.2590 0.2810 0.1660 0.1080 0.1220 0.2920 0.1800 0.0000 0.2200 0.3100 0.1360 0.1740 0.3110 0.1100 0.0480
0.3370 0.1760 0.3220 0.3320 0.4340 0.2360 0.2730 0.1850 0.1800 0.2380 0.3420 0.4220 0.2420 0.2200 0.0000 0.3260 0.3110 0.3220 0.5140 0.2230 0.2680
0.4260 0.3380 0.4060 0.4320 0.2840 0.3980 0.3050 0.3580 0.2120 0.2700 0.1880 0.3420 0.2990 0.3100 0.3260 0.0000 0.2890 0.1920 0.2840 0.4030 0.3300
0.2080 0.1800 0.2230 0.3370 0.3450 0.2400 0.3000 0.2540 0.2610 0.2030 0.2580 0.3560 0.2230 0.1360 0.3110 0.2890 0.0000 0.0970 0.4470 0.2460 0.1430
0.2710 0.1460 0.3200 0.2400 0.4040 0.2060 0.3970 0.3200 0.3320 0.2740 0.2960 0.3710 0.3200 0.1740 0.3220 0.1920 0.0970 0.0000 0.4760 0.2840 0.2220
0.3380 0.3550 0.4630 0.2880 0.5430 0.4150 0.2950 0.4180 0.3880 0.4190 0.4330 0.4300 0.4910 0.3110 0.5140 0.2840 0.4470 0.4760 0.0000 0.4210 0.3590
0.2880 0.1540 0.2620 0.2580 0.3260 0.2140 0.3690 0.2050 0.2760 0.2180 0.2320 0.3500 0.1040 0.1100 0.2230 0.4030 0.2460 0.2840 0.4210 0.0000 0.1580
0.2280 0.0920 0.2000 0.2800 0.2500 0.1520 0.2110 0.2330 0.1180 0.0600 0.1700 0.2440 0.1320 0.0480 0.2680 0.3300 0.1430 0.2220 0.3590 0.1580 0.0000

max_dist:
0.0000 0.5280 0.6900 0.2980 0.6730 0.6280 0.4680 0.3820 0.4300 0.3960 0.6380 0.5240 0.4880 0.5920 0.4880 0.4920 0.2110 0.7130 0.4050 0.6840 0.6370
0.5280 0.0000 0.4700 0.7340 0.8220 0.6580 0.6220 0.4190 0.4420 0.8060 0.6440 0.5820 0.5110 0.5120 0.4660 0.7600 0.7120 0.2100 0.4360 0.5910 0.4210
0.6900 0.4700 0.0000 0.5160 0.4860 0.8380 0.5300 0.7580 0.4620 0.5260 0.5380 0.6740 0.4940 0.4060 0.7720 0.5440 0.5290 0.6050 0.8160 0.5990 0.5630
0.2980 0.7340 0.5160 0.0000 0.7120 0.3300 0.7660 0.4360 0.6630 0.4590 0.6350 0.6670 0.6270 0.5790 0.3720 0.6240 0.5090 0.5240 0.4270 0.3860 0.5400
0.6730 0.8220 0.4860 0.7120 0.0000 0.5010 0.7680 0.5670 0.7000 0.5960 0.5520 0.6430 0.8120 0.6010 0.7150 0.5660 0.7760 0.7090 0.7680 0.4080 0.4010
0.6280 0.6580 0.8380 0.3300 0.5010 0.0000 0.6200 0.7660 0.5290 0.3200 0.6880 0.4100 0.6160 0.5560 0.7000 0.6240 0.6980 0.7080 0.6260 0.3630 0.4200
0.4680 0.6220 0.5300 0.7660 0.7680 0.6200 0.0000 0.4720 0.7320 0.3640 0.6400 0.5950 0.7700 0.7720 0.7520 0.7890 0.4370 0.6730 0.7850 0.8230 0.6420
0.3820 0.4190 0.7580 0.4360 0.5670 0.7660 0.4720 0.0000 0.2960 0.6640 0.4150 0.7660 0.6310 0.4720 0.2800 0.7360 0.5930 0.6290 0.5830 0.6200 0.5990
0.4300 0.4420 0.4620 0.6630 0.7000 0.5290 0.7320 0.2960 0.0000 0.3680 0.4320 0.4700 0.6640 0.5640 0.4120 0.6860 0.5140 0.6520 0.6030 0.7570 0.7310
0.3960 0.8060 0.5260 0.4590 0.5960 0.3200 0.3640 0.6640 0.3680 0.0000 0.6240 0.6120 0.5460 0.6400 0.6600 0.5100 0.4340 0.6180 0.6360 0.6830 0.4820
0.6380 0.6440 0.5380 0.6350 0.5520 0.6880 0.6400 0.4150 0.4320 0.6240 0.0000 0.4600 0.7210 0.1320 0.4640 0.6000 0.4770 0.6400 0.5480 0.3250 0.5150
0.5240 0.5820 0.6740 0.6670 0.6430 0.4100 0.5950 0.7660 0.4700 0.6120 0.4600 0.0000 0.6820 0.5920 0.6260 0.5950 0.6020 0.4760 0.4770 0.7510 0.5830
0.4880 0.5110 0.4940 0.6270 0.8120 0.6160 0.7700 0.6310 0.6640 0.5460 0.7210 0.6820 0.0000 0.5890 0.4140 0.3990 0.4980 0.5260 0.6120 0.5620 0.7330
0.5920 0.5120 0.4060 0.5790 0.6010 0.5560 0.7720 0.4720 0.5640 0.6400 0.1320 0.5920 0.5890 0.0000 0.5960 0.6530 0.4740 0.6040 0.4160 0.1930 0.3830
0.4880 0.4660 0.7720 0.3720 0.7150 0.7000 0.7520 0.2800 0.4120 0.6600 0.4640 0.6260 0.4140 0.5960 0.0000 0.6640 0.4840 0.6760 0.7990 0.5090 0.3190
0.4920 0.7600 0.5440 0.6240 0.5660 0.6240 0.7890 0.7360 0.6860 0.5100 0.6000 0.5950 0.3990 0.6530 0.6640 0.0000 0.4700 0.5500 0.4080 0.4600 0.7860
0.2110 0.7120 0.5290 0.5090 0.7760 0.6980 0.4370 0.5930 0.5140 0.4340 0.4770 0.6020 0.4980 0.4740 0.4840 0.4700 0.0000 0.5020 0.6160 0.6060 0.4260
0.7130 0.2100 0.6050 0.5240 0.7090 0.7080 0.6730 0.6290 0.6520 0.6180 0.6400 0.4760 0.5260 0.6040 0.6760 0.5500 0.5020 0.0000 0.6300 0.5410 0.6310
0.4050 0.4360 0.8160 0.4270 0.7680 0.6260 0.7850 0.5830 0.6030 0.6360 0.5480 0.4770 0.6120 0.4160 0.7990 0.4080 0.6160 0.6300 0.0000 0.6090 0.5420
0.6840 0.5910 0.5990 0.3860 0.4080 0.3630 0.8230 0.6200 0.7570 0.6830 0.3250 0.7510 0.5620 0.1930 0.5090 0.4600 0.6060 0.5410 0.6090 0.0000 0.5760
0.6370 0.4210 0.5630 0.5400 0.4010 0.4200 0.6420 0.5990 0.7310 0.4820 0.5150 0.5830 0.7330 0.3830 0.3190 0.7860 0.4260 0.6310 0.5420 0.5760 0.0000

--- Contains 5 samples ---

--- Sample 1 ---
node_demand:
0.0667
0.0333
0.3000
0.0333
0.1333
0.1333
0.2000
0.0667
0.2000
0.2333
0.1000
0.0333
0.2667
0.1333
0.0333
0.2667
0.1667
0.1333
0.0667
0.2000

dist_matrix:
0.0000 0.4097 0.5486 0.2799 0.2838 0.4039 0.4330 0.3494 0.2855 0.2807 0.4943 0.2601 0.3721 0.3000 0.3503 0.4433 0.2084 0.3269 0.3934 0.4478 0.5953
0.3398 0.0000 0.3991 0.6330 0.8121 0.2516 0.4162 0.2952 0.3242 0.3570 0.3304 0.4359 0.4726 0.2084 0.2610 0.7204 0.2893 0.1504 0.3587 0.2599 0.2911
0.6159 0.4485 0.0000 0.4920 0.1716 0.4092 0.3798 0.6028 0.4571 0.4713 0.4734 0.4988 0.3332 0.2865 0.4273 0.4655 0.3561 0.3564 0.7115 0.3302 0.4855
0.1470 0.5695 0.4782 0.0000 0.3292 0.2329 0.5696 0.2889 0.6165 0.4404 0.4129 0.4709 0.6035 0.3260 0.3343 0.5381 0.4252 0.3800 0.3230 0.2964 0.3976
0.5599 0.2909 0.4195 0.4816 0.0000 0.2877 0.7355 0.3891 0.6482 0.5173 0.5353 0.5930 0.4244 0.5542 0.4364 0.5326 0.7489 0.6434 0.7406 0.3525 0.3939
0.4657 0.5961 0.3977 0.1376 0.2492 0.0000 0.3262 0.4541 0.2808 0.2640 0.2288 0.3355 0.5994 0.4323 0.5220 0.4662 0.3475 0.5438 0.4297 0.2156 0.4056
0.4319 0.3482 0.4648 0.5520 0.5713 0.5016 0.0000 0.3738 0.3632 0.2766 0.4698 0.4128 0.4751 0.3728 0.5075 0.4509 0.3452 0.5702 0.3632 0.8056 0.4475
0.1611 0.3755 0.5626 0.4060 0.4202 0.3880 0.3987 0.0000 0.1606 0.5931 0.4126 0.6029 0.6212 0.2961 0.2074 0.5217 0.4903 0.4360 0.4444 0.2247 0.5826
0.4243 0.4088 0.3902 0.5200 0.3683 0.3803 0.3703 0.2690 0.0000 0.2141 0.4168 0.4640 0.3187 0.3454 0.2438 0.6805 0.4444 0.4717 0.4769 0.5992 0.5836
0.1958 0.7342 0.4575 0.3813 0.3739 0.2285 0.2653 0.3351 0.2925 0.0000 0.3338 0.2818 0.3970 0.3446 0.3262 0.4898 0.3993 0.3306 0.6058 0.4851 0.2643
0.6115 0.5586 0.2843 0.4952 0.5184 0.4738 0.4414 0.4101 0.4172 0.3458 0.0000 0.3296 0.3490 0.1316 0.4549 0.3504 0.3055 0.5418 0.5161 0.2976 0.4798
0.3418 0.5161 0.3742 0.2986 0.5089 0.3557 0.3596 0.4014 0.2637 0.5851 0.4074 0.0000 0.2877 0.3919 0.5622 0.4345 0.4412 0.4533 0.4669 0.6170 0.4405
0.3557 0.4848 0.4274 0.6071 0.6405 0.4879 0.5499 0.2066 0.3546 0.4668 0.7061 0.2591 0.0000 0.4362 0.3736 0.3521 0.4092 0.3981 0.5118 0.4638 0.6620
0.4629 0.2444 0.3848 0.4595 0.2943 0.4599 0.5428 0.3670 0.5491 0.3887 0.1299 0.5154 0.5653 0.0000 0.3582 0.3130 0.4630 0.3313 0.3557 0.1865 0.2757
0.4139 0.4536 0.7562 0.3677 0.4527 0.5060 0.6678 0.2799 0.2086 0.4071 0.4626 0.5851 0.2605 0.4329 0.0000 0.4764 0.4654 0.6227 0.7819 0.2455 0.2897
0.4287 0.6438 0.4827 0.5220 0.3097 0.5514 0.5929 0.7117 0.6659 0.4970 0.2490 0.4667 0.3696 0.6459 0.4765 0.0000 0.3340 0.3373 0.3125 0.4085 0.6777
0.2101 0.5946 0.3311 0.3377 0.6402 0.4666 0.3587 0.3697 0.2936 0.3308 0.2741 0.4080 0.2674 0.2921 0.4040 0.4413 0.0000 0.3653 0.5784 0.3289 0.2029
0.3226 0.2075 0.5289 0.4773 0.4666 0.3681 0.4031 0.3368 0.6291 0.2951 0.4434 0.3931 0.4805 0.5575 0.6234 0.3266 0.2928 0.0000 0.5039 0.5310 0.3602
0.3615 0.3752 0.6658 0.3140 0.5515 0.6145 0.5339 0.4318 0.4371 0.5321 0.5071 0.4343 0.5489 0.3566 0.5816 0.3436 0.4523 0.5454 0.0000 0.5032 0.4667
0.4844 0.2445 0.3268 0.3267 0.3735 0.2663 0.6513 0.3561 0.7109 0.2262 0.3195 0.5716 0.4671 0.1299 0.4358 0.4480 0.4675 0.4101 0.4305 0.0000 0.1622
0.5262 0.1360 0.4839 0.4895 0.4008 0.1537 0.3221 0.3007 0.5422 0.3517 0.3508 0.4757 0.1497 0.2226 0.2682 0.4298 0.3385 0.3115 0.5306 0.3882 0.0000

--- Sample 2 ---
node_demand:
0.0667
0.0333
0.3000
0.0333
0.1333
0.1333
0.2000
0.0667
0.2000
0.2333
0.1000
0.0333
0.2667
0.1333
0.0333
0.2667
0.1667
0.1333
0.0667
0.2000

dist_matrix:
0.0000 0.3901 0.6440 0.2489 0.4231 0.4582 0.4199 0.2265 0.3504 0.3181 0.5854 0.4456 0.4167 0.4426 0.4543 0.4451 0.2085 0.5358 0.3766 0.4470 0.3764
0.3757 0.0000 0.3252 0.5140 0.6500 0.5251 0.5529 0.3225 0.2400 0.4527 0.5597 0.4082 0.4820 0.1122 0.4364 0.6393 0.3763 0.1609 0.3588 0.5302 0.3461
0.6151 0.3763 0.0000 0.4128 0.1929 0.8267 0.4423 0.7536 0.4110 0.4508 0.2741 0.4639 0.3495 0.3659 0.3740 0.5032 0.3242 0.5995 0.5158 0.3527 0.2863
0.2936 0.2891 0.4552 0.0000 0.5212 0.3191 0.7022 0.3340 0.5779 0.4098 0.5539 0.4620 0.5246 0.3159 0.3464 0.5117 0.4673 0.2565 0.3270 0.3005 0.3471
0.4051 0.7209 0.3468 0.5302 0.0000 0.4408 0.3428 0.4191 0.3451 0.3325 0.4160 0.6425 0.5700 0.4198 0.4530 0.4818 0.4698 0.4195 0.7530 0.3474 0.2766
0.4015 0.4634 0.6332 0.1327 0.3785 0.0000 0.4296 0.7562 0.2375 0.2386 0.4050 0.3110 0.3820 0.1238 0.5791 0.5530 0.3651 0.4966 0.4549 0.3437 0.2870
0.4195 0.5544 0.4191 0.7284 0.4466 0.4551 0.0000 0.3029 0.4631 0.1789 0.5246 0.5421 0.5693 0.5915 0.3655 0.5809 0.3443 0.5980 0.6426 0.6972 0.6065
0.2437 0.3601 0.5448 0.3257 0.4477 0.6694 0.4572 0.0000 0.2514 0.4533 0.4068 0.7432 0.2403 0.4161 0.1936 0.5539 0.3258 0.5481 0.4982 0.4578 0.5966
0.3394 0.4221 0.3891 0.5037 0.5311 0.5250 0.1030 0.2677 0.0000 0.1225 0.4072 0.2536 0.4267 0.3960 0.3512 0.4516 0.3252 0.5924 0.4041 0.6907 0.1937
0.2814 0.3126 0.5004 0.3849 0.3231 0.2359 0.2723 0.2899 0.2970 0.0000 0.4455 0.2832 0.3751 0.4995 0.5973 0.5001 0.2323 0.5115 0.4677 0.2432 0.4688
0.4416 0.3182 0.4794 0.5916 0.4732 0.2722 0.5979 0.4142 0.3419 0.4531 0.0000 0.3134 0.6354 0.1280 0.4636 0.1921 0.4035 0.6134 0.5415 0.2975 0.5083
0.4797 0.3454 0.2910 0.5907 0.1998 0.3582 0.3504 0.5197 0.4601 0.4991 0.3874 0.0000 0.5406 0.5096 0.4893 0.5927 0.5003 0.4229 0.4418 0.6090 0.3084
0.3828 0.2328 0.4573 0.3425 0.3875 0.5466 0.2890 0.1213 0.6022 0.4168 0.4640 0.5881 0.0000 0.5244 0.3405 0.3137 0.4977 0.4659 0.5297 0.3757 0.4339
0.2940 0.4293 0.3421 0.3773 0.3688 0.2270 0.6783 0.3128 0.3233 0.1598 0.1286 0.5385 0.4104 0.0000 0.3517 0.4740 0.3845 0.4348 0.3982 0.1528 0.2421
0.3813 0.4303 0.5210 0.3422 0.5595 0.4961 0.4303 0.2204 0.3334 0.3508 0.4197 0.5984 0.2669 0.2298 0.0000 0.5205 0.3883 0.6724 0.6506 0.4233 0.2732
0.4286 0.3403 0.5265 0.4911 0.5134 0.5039 0.7309 0.5136 0.5608 0.2730 0.2345 0.4387 0.3620 0.5335 0.4666 0.0000 0.2895 0.3490 0.3350 0.4397 0.7302
0.2102 0.4719 0.3407 0.3680 0.5408 0.3784 0.3034 0.4366 0.3461 0.2058 0.4059 0.5565 0.3124 0.3862 0.3568 0.4591 0.0000 0.3852 0.4863 0.2887 0.2142
0.5928 0.1706 0.4782 0.3693 0.5394 0.2681 0.4908 0.5904 0.3842 0.4832 0.5701 0.3890 0.4413 0.4344 0.4585 0.2066 0.4133 0.0000 0.6174 0.3814 0.2525
0.4039 0.4345 0.5900 0.3795 0.5951 0.4486 0.3345 0.5246 0.4494 0.5763 0.4454 0.4548 0.5840 0.3650 0.7081 0.3451 0.5401 0.6254 0.0000 0.5580 0.4545
0.3088 0.4190 0.4663 0.3441 0.3865 0.2243 0.4391 0.4564 0.4681 0.4052 0.3171 0.7117 0.1376 0.1139 0.3824 0.4399 0.3342 0.5284 0.6026 0.0000 0.3737
0.4562 0.1103 0.2489 0.3458 0.3911 0.2209 0.3353 0.4094 0.6889 0.3432 0.2125 0.5811 0.6412 0.1274 0.2756 0.6822 0.2561 0.4104 0.5294 0.5165 0.0000

--- Sample 3 ---
node_demand:
0.0667
0.0333
0.3000
0.0333
0.1333
0.1333
0.2000
0.0667
0.2000
0.2333
0.1000
0.0333
0.2667
0.1333
0.0333
0.2667
0.1667
0.1333
0.0667
0.2000

dist_matrix:
0.0000 0.3334 0.6595 0.2264 0.6313 0.3758 0.4248 0.3333 0.3461 0.3688 0.3972 0.1552 0.3416 0.4799 0.4055 0.4286 0.2089 0.3169 0.3710 0.3547 0.2962
0.3416 0.0000 0.3573 0.3488 0.6704 0.4823 0.4765 0.3099 0.2626 0.5133 0.4627 0.5388 0.2751 0.2331 0.4351 0.4652 0.2055 0.1688 0.4097 0.4016 0.2784
0.5099 0.2649 0.0000 0.4328 0.4830 0.4942 0.5197 0.6625 0.3869 0.4985 0.3101 0.5104 0.4172 0.2861 0.7238 0.5137 0.3624 0.3583 0.7158 0.5895 0.2224
0.2533 0.4622 0.4178 0.0000 0.4798 0.3220 0.4716 0.4161 0.5987 0.3875 0.4201 0.5894 0.5025 0.5013 0.3584 0.4776 0.3748 0.2855 0.4071 0.3811 0.3653
0.6176 0.6181 0.3962 0.6995 0.0000 0.2724 0.5682 0.3379 0.5095 0.3932 0.4965 0.3159 0.6329 0.5745 0.7080 0.3607 0.6688 0.4428 0.6982 0.3526 0.3817
0.4956 0.4068 0.8092 0.2958 0.2414 0.0000 0.4175 0.5325 0.3686 0.2984 0.4250 0.3234 0.3641 0.4649 0.6680 0.4980 0.3637 0.6477 0.5022 0.3423 0.2411
0.4281 0.6036 0.3781 0.2441 0.7058 0.3792 0.0000 0.2404 0.4169 0.2110 0.3957 0.5393 0.5740 0.7720 0.4354 0.6714 0.3033 0.5931 0.3002 0.5560 0.2610
0.2274 0.3258 0.6788 0.2990 0.3788 0.5545 0.3889 0.0000 0.1980 0.2799 0.4072 0.4175 0.2287 0.4629 0.2085 0.5442 0.3042 0.3728 0.5313 0.5136 0.2346
0.2546 0.2806 0.4183 0.6185 0.5334 0.2630 0.2839 0.2508 0.0000 0.2798 0.3016 0.2913 0.2666 0.2118 0.3017 0.4465 0.3168 0.3650 0.4393 0.4810 0.3275
0.2548 0.5313 0.4157 0.3201 0.5667 0.2736 0.2533 0.5015 0.2894 0.0000 0.5338 0.3078 0.4835 0.2822 0.6414 0.4514 0.2051 0.2912 0.5504 0.3536 0.0979
0.3713 0.4417 0.4058 0.4104 0.4827 0.4427 0.5575 0.4048 0.3995 0.4417 0.0000 0.3333 0.5898 0.1288 0.3446 0.2983 0.3811 0.5630 0.4698 0.2776 0.3718
0.4620 0.4158 0.6552 0.3474 0.4395 0.3655 0.4628 0.6031 0.3886 0.6043 0.3095 0.0000 0.2913 0.3504 0.4515 0.4508 0.4571 0.4609 0.4538 0.7465 0.2961
0.3676 0.3827 0.4858 0.5303 0.5024 0.5771 0.3540 0.2320 0.4123 0.2153 0.4756 0.5413 0.0000 0.5468 0.3760 0.3465 0.3704 0.5078 0.5101 0.3322 0.2916
0.5697 0.2710 0.2577 0.3249 0.4910 0.2975 0.6264 0.2844 0.3650 0.5721 0.1234 0.5352 0.5736 0.0000 0.2846 0.4553 0.3120 0.1830 0.3901 0.1781 0.3192
0.4409 0.3728 0.4116 0.3422 0.4646 0.4947 0.4911 0.1945 0.1825 0.4557 0.3436 0.5026 0.3171 0.2513 0.0000 0.5175 0.4658 0.3806 0.5854 0.3243 0.3090
0.4525 0.3710 0.4825 0.4423 0.3469 0.5667 0.7140 0.4907 0.3190 0.3973 0.3109 0.4667 0.3680 0.4360 0.4806 0.0000 0.2925 0.2288 0.3816 0.4394 0.6334
0.2103 0.6159 0.3337 0.3701 0.6580 0.5860 0.3840 0.4696 0.4149 0.3645 0.3218 0.5327 0.3544 0.3727 0.3291 0.2940 0.0000 0.1588 0.4530 0.5347 0.2566
0.3506 0.1934 0.5769 0.4318 0.5852 0.4707 0.5188 0.5208 0.6514 0.5061 0.3468 0.4531 0.5227 0.2351 0.4826 0.2391 0.1720 0.0000 0.5584 0.3563 0.2276
0.4023 0.4075 0.7562 0.3101 0.5644 0.5065 0.5174 0.5106 0.4783 0.4761 0.4806 0.4639 0.5711 0.3231 0.6087 0.3499 0.5548 0.6085 0.0000 0.5625 0.5076
0.3721 0.2342 0.5133 0.3189 0.3632 0.2342 0.5875 0.3237 0.4877 0.3485 0.2962 0.4086 0.1791 0.1249 0.4567 0.4166 0.3642 0.3085 0.5178 0.0000 0.1660
0.4325 0.2367 0.4133 0.3910 0.2989 0.1818 0.5105 0.2822 0.6256 0.3121 0.3166 0.3540 0.6073 0.2512 0.2694 0.3409 0.3014 0.3325 0.4518 0.3591 0.0000

--- Sample 4 ---
node_demand:
0.0667
0.0333
0.3000
0.0333
0.1333
0.1333
0.2000
0.0667
0.2000
0.2333
0.1000
0.0333
0.2667
0.1333
0.0333
0.2667
0.1667
0.1333
0.0667
0.2000

dist_matrix:
0.0000 0.4220 0.5200 0.1670 0.6106 0.4416 0.3868 0.1573 0.3095 0.1776 0.4313 0.4351 0.4615 0.3701 0.3683 0.4387 0.2096 0.4645 0.3902 0.4506 0.3600
0.3678 0.0000 0.1980 0.2503 0.6467 0.5243 0.3879 0.3229 0.2715 0.4525 0.5378 0.4471 0.2390 0.3054 0.4151 0.3678 0.2626 0.1738 0.4161 0.3994 0.2836
0.4809 0.2811 0.0000 0.4197 0.2879 0.3923 0.3605 0.5345 0.3855 0.4451 0.3842 0.5424 0.3994 0.2924 0.4758 0.4812 0.3895 0.5986 0.8082 0.4011 0.2989
0.2543 0.6737 0.5124 0.0000 0.5018 0.2176 0.2925 0.4237 0.4985 0.3675 0.6140 0.6171 0.3838 0.2561 0.3463 0.5159 0.4180 0.2740 0.3948 0.2943 0.3354
0.3595 0.5098 0.2546 0.4252 0.0000 0.3550 0.4350 0.4881 0.3330 0.3193 0.5081 0.4593 0.2635 0.3827 0.4695 0.4603 0.4545 0.4985 0.5620 0.3323 0.3623
0.3756 0.3164 0.7923 0.3208 0.4037 0.0000 0.5878 0.5252 0.2965 0.2152 0.3753 0.3548 0.3288 0.5241 0.6665 0.4104 0.6837 0.3961 0.6158 0.3023 0.1979
0.3229 0.4712 0.5280 0.5724 0.4207 0.6075 0.0000 0.3873 0.6486 0.3186 0.5047 0.4787 0.6630 0.6970 0.5135 0.5516 0.3791 0.5560 0.5940 0.7929 0.2873
0.3469 0.4060 0.6231 0.4181 0.4135 0.5279 0.2961 0.0000 0.2662 0.4564 0.4043 0.6312 0.4728 0.3544 0.1969 0.4355 0.3485 0.3986 0.4854 0.2333 0.4970
0.4247 0.3186 0.4563 0.3698 0.4527 0.2274 0.6255 0.1541 0.0000 0.2638 0.3292 0.4005 0.4611 0.3918 0.3515 0.6075 0.3532 0.3609 0.5683 0.4006 0.2472
0.3666 0.3177 0.4748 0.4018 0.3527 0.2738 0.1863 0.2994 0.0606 0.0000 0.5109 0.5341 0.4209 0.2894 0.3612 0.3769 0.2870 0.2841 0.6333 0.6828 0.0832
0.4091 0.3354 0.2932 0.4917 0.4989 0.2967 0.5600 0.4030 0.3912 0.6143 0.0000 0.4037 0.4831 0.1320 0.4250 0.3033 0.4431 0.2993 0.5280 0.2626 0.4185
0.3891 0.4026 0.6519 0.5990 0.4683 0.3412 0.4739 0.3376 0.2998 0.3907 0.3898 0.0000 0.4781 0.3227 0.4894 0.3748 0.4313 0.4147 0.4371 0.5250 0.4169
0.4394 0.2524 0.4167 0.4018 0.2627 0.4731 0.5610 0.1044 0.6370 0.4876 0.6746 0.5680 0.0000 0.5732 0.3826 0.3296 0.4899 0.4696 0.5669 0.1148 0.5534
0.4152 0.0822 0.3290 0.5539 0.4323 0.4578 0.6103 0.3126 0.5129 0.4625 0.1223 0.5066 0.2539 0.0000 0.5466 0.4430 0.2342 0.4143 0.3708 0.1316 0.0558
0.4466 0.4428 0.6404 0.3561 0.5211 0.6360 0.5881 0.2363 0.2594 0.5921 0.4307 0.5866 0.4061 0.5457 0.0000 0.6440 0.3117 0.6329 0.6813 0.4065 0.3115
0.4918 0.5445 0.4481 0.4582 0.3629 0.4540 0.6318 0.5793 0.5836 0.3768 0.2316 0.3678 0.3700 0.5426 0.4251 0.0000 0.3268 0.1978 0.3032 0.4097 0.5568
0.2105 0.1983 0.2933 0.3547 0.4476 0.4565 0.3946 0.4425 0.4023 0.3892 0.3599 0.5813 0.2317 0.2224 0.3355 0.3613 0.0000 0.2547 0.5545 0.4327 0.2194
0.4859 0.2026 0.3402 0.4772 0.4543 0.6514 0.4155 0.6086 0.5248 0.3496 0.3689 0.4372 0.3619 0.5520 0.3481 0.2801 0.2649 0.0000 0.6087 0.5211 0.3286
0.3939 0.3647 0.6343 0.3802 0.5981 0.5546 0.7052 0.4541 0.5681 0.5612 0.5241 0.4316 0.5418 0.3579 0.6075 0.3215 0.5195 0.5145 0.0000 0.6075 0.3661
0.6432 0.2744 0.4826 0.2605 0.3747 0.3576 0.4179 0.2540 0.2939 0.2253 0.2772 0.3956 0.2000 0.1327 0.3699 0.4559 0.4751 0.4640 0.5495 0.0000 0.2585
0.5698 0.4053 0.2700 0.3428 0.3011 0.1900 0.2131 0.4397 0.5703 0.4397 0.1787 0.5459 0.3392 0.1565 0.2877 0.4796 0.1757 0.2493 0.4397 0.2218 0.0000

--- Sample 5 ---
node_demand:
0.0667
0.0333
0.3000
0.0333
0.1333
0.1333
0.2000
0.0667
0.2000
0.2333
0.1000
0.0333
0.2667
0.1333
0.0333
0.2667
0.1667
0.1333
0.0667
0.2000

dist_matrix:
0.0000 0.3504 0.4102 0.1707 0.3146 0.5159 0.4673 0.2235 0.4270 0.2085 0.3884 0.4756 0.4634 0.5525 0.3492 0.4919 0.2099 0.6409 0.3683 0.5756 0.2377
0.3738 0.0000 0.2950 0.4050 0.2786 0.0901 0.3315 0.2871 0.3365 0.4971 0.5667 0.4187 0.2502 0.3788 0.4048 0.5563 0.5428 0.1985 0.4304 0.4286 0.3122
0.6316 0.4309 0.0000 0.4770 0.3740 0.4472 0.4067 0.6514 0.3396 0.5184 0.5261 0.4132 0.3629 0.2128 0.5599 0.4463 0.4004 0.4243 0.6705 0.3158 0.4283
0.1383 0.4798 0.4416 0.0000 0.3686 0.2589 0.4003 0.3796 0.3480 0.2877 0.5162 0.6114 0.5963 0.3134 0.3382 0.4652 0.4951 0.3449 0.2919 0.2586 0.4467
0.5637 0.3659 0.2406 0.6907 0.0000 0.4426 0.3883 0.3914 0.5551 0.3366 0.4828 0.3792 0.3318 0.3395 0.5370 0.3332 0.4686 0.4539 0.6273 0.3521 0.3563
0.4031 0.4108 0.6079 0.1956 0.2257 0.0000 0.6178 0.7011 0.4802 0.2291 0.6106 0.4069 0.5916 0.3853 0.4307 0.4120 0.6180 0.3570 0.4986 0.2384 0.1998
0.4571 0.3484 0.4057 0.2939 0.3903 0.2750 0.0000 0.3459 0.0956 0.2799 0.5715 0.4306 0.5710 0.5294 0.4955 0.7172 0.3293 0.4092 0.3156 0.5017 0.6000
0.3583 0.4145 0.7078 0.4066 0.3482 0.5295 0.3736 0.0000 0.2167 0.5964 0.4102 0.3904 0.4090 0.3361 0.2303 0.6158 0.3511 0.6289 0.4569 0.5340 0.4215
0.3016 0.3608 0.3725 0.3511 0.4300 0.3332 0.5760 0.2711 0.0000 0.2017 0.3207 0.4100 0.2518 0.4482 0.3355 0.4539 0.2782 0.4990 0.5915 0.6906 0.3067
0.3590 0.3672 0.3032 0.3070 0.3986 0.2761 0.2756 0.3406 0.0870 0.0000 0.2522 0.5964 0.4195 0.6212 0.4657 0.4696 0.3187 0.5191 0.5443 0.3171 0.1820
0.4805 0.2031 0.4518 0.5484 0.4964 0.3685 0.6098 0.4147 0.4276 0.4415 0.0000 0.4534 0.6283 0.1227 0.3933 0.2691 0.3985 0.5876 0.5287 0.2413 0.4277
0.4318 0.3796 0.2576 0.5439 0.3832 0.3975 0.5704 0.4058 0.3685 0.4821 0.3968 0.0000 0.4962 0.4680 0.5000 0.3476 0.5419 0.4658 0.4575 0.7092 0.3466
0.3135 0.2947 0.3337 0.5764 0.6818 0.5835 0.3317 0.2369 0.3403 0.4828 0.4930 0.2643 0.0000 0.3077 0.3378 0.3260 0.4634 0.4731 0.5535 0.2889 0.3514
0.4185 0.2668 0.2898 0.2378 0.3698 0.3826 0.3756 0.3792 0.4498 0.2478 0.1223 0.3877 0.3092 0.0000 0.3511 0.5744 0.2556 0.4155 0.3642 0.1775 0.1186
0.4752 0.2558 0.6587 0.3447 0.5520 0.2732 0.3693 0.2615 0.3229 0.4991 0.4059 0.6193 0.3611 0.3360 0.0000 0.3441 0.3223 0.4836 0.5650 0.4822 0.2737
0.4671 0.3950 0.4667 0.5590 0.2961 0.4171 0.5210 0.4782 0.5976 0.3693 0.2170 0.5109 0.3629 0.3812 0.5337 0.0000 0.4092 0.5164 0.3757 0.4241 0.4020
0.2108 0.4374 0.2672 0.4988 0.4193 0.4816 0.3467 0.5784 0.2654 0.3874 0.2905 0.4108 0.4366 0.2728 0.4376 0.4203 0.0000 0.3962 0.4764 0.5463 0.1854
0.2850 0.1946 0.5177 0.2714 0.6495 0.4142 0.5035 0.3597 0.5721 0.3291 0.3383 0.4357 0.4677 0.1996 0.5340 0.3180 0.4908 0.0000 0.4916 0.3373 0.4551
0.3466 0.4187 0.6923 0.4049 0.6877 0.5366 0.6509 0.4691 0.5783 0.4832 0.4621 0.4348 0.5910 0.3700 0.7224 0.3693 0.4997 0.5829 0.0000 0.5038 0.4171
0.4694 0.4190 0.3351 0.3416 0.3653 0.3274 0.7741 0.2696 0.6347 0.3349 0.2695 0.4521 0.3608 0.1871 0.3847 0.4476 0.4779 0.4825 0.5020 0.0000 0.3463
0.2593 0.0993 0.5628 0.5032 0.2779 0.3793 0.4662 0.5469 0.2390 0.2728 0.3185 0.2899 0.4155 0.1133 0.2924 0.6013 0.1443 0.6254 0.4862 0.2925 0.0000
