min_dist:
0.0000 0.2240 0.4290 0.1260 0.1120 0.3240 0.1980 0.2440 0.1590 0.2850 0.2640 0.3110 0.2240 0.2900 0.4210 0.1960 0.2290 0.3280 0.3240 0.3560 0.2920
0.2240 0.0000 0.3810 0.1470 0.1120 0.1600 0.1980 0.2440 0.1590 0.2850 0.1380 0.2730 0.2450 0.1960 0.1970 0.2160 0.2290 0.2620 0.2440 0.2900 0.2920
0.4290 0.3810 0.0000 0.3030 0.4070 0.3280 0.3210 0.3670 0.3890 0.3460 0.5090 0.3740 0.4010 0.4760 0.4220 0.3020 0.2900 0.4000 0.4920 0.3720 0.3600
0.1260 0.1470 0.3030 0.0000 0.1330 0.1980 0.2190 0.2650 0.0860 0.3030 0.2850 0.1850 0.0980 0.3020 0.3440 0.0700 0.2500 0.2510 0.3300 0.2790 0.2920
0.1120 0.1120 0.4070 0.1330 0.0000 0.2720 0.0860 0.1320 0.0470 0.1730 0.1520 0.2320 0.2310 0.1780 0.3090 0.2030 0.1170 0.2160 0.2120 0.2440 0.1800
0.3240 0.1600 0.3280 0.1980 0.2720 0.0000 0.2420 0.2700 0.2840 0.3290 0.2980 0.3830 0.1350 0.3560 0.3180 0.2680 0.2730 0.2930 0.3670 0.3210 0.4520
0.1980 0.1980 0.3210 0.2190 0.0860 0.2420 0.0000 0.0460 0.1330 0.0870 0.2380 0.2050 0.2260 0.1870 0.3090 0.2890 0.0310 0.2080 0.2330 0.1800 0.2560
0.2440 0.2440 0.3670 0.2650 0.1320 0.2700 0.0460 0.0000 0.1790 0.1330 0.2840 0.2510 0.1800 0.2330 0.3550 0.3180 0.0770 0.2540 0.2790 0.2260 0.2100
0.1590 0.1590 0.3890 0.0860 0.0470 0.2840 0.1330 0.1790 0.0000 0.2200 0.1990 0.2180 0.1840 0.2250 0.3260 0.1560 0.1640 0.1690 0.2590 0.1970 0.2060
0.2850 0.2850 0.3460 0.3030 0.1730 0.3290 0.0870 0.1330 0.2200 0.0000 0.2530 0.1180 0.3080 0.2740 0.3960 0.2330 0.0560 0.2750 0.2580 0.2670 0.3430
0.2640 0.1380 0.5090 0.2850 0.1520 0.2980 0.2380 0.2840 0.1990 0.2530 0.0000 0.1350 0.2740 0.0580 0.2810 0.2500 0.2690 0.1240 0.2820 0.1520 0.3320
0.3110 0.2730 0.3740 0.1850 0.2320 0.3830 0.2050 0.2510 0.2180 0.1180 0.1350 0.0000 0.2830 0.1930 0.3380 0.1150 0.1740 0.2370 0.3760 0.2090 0.4080
0.2240 0.2450 0.4010 0.0980 0.2310 0.1350 0.2260 0.1800 0.1840 0.3080 0.2740 0.2830 0.0000 0.3140 0.3150 0.1680 0.2520 0.1580 0.2320 0.1860 0.3900
0.2900 0.1960 0.4760 0.3020 0.1780 0.3560 0.1870 0.2330 0.2250 0.2740 0.0580 0.1930 0.3140 0.0000 0.3390 0.3060 0.2180 0.1820 0.3400 0.2100 0.2880
0.4210 0.1970 0.4220 0.3440 0.3090 0.3180 0.3090 0.3550 0.3260 0.3960 0.2810 0.3380 0.3150 0.3390 0.0000 0.3380 0.3400 0.1570 0.3060 0.1290 0.3700
0.1960 0.2160 0.3020 0.0700 0.2030 0.2680 0.2890 0.3180 0.1560 0.2330 0.2500 0.1150 0.1680 0.3060 0.3380 0.0000 0.2890 0.1810 0.3390 0.2090 0.3620
0.2290 0.2290 0.2900 0.2500 0.1170 0.2730 0.0310 0.0770 0.1640 0.0560 0.2690 0.1740 0.2520 0.2180 0.3400 0.2890 0.0000 0.2390 0.2020 0.2110 0.2870
0.3280 0.2620 0.4000 0.2510 0.2160 0.2930 0.2080 0.2540 0.1690 0.2750 0.1240 0.2370 0.1580 0.1820 0.1570 0.1810 0.2390 0.0000 0.1580 0.0280 0.3100
0.3240 0.2440 0.4920 0.3300 0.2120 0.3670 0.2330 0.2790 0.2590 0.2580 0.2820 0.3760 0.2320 0.3400 0.3060 0.3390 0.2020 0.1580 0.0000 0.1860 0.2600
0.3560 0.2900 0.3720 0.2790 0.2440 0.3210 0.1800 0.2260 0.1970 0.2670 0.1520 0.2090 0.1860 0.2100 0.1290 0.2090 0.2110 0.0280 0.1860 0.0000 0.2820
0.2920 0.2920 0.3600 0.2920 0.1800 0.4520 0.2560 0.2100 0.2060 0.3430 0.3320 0.4080 0.3900 0.2880 0.3700 0.3620 0.2870 0.3100 0.2600 0.2820 0.0000

max_dist:
0.0000 0.8980 0.5660 0.5160 0.5200 0.6080 0.5350 0.8000 0.4820 0.5880 0.4300 0.7800 0.8580 0.4580 0.9160 0.7580 0.5950 0.7160 0.5160 0.6210 0.6900
0.8980 0.0000 0.7700 0.3820 0.6300 0.4820 0.6220 0.6490 0.8860 0.6010 0.6440 0.6240 0.7340 0.5710 0.7960 0.6040 0.7630 0.2670 0.5230 0.6940 0.4430
0.5660 0.7700 0.0000 0.3880 0.4520 0.7730 0.5980 0.9320 0.5250 0.6980 0.8430 0.6850 0.7460 0.8120 0.6800 0.5680 0.6000 0.8640 0.6360 0.6900 0.7040
0.5160 0.3820 0.3880 0.0000 0.3720 0.4920 0.5950 0.7280 0.7270 0.6110 0.6490 0.5720 0.4460 0.6440 0.6220 0.5600 0.4870 0.6230 0.7140 0.3850 0.6240
0.5200 0.6300 0.4520 0.3720 0.0000 0.4110 0.4320 0.6160 0.6590 0.6730 0.7780 0.6140 0.4130 0.6320 0.7620 0.4020 0.5200 0.6250 0.5850 0.6160 0.2520
0.6080 0.4820 0.7730 0.4920 0.4110 0.0000 0.6210 0.3290 0.4780 0.4140 0.4910 0.6930 0.6790 0.5090 0.6460 0.6380 0.8360 0.5660 0.5640 0.7550 0.6630
0.5350 0.6220 0.5980 0.5950 0.4320 0.6210 0.0000 0.5730 0.6440 0.2410 0.5460 0.3460 0.3960 0.3600 0.5460 0.5580 0.6790 0.5750 0.7870 0.7380 0.4540
0.8000 0.6490 0.9320 0.7280 0.6160 0.3290 0.5730 0.0000 0.6780 0.7430 0.5110 0.6240 0.4660 0.3420 0.8520 0.7970 0.7220 0.8950 0.6900 0.7330 0.5280
0.4820 0.8860 0.5250 0.7270 0.6590 0.4780 0.6440 0.6780 0.0000 0.7550 0.6060 0.2980 0.8820 0.6800 0.7590 0.5100 0.7340 0.7520 0.5320 0.3420 0.4570
0.5880 0.6010 0.6980 0.6110 0.6730 0.4140 0.2410 0.7430 0.7550 0.0000 0.5570 0.5870 0.6370 0.6010 0.6580 0.4380 0.4380 0.3340 0.6750 0.6770 0.5220
0.4300 0.6440 0.8430 0.6490 0.7780 0.4910 0.5460 0.5110 0.6060 0.5570 0.0000 0.5520 0.5600 0.3340 0.6690 0.5100 0.7910 0.4780 0.6090 0.2640 0.5260
0.7800 0.6240 0.6850 0.5720 0.6140 0.6930 0.3460 0.6240 0.2980 0.5870 0.5520 0.0000 0.6780 0.3820 0.6860 0.2120 0.6690 0.7280 0.4880 0.6400 0.5290
0.8580 0.7340 0.7460 0.4460 0.4130 0.6790 0.3960 0.4660 0.8820 0.6370 0.5600 0.6780 0.0000 0.5350 0.7010 0.6940 0.7140 0.6540 0.6280 0.5620 0.5100
0.4580 0.5710 0.8120 0.6440 0.6320 0.5090 0.3600 0.3420 0.6800 0.6010 0.3340 0.3820 0.5350 0.0000 0.6410 0.4550 0.8540 0.6700 0.6120 0.5820 0.3800
0.9160 0.7960 0.6800 0.6220 0.7620 0.6460 0.5460 0.8520 0.7590 0.6580 0.6690 0.6860 0.7010 0.6410 0.0000 0.7270 0.6960 0.6490 0.4000 0.9330 0.5100
0.7580 0.6040 0.5680 0.5600 0.4020 0.6380 0.5580 0.7970 0.5100 0.4380 0.5100 0.2120 0.6940 0.4550 0.7270 0.0000 0.4570 0.7480 0.4410 0.6520 0.6540
0.5950 0.7630 0.6000 0.4870 0.5200 0.8360 0.6790 0.7220 0.7340 0.4380 0.7910 0.6690 0.7140 0.8540 0.6960 0.4570 0.0000 0.6200 0.4160 0.6560 0.7490
0.7160 0.2670 0.8640 0.6230 0.6250 0.5660 0.5750 0.8950 0.7520 0.3340 0.4780 0.7280 0.6540 0.6700 0.6490 0.7480 0.6200 0.0000 0.4530 0.7000 0.7000
0.5160 0.5230 0.6360 0.7140 0.5850 0.5640 0.7870 0.6900 0.5320 0.6750 0.6090 0.4880 0.6280 0.6120 0.4000 0.4410 0.4160 0.4530 0.0000 0.8240 0.3330
0.6210 0.6940 0.6900 0.3850 0.6160 0.7550 0.7380 0.7330 0.3420 0.6770 0.2640 0.6400 0.5620 0.5820 0.9330 0.6520 0.6560 0.7000 0.8240 0.0000 0.7540
0.6900 0.4430 0.7040 0.6240 0.2520 0.6630 0.4540 0.5280 0.4570 0.5220 0.5260 0.5290 0.5100 0.3800 0.5100 0.6540 0.7490 0.7000 0.3330 0.7540 0.0000

--- Contains 5 samples ---

--- Sample 1 ---
node_demand:
0.0333
0.2667
0.2667
0.2667
0.0667
0.1000
0.3000
0.1667
0.2000
0.0667
0.0667
0.2000
0.1333
0.0333
0.1667
0.1000
0.1333
0.1667
0.2333
0.2333

dist_matrix:
0.0000 0.7033 0.4390 0.4087 0.4625 0.3594 0.5036 0.6746 0.2911 0.2877 0.3861 0.3222 0.6266 0.2904 0.9130 0.7006 0.4263 0.5925 0.4067 0.3576 0.5645
0.7301 0.0000 0.4532 0.1482 0.6250 0.4666 0.1992 0.4393 0.7505 0.3599 0.2514 0.5490 0.2779 0.3575 0.7568 0.4784 0.3671 0.2647 0.2619 0.3332 0.3471
0.5102 0.6681 0.0000 0.3099 0.4288 0.4906 0.3756 0.6825 0.3942 0.6694 0.6020 0.5415 0.6335 0.7720 0.5407 0.4382 0.5220 0.7491 0.6067 0.5280 0.4259
0.2081 0.1517 0.3697 0.0000 0.1670 0.3780 0.2398 0.4783 0.2516 0.3689 0.3085 0.2878 0.1437 0.4788 0.6179 0.2696 0.2586 0.4497 0.3329 0.3030 0.3314
0.3291 0.5092 0.4392 0.2239 0.0000 0.3085 0.1655 0.6158 0.4357 0.4125 0.4508 0.3390 0.3199 0.5005 0.6262 0.3757 0.2768 0.6087 0.4989 0.4516 0.1857
0.3652 0.2965 0.7321 0.3425 0.4070 0.0000 0.3847 0.2911 0.2948 0.3837 0.3243 0.6891 0.4383 0.4412 0.4673 0.3830 0.8026 0.4328 0.4250 0.3445 0.5637
0.1986 0.4740 0.4005 0.3709 0.2469 0.5893 0.0000 0.3226 0.5357 0.1819 0.2861 0.2687 0.2570 0.2910 0.3681 0.3546 0.1042 0.2510 0.5136 0.2813 0.3526
0.7889 0.5332 0.7366 0.6210 0.3050 0.2862 0.3814 0.0000 0.2626 0.3953 0.3193 0.5437 0.2289 0.2809 0.5204 0.3768 0.1942 0.5089 0.5096 0.7231 0.2874
0.3672 0.3239 0.5137 0.3252 0.1779 0.3052 0.5506 0.3487 0.0000 0.3316 0.4473 0.2837 0.7541 0.4666 0.7163 0.3089 0.6654 0.5839 0.4707 0.2954 0.4175
0.3217 0.3126 0.6845 0.5336 0.5984 0.3845 0.1911 0.4999 0.5558 0.0000 0.4143 0.2707 0.5045 0.5144 0.5450 0.3131 0.4072 0.3114 0.6296 0.3039 0.5025
0.3785 0.3280 0.5895 0.4062 0.6265 0.3997 0.3646 0.4038 0.5281 0.3097 0.0000 0.2922 0.4824 0.1332 0.2927 0.3639 0.3850 0.2483 0.3415 0.1727 0.3521
0.7169 0.4459 0.4946 0.3313 0.5484 0.4889 0.2094 0.4408 0.2570 0.5636 0.1404 0.0000 0.4256 0.3650 0.4258 0.1937 0.4125 0.3431 0.4707 0.3476 0.4097
0.6531 0.5009 0.6993 0.2372 0.3525 0.5142 0.3488 0.3660 0.6514 0.4071 0.3766 0.5413 0.0000 0.5038 0.3422 0.5723 0.4411 0.5916 0.4538 0.5483 0.4566
0.3030 0.4142 0.7230 0.3061 0.6017 0.4963 0.2408 0.2446 0.5425 0.4231 0.1747 0.3297 0.5226 0.0000 0.5360 0.4250 0.6034 0.4164 0.5595 0.4638 0.3272
0.7496 0.5216 0.5118 0.3497 0.5454 0.5944 0.3295 0.6563 0.3949 0.4702 0.3397 0.6066 0.5649 0.5632 0.0000 0.7036 0.4245 0.3930 0.3129 0.5112 0.3728
0.7306 0.2704 0.5268 0.4148 0.2206 0.2856 0.3730 0.6530 0.2685 0.3251 0.3743 0.1576 0.4624 0.3357 0.6014 0.0000 0.4474 0.5812 0.4193 0.6315 0.5697
0.5584 0.4636 0.4031 0.3625 0.5062 0.5568 0.3376 0.4927 0.7299 0.3695 0.6913 0.1780 0.3729 0.8395 0.5123 0.4324 0.0000 0.4033 0.3162 0.2454 0.7307
0.3910 0.2660 0.6424 0.2787 0.3268 0.5129 0.2498 0.4323 0.4556 0.2963 0.3943 0.7170 0.6014 0.4821 0.5992 0.3215 0.4341 0.0000 0.2892 0.0394 0.5898
0.4809 0.2644 0.5309 0.5094 0.5797 0.4701 0.5479 0.6001 0.2686 0.3184 0.4424 0.4786 0.2608 0.3917 0.3248 0.4284 0.2624 0.3432 0.0000 0.7241 0.3058
0.4843 0.5966 0.5305 0.2849 0.3340 0.4165 0.3759 0.3577 0.3029 0.3766 0.2556 0.2372 0.2268 0.3177 0.5936 0.2694 0.5965 0.5878 0.7885 0.0000 0.4499
0.4403 0.2955 0.5501 0.4990 0.1923 0.4897 0.3334 0.4559 0.3502 0.3704 0.3435 0.5235 0.4202 0.3780 0.4357 0.5453 0.5522 0.5352 0.3033 0.5787 0.0000

--- Sample 2 ---
node_demand:
0.0333
0.2667
0.2667
0.2667
0.0667
0.1000
0.3000
0.1667
0.2000
0.0667
0.0667
0.2000
0.1333
0.0333
0.1667
0.1000
0.1333
0.1667
0.2333
0.2333

dist_matrix:
0.0000 0.6486 0.4888 0.4427 0.4015 0.3361 0.4746 0.7122 0.3989 0.3096 0.3925 0.6953 0.5921 0.4384 0.5319 0.6417 0.2998 0.5261 0.4245 0.5728 0.4262
0.6247 0.0000 0.7431 0.1783 0.6300 0.2662 0.5371 0.3012 0.3391 0.4806 0.3346 0.4026 0.2601 0.3211 0.5281 0.3297 0.3766 0.2622 0.4358 0.4614 0.3832
0.4917 0.6538 0.0000 0.3853 0.4425 0.4926 0.5525 0.4624 0.5010 0.6383 0.7529 0.3924 0.7130 0.4922 0.6691 0.3867 0.5391 0.6519 0.6337 0.5689 0.4272
0.3992 0.1486 0.3587 0.0000 0.3227 0.3269 0.5105 0.5289 0.4107 0.3276 0.5072 0.3488 0.2537 0.3123 0.4112 0.2111 0.3144 0.2997 0.3454 0.3029 0.5159
0.4733 0.4613 0.4099 0.1747 0.0000 0.3707 0.2576 0.3405 0.3591 0.2922 0.3089 0.3030 0.2985 0.3834 0.7164 0.2740 0.2321 0.3769 0.2642 0.2909 0.2208
0.3704 0.2859 0.4685 0.3631 0.3433 0.0000 0.4558 0.2741 0.3684 0.4083 0.3697 0.5013 0.1471 0.3907 0.6328 0.5073 0.5147 0.3047 0.4864 0.4246 0.5517
0.2723 0.3604 0.3314 0.2192 0.1099 0.5304 0.0000 0.3688 0.4282 0.2226 0.4856 0.2453 0.2544 0.2209 0.4839 0.5120 0.4209 0.5471 0.2470 0.2549 0.3799
0.7234 0.4869 0.5443 0.5776 0.3111 0.2747 0.2327 0.0000 0.4947 0.2331 0.2975 0.3115 0.2406 0.2780 0.5709 0.4151 0.6760 0.2664 0.4474 0.2868 0.3475
0.4803 0.6961 0.5146 0.2484 0.6535 0.3279 0.2769 0.3462 0.0000 0.7425 0.5093 0.2338 0.4505 0.3548 0.5420 0.3272 0.4969 0.3122 0.3097 0.2251 0.2937
0.4057 0.4608 0.4952 0.4293 0.3411 0.3510 0.1607 0.3869 0.7103 0.0000 0.5393 0.3224 0.5579 0.4039 0.4665 0.3048 0.4074 0.2948 0.3384 0.6078 0.3490
0.4112 0.2843 0.7353 0.3577 0.3982 0.3426 0.3104 0.3536 0.2658 0.4032 0.0000 0.4818 0.2977 0.2073 0.3289 0.4573 0.2899 0.2642 0.3639 0.1624 0.3520
0.4348 0.3159 0.5858 0.3548 0.4727 0.4064 0.2769 0.4626 0.2276 0.3231 0.1477 0.0000 0.3951 0.3568 0.6386 0.1158 0.2461 0.6092 0.4726 0.5065 0.5009
0.6837 0.4772 0.4523 0.1832 0.3290 0.4379 0.3528 0.4283 0.3572 0.4448 0.4778 0.3867 0.0000 0.3390 0.3406 0.5870 0.6287 0.5315 0.3446 0.5255 0.4499
0.4458 0.3260 0.6979 0.3345 0.3178 0.3587 0.1913 0.2902 0.5755 0.4879 0.2970 0.2656 0.3350 0.0000 0.4178 0.3951 0.2303 0.5116 0.4215 0.2264 0.3300
0.5995 0.3471 0.4713 0.3870 0.5683 0.5434 0.5023 0.6722 0.5415 0.4958 0.4209 0.4797 0.5841 0.5470 0.0000 0.4194 0.4943 0.1863 0.3092 0.6754 0.4613
0.5017 0.3547 0.3342 0.2870 0.2244 0.5739 0.4088 0.3495 0.4024 0.3032 0.3870 0.1378 0.5011 0.4026 0.5748 0.0000 0.4162 0.3778 0.3451 0.5300 0.4241
0.4998 0.3261 0.3869 0.3711 0.4995 0.6787 0.1793 0.1967 0.6470 0.3336 0.6288 0.4086 0.6938 0.2365 0.6069 0.4135 0.0000 0.3591 0.3629 0.3937 0.6403
0.6277 0.2635 0.6309 0.2910 0.2165 0.5197 0.3570 0.7632 0.1886 0.2755 0.4464 0.5998 0.4090 0.4736 0.1954 0.4357 0.4172 0.0000 0.1945 0.1909 0.5179
0.4962 0.3742 0.4971 0.3651 0.3126 0.4136 0.5068 0.4460 0.4706 0.3196 0.4383 0.4550 0.3179 0.5319 0.3070 0.3451 0.2881 0.3486 0.0000 0.2256 0.2795
0.5102 0.2930 0.6178 0.3586 0.4218 0.6915 0.2423 0.6774 0.3375 0.4378 0.2613 0.4296 0.5069 0.4267 0.2365 0.3496 0.3263 0.2171 0.3353 0.0000 0.5933
0.3428 0.4223 0.4189 0.3488 0.2499 0.6191 0.2590 0.3126 0.2900 0.3536 0.3772 0.4605 0.4564 0.3049 0.4680 0.5196 0.6926 0.3594 0.3193 0.7499 0.0000

--- Sample 3 ---
node_demand:
0.0333
0.2667
0.2667
0.2667
0.0667
0.1000
0.3000
0.1667
0.2000
0.0667
0.0667
0.2000
0.1333
0.0333
0.1667
0.1000
0.1333
0.1667
0.2333
0.2333

dist_matrix:
0.0000 0.5947 0.4452 0.3617 0.3651 0.3356 0.3295 0.6028 0.4177 0.3643 0.4065 0.3934 0.2858 0.2946 0.6969 0.2202 0.3618 0.6976 0.4116 0.6052 0.5805
0.4706 0.0000 0.4545 0.3535 0.2642 0.2129 0.2432 0.3670 0.5646 0.4383 0.1710 0.5081 0.6878 0.4045 0.4133 0.4200 0.3204 0.2660 0.3873 0.3474 0.2990
0.5292 0.4160 0.0000 0.3319 0.4185 0.5968 0.3739 0.5297 0.4718 0.5466 0.7130 0.6227 0.5139 0.6283 0.5679 0.4257 0.3069 0.4395 0.5659 0.6816 0.4299
0.1401 0.3533 0.3268 0.0000 0.2676 0.4229 0.3917 0.3075 0.3854 0.3259 0.5181 0.2751 0.2301 0.5735 0.4841 0.5327 0.3320 0.2738 0.5572 0.2946 0.4958
0.4375 0.3837 0.4481 0.2253 0.0000 0.3102 0.1466 0.5107 0.1100 0.5988 0.1988 0.2937 0.3594 0.2044 0.7404 0.2684 0.2135 0.3838 0.5052 0.3888 0.1805
0.5871 0.3357 0.4689 0.4749 0.3666 0.0000 0.2966 0.2878 0.2856 0.4061 0.4351 0.4056 0.3052 0.3578 0.5875 0.4671 0.6601 0.4457 0.4931 0.4396 0.6324
0.4061 0.4071 0.3717 0.4335 0.1546 0.4549 0.0000 0.2687 0.2754 0.1205 0.3384 0.3035 0.3241 0.3419 0.3487 0.4466 0.3427 0.3436 0.4305 0.2430 0.3970
0.3264 0.2707 0.7632 0.4823 0.1654 0.2838 0.4305 0.0000 0.1857 0.5358 0.5004 0.5296 0.2589 0.2747 0.4438 0.5428 0.3370 0.6889 0.2911 0.6995 0.4119
0.2411 0.2543 0.4733 0.3079 0.1203 0.3919 0.3623 0.6580 0.0000 0.5990 0.4838 0.2785 0.3465 0.5460 0.7393 0.4452 0.7185 0.6247 0.3937 0.1972 0.2829
0.3527 0.3942 0.4014 0.5943 0.2697 0.3565 0.1634 0.2377 0.5273 0.0000 0.3308 0.3274 0.4683 0.2800 0.5773 0.3443 0.3321 0.3223 0.5585 0.6271 0.4879
0.3855 0.1647 0.7704 0.4681 0.1826 0.3542 0.3772 0.4324 0.2371 0.2630 0.0000 0.4432 0.4802 0.3289 0.4848 0.2530 0.4643 0.1567 0.4754 0.2217 0.4718
0.3619 0.6095 0.6152 0.2535 0.3543 0.4112 0.2633 0.3549 0.2309 0.4414 0.5015 0.0000 0.5851 0.3617 0.4071 0.1264 0.2031 0.6196 0.4505 0.2748 0.4220
0.8069 0.2596 0.7379 0.2426 0.2492 0.4108 0.3348 0.2107 0.5537 0.4422 0.4553 0.2861 0.0000 0.3744 0.3911 0.5928 0.6297 0.6477 0.3155 0.4635 0.4898
0.2980 0.4807 0.5132 0.6134 0.3867 0.3953 0.2740 0.2479 0.3103 0.5056 0.2037 0.2117 0.4416 0.0000 0.3691 0.4320 0.7134 0.6209 0.4453 0.5528 0.3610
0.7801 0.7051 0.5025 0.5753 0.5295 0.3744 0.4167 0.6797 0.4381 0.5851 0.4156 0.5085 0.3803 0.3507 0.0000 0.4565 0.4616 0.3038 0.3539 0.7425 0.4847
0.7529 0.4844 0.4507 0.1272 0.3096 0.5712 0.4061 0.6415 0.3718 0.2496 0.3611 0.1687 0.5858 0.3296 0.3496 0.0000 0.4070 0.2036 0.4146 0.3554 0.5406
0.3606 0.4381 0.4780 0.3447 0.2770 0.7621 0.2874 0.2860 0.6089 0.2021 0.5625 0.5982 0.3943 0.4095 0.6500 0.4338 0.0000 0.3029 0.3296 0.2818 0.3755
0.6614 0.2622 0.7203 0.6101 0.2313 0.3281 0.3496 0.4457 0.6921 0.2767 0.2611 0.3090 0.5641 0.4967 0.2479 0.5136 0.4927 0.0000 0.2040 0.4187 0.3473
0.3846 0.4682 0.6117 0.5557 0.2635 0.5249 0.3654 0.4715 0.2828 0.6615 0.3323 0.3857 0.5067 0.5501 0.3812 0.3534 0.3233 0.1705 0.0000 0.2938 0.3274
0.6132 0.6125 0.5601 0.3570 0.2622 0.7087 0.7196 0.4433 0.2830 0.4313 0.2237 0.4979 0.2119 0.2339 0.1632 0.2441 0.3965 0.1600 0.7286 0.0000 0.4384
0.3948 0.3934 0.5887 0.4058 0.2074 0.6485 0.3896 0.2954 0.3429 0.4472 0.4100 0.4824 0.4934 0.3436 0.3884 0.6065 0.5112 0.3918 0.2805 0.5982 0.0000

--- Sample 4 ---
node_demand:
0.0333
0.2667
0.2667
0.2667
0.0667
0.1000
0.3000
0.1667
0.2000
0.0667
0.0667
0.2000
0.1333
0.0333
0.1667
0.1000
0.1333
0.1667
0.2333
0.2333

dist_matrix:
0.0000 0.7121 0.5128 0.2589 0.4283 0.3696 0.2742 0.6542 0.2862 0.3544 0.3896 0.3862 0.4669 0.3424 0.5514 0.4272 0.4460 0.5904 0.3953 0.4120 0.6292
0.8638 0.0000 0.6649 0.2745 0.4849 0.3791 0.3355 0.6034 0.5547 0.5209 0.2035 0.3081 0.4874 0.3271 0.5508 0.5992 0.7615 0.2660 0.5075 0.5051 0.4089
0.4591 0.4946 0.0000 0.3235 0.4224 0.4040 0.3361 0.9048 0.4366 0.6471 0.6634 0.4663 0.5885 0.7662 0.6461 0.5161 0.4716 0.6561 0.5802 0.6348 0.4064
0.5061 0.3701 0.3039 0.0000 0.3366 0.2555 0.4223 0.4899 0.7034 0.4531 0.5631 0.4649 0.2247 0.3108 0.4187 0.2742 0.3442 0.5071 0.3519 0.3019 0.4712
0.3665 0.1616 0.4363 0.3410 0.0000 0.3195 0.1978 0.2563 0.3931 0.3185 0.4553 0.3160 0.3871 0.2979 0.5193 0.2345 0.1525 0.5263 0.5442 0.3624 0.2293
0.3889 0.1826 0.7082 0.3203 0.3478 0.0000 0.5845 0.2796 0.3221 0.4122 0.3084 0.6442 0.5255 0.5086 0.4529 0.2698 0.3011 0.2942 0.4447 0.7310 0.6315
0.3434 0.2007 0.3644 0.4227 0.3619 0.5798 0.0000 0.1175 0.4437 0.2099 0.3806 0.2620 0.3711 0.3116 0.4565 0.5303 0.3093 0.2309 0.4146 0.5258 0.4343
0.5731 0.5682 0.9004 0.5404 0.2944 0.2973 0.4046 0.0000 0.3106 0.2809 0.3673 0.4014 0.3380 0.3300 0.4206 0.6278 0.1421 0.4459 0.2890 0.4788 0.3165
0.4566 0.8713 0.3944 0.3305 0.0846 0.4498 0.5525 0.3108 0.0000 0.3511 0.5368 0.2956 0.6136 0.5409 0.5451 0.4691 0.2638 0.6543 0.4408 0.3090 0.3033
0.3026 0.4388 0.3845 0.3736 0.2103 0.3745 0.1216 0.3004 0.2514 0.0000 0.4679 0.5693 0.5725 0.5293 0.4728 0.2724 0.2214 0.3083 0.4960 0.5522 0.4473
0.4010 0.4669 0.5745 0.5708 0.4695 0.4495 0.5165 0.3956 0.3962 0.4010 0.0000 0.2483 0.4959 0.0789 0.4208 0.2847 0.4596 0.2721 0.6053 0.2260 0.3896
0.3779 0.3857 0.5387 0.4772 0.3076 0.4097 0.2463 0.4313 0.2671 0.4629 0.4094 0.0000 0.5401 0.3179 0.4979 0.1766 0.2168 0.3261 0.4682 0.4990 0.4961
0.7245 0.6066 0.6394 0.4265 0.3459 0.6769 0.2898 0.1972 0.6276 0.3224 0.5217 0.2978 0.0000 0.3242 0.5079 0.2207 0.6956 0.3345 0.4409 0.4322 0.4749
0.3579 0.2910 0.5688 0.5949 0.3073 0.4661 0.3429 0.2555 0.4214 0.4175 0.3090 0.2089 0.5316 0.0000 0.6298 0.4305 0.6672 0.1848 0.5227 0.4869 0.3554
0.4454 0.3665 0.4683 0.5637 0.5774 0.4820 0.3337 0.3739 0.4237 0.5186 0.4139 0.6621 0.4096 0.5808 0.0000 0.5606 0.3512 0.3599 0.3721 0.6386 0.4071
0.2624 0.5272 0.3431 0.2838 0.2273 0.4718 0.3143 0.7230 0.4040 0.2870 0.4639 0.1368 0.3385 0.4313 0.6301 0.0000 0.3721 0.2991 0.3546 0.4242 0.5958
0.3686 0.4070 0.3346 0.4082 0.4307 0.5389 0.6392 0.1998 0.7255 0.2057 0.3126 0.5458 0.3020 0.4157 0.5459 0.4291 0.0000 0.2816 0.3657 0.5049 0.5027
0.5223 0.2656 0.6287 0.5137 0.5673 0.4532 0.5302 0.8598 0.2379 0.2753 0.3908 0.6509 0.1708 0.3797 0.5854 0.4072 0.5194 0.0000 0.3158 0.2951 0.5137
0.4582 0.3733 0.5196 0.6987 0.5744 0.3801 0.3267 0.3192 0.3364 0.3709 0.4660 0.4754 0.4789 0.4476 0.3458 0.3462 0.3531 0.4184 0.0000 0.6333 0.2615
0.5020 0.3858 0.6021 0.3019 0.5525 0.7027 0.2735 0.4369 0.2262 0.5299 0.2235 0.3545 0.2652 0.5493 0.4903 0.5844 0.4815 0.4486 0.4685 0.0000 0.5372
0.6364 0.3792 0.3866 0.4916 0.1910 0.6494 0.4085 0.2789 0.3834 0.3451 0.3752 0.4540 0.4127 0.3403 0.4724 0.4556 0.6646 0.6882 0.2871 0.5848 0.0000

--- Sample 5 ---
node_demand:
0.0333
0.2667
0.2667
0.2667
0.0667
0.1000
0.3000
0.1667
0.2000
0.0667
0.0667
0.2000
0.1333
0.0333
0.1667
0.1000
0.1333
0.1667
0.2333
0.2333

dist_matrix:
0.0000 0.8309 0.4956 0.1893 0.1952 0.3477 0.4380 0.7615 0.3172 0.4880 0.4011 0.6877 0.3104 0.3718 0.4431 0.5801 0.3915 0.6483 0.4778 0.3741 0.6012
0.5607 0.0000 0.4013 0.1897 0.5488 0.3578 0.3937 0.2780 0.1995 0.3290 0.6380 0.3962 0.4251 0.3940 0.2765 0.3944 0.4457 0.2657 0.2878 0.6362 0.3613
0.4726 0.4585 0.0000 0.3216 0.4208 0.5524 0.3532 0.5197 0.3951 0.5207 0.7298 0.4307 0.7298 0.5507 0.5960 0.4593 0.4774 0.6126 0.6233 0.4878 0.5606
0.1326 0.3150 0.3083 0.0000 0.1385 0.3046 0.5496 0.4527 0.4422 0.3951 0.4764 0.2380 0.2760 0.4814 0.3480 0.1949 0.3322 0.5159 0.6662 0.3220 0.3350
0.4870 0.4330 0.4205 0.2779 0.0000 0.3132 0.2398 0.3548 0.3874 0.3635 0.5267 0.5501 0.3108 0.1817 0.6690 0.3695 0.1409 0.6154 0.3587 0.3896 0.1917
0.5862 0.4384 0.3564 0.3124 0.3489 0.0000 0.3615 0.3233 0.3397 0.3632 0.3689 0.4686 0.1674 0.4263 0.3542 0.3861 0.8220 0.3988 0.4467 0.5562 0.5319
0.2790 0.5167 0.4311 0.5862 0.4217 0.4105 0.0000 0.2745 0.5452 0.2016 0.5326 0.2454 0.3454 0.2353 0.4960 0.4004 0.4368 0.4419 0.4853 0.3655 0.2612
0.4341 0.4539 0.8637 0.2839 0.1492 0.2811 0.4073 0.0000 0.3571 0.1732 0.4312 0.5133 0.1809 0.3322 0.3908 0.6515 0.4066 0.5247 0.6808 0.3911 0.2369
0.4175 0.4737 0.5111 0.3767 0.0989 0.3608 0.1510 0.5222 0.0000 0.5949 0.5508 0.2801 0.3720 0.6296 0.5345 0.4792 0.5848 0.5343 0.4442 0.3414 0.4311
0.5717 0.4271 0.3859 0.5408 0.4544 0.3362 0.1252 0.3697 0.3999 0.0000 0.2661 0.2795 0.6018 0.4420 0.4327 0.4126 0.3151 0.2855 0.4181 0.6436 0.4711
0.2873 0.4769 0.8054 0.4192 0.6386 0.4596 0.2858 0.3855 0.4265 0.2555 0.0000 0.1587 0.4848 0.2533 0.3464 0.3109 0.7177 0.1980 0.5682 0.2229 0.3788
0.7354 0.3764 0.6393 0.3666 0.3976 0.4704 0.2452 0.3986 0.2670 0.3760 0.3856 0.0000 0.2974 0.2365 0.6327 0.1461 0.4445 0.5675 0.4868 0.2263 0.5217
0.8371 0.6326 0.5302 0.3675 0.3337 0.2486 0.2298 0.3116 0.3989 0.3240 0.2796 0.3749 0.0000 0.3964 0.6010 0.3847 0.4959 0.1937 0.3250 0.1942 0.4583
0.3365 0.4554 0.7459 0.5567 0.2226 0.4871 0.2580 0.2382 0.2503 0.4164 0.0751 0.3399 0.4867 0.0000 0.3456 0.3904 0.7810 0.4151 0.4714 0.3089 0.3754
0.7582 0.3278 0.5092 0.4348 0.4682 0.4141 0.4021 0.4042 0.5908 0.4150 0.5755 0.4097 0.6531 0.5070 0.0000 0.4214 0.5178 0.4687 0.3322 0.9263 0.4701
0.6159 0.3812 0.3747 0.4636 0.2609 0.4396 0.2964 0.6324 0.2756 0.3131 0.3315 0.2107 0.4956 0.3584 0.4192 0.0000 0.3219 0.6221 0.3894 0.5515 0.3633
0.4382 0.2656 0.3184 0.4831 0.2527 0.5290 0.0417 0.4152 0.2229 0.3171 0.3261 0.5396 0.4955 0.3473 0.5857 0.3486 0.0000 0.5981 0.4146 0.6332 0.3782
0.6360 0.2627 0.4396 0.4745 0.3796 0.3978 0.5159 0.8078 0.2929 0.3266 0.2981 0.5317 0.5501 0.2830 0.3323 0.4358 0.5213 0.0000 0.1581 0.1451 0.3681
0.3657 0.3610 0.5764 0.4255 0.3632 0.5249 0.4872 0.5373 0.4183 0.6216 0.4456 0.4232 0.3507 0.3413 0.3552 0.4367 0.4116 0.3288 0.0000 0.5682 0.3201
0.4339 0.3137 0.5164 0.3581 0.3421 0.6666 0.2318 0.5996 0.2921 0.2952 0.2224 0.6203 0.2985 0.5249 0.8293 0.3358 0.3089 0.3138 0.6862 0.0000 0.4010
0.6507 0.2926 0.4245 0.4622 0.1970 0.5304 0.3315 0.3646 0.3207 0.3552 0.3747 0.4235 0.4895 0.3118 0.3989 0.4741 0.4927 0.4100 0.2618 0.3361 0.0000
