min_dist:
0.0000 0.2580 0.3210 0.3020 0.2730 0.2030 0.2900 0.1700 0.3540 0.2120 0.2300 0.2530 0.2860 0.2570 0.0760 0.2840 0.1630 0.2650 0.2970 0.0600 0.1020
0.2580 0.0000 0.2120 0.1810 0.0350 0.2650 0.3500 0.2270 0.2940 0.3210 0.3340 0.0820 0.3100 0.1880 0.2950 0.2760 0.2080 0.1380 0.0800 0.3180 0.1560
0.3210 0.2120 0.0000 0.1910 0.2470 0.4600 0.2960 0.3370 0.2510 0.1090 0.3550 0.2900 0.2980 0.3570 0.3280 0.1220 0.4150 0.3450 0.1900 0.2610 0.3260
0.3020 0.1810 0.1910 0.0000 0.2160 0.2690 0.1690 0.3510 0.3060 0.3000 0.4350 0.0990 0.3860 0.2680 0.3120 0.3130 0.2250 0.1540 0.2040 0.2420 0.2020
0.2730 0.0350 0.2470 0.2160 0.0000 0.2300 0.3500 0.2270 0.2590 0.3560 0.3690 0.1170 0.2750 0.1530 0.3010 0.2760 0.2430 0.1730 0.0800 0.3330 0.1910
0.2030 0.2650 0.4600 0.2690 0.2300 0.0000 0.3000 0.3730 0.4300 0.4150 0.4330 0.3470 0.3180 0.3240 0.2790 0.4870 0.3660 0.4030 0.3100 0.2630 0.3050
0.2900 0.3500 0.2960 0.1690 0.3500 0.3000 0.0000 0.4170 0.2260 0.2620 0.5080 0.2680 0.4420 0.3320 0.3660 0.4180 0.3520 0.2500 0.2700 0.3500 0.3710
0.1700 0.2270 0.3370 0.3510 0.2270 0.3730 0.4170 0.0000 0.2720 0.2620 0.3030 0.3090 0.1860 0.3080 0.2460 0.3430 0.3330 0.3650 0.1470 0.1100 0.2720
0.3540 0.2940 0.2510 0.3060 0.2590 0.4300 0.2260 0.2720 0.0000 0.1420 0.3580 0.3760 0.2160 0.1060 0.2870 0.3730 0.3740 0.4120 0.3390 0.2940 0.2800
0.2120 0.3210 0.1090 0.3000 0.3560 0.4150 0.2620 0.2620 0.1420 0.0000 0.2460 0.2680 0.1890 0.2480 0.2880 0.2310 0.3120 0.4140 0.2990 0.1520 0.3140
0.2300 0.3340 0.3550 0.4350 0.3690 0.4330 0.5080 0.3030 0.3580 0.2460 0.0000 0.3940 0.2060 0.3280 0.3060 0.3130 0.2680 0.3700 0.4140 0.1930 0.3320
0.2530 0.0820 0.2900 0.0990 0.1170 0.3470 0.2680 0.3090 0.3760 0.2680 0.3940 0.0000 0.2960 0.2700 0.2130 0.3580 0.1260 0.2200 0.1620 0.2970 0.1510
0.2860 0.3100 0.2980 0.3860 0.2750 0.3180 0.4420 0.1860 0.2160 0.1890 0.2060 0.2960 0.0000 0.1220 0.3030 0.1950 0.3180 0.4200 0.3330 0.2960 0.1840
0.2570 0.1880 0.3570 0.2680 0.1530 0.3240 0.3320 0.3080 0.1060 0.2480 0.3280 0.2700 0.1220 0.0000 0.1810 0.3170 0.2680 0.3060 0.2330 0.3170 0.1740
0.0760 0.2950 0.3280 0.3120 0.3010 0.2790 0.3660 0.2460 0.2870 0.2880 0.3060 0.2130 0.3030 0.1810 0.0000 0.3140 0.0870 0.1890 0.2210 0.1360 0.1780
0.2840 0.2760 0.1220 0.3130 0.2760 0.4870 0.4180 0.3430 0.3730 0.2310 0.3130 0.3580 0.1950 0.3170 0.3140 0.0000 0.4010 0.3620 0.1960 0.3440 0.2360
0.1630 0.2080 0.4150 0.2250 0.2430 0.3660 0.3520 0.3330 0.3740 0.3120 0.2680 0.1260 0.3180 0.2680 0.0870 0.4010 0.0000 0.1020 0.2880 0.2230 0.2650
0.2650 0.1380 0.3450 0.1540 0.1730 0.4030 0.2500 0.3650 0.4120 0.4140 0.3700 0.2200 0.4200 0.3060 0.1890 0.3620 0.1020 0.0000 0.2180 0.3250 0.2940
0.2970 0.0800 0.1900 0.2040 0.0800 0.3100 0.2700 0.1470 0.3390 0.2990 0.4140 0.1620 0.3330 0.2330 0.2210 0.1960 0.2880 0.2180 0.0000 0.2570 0.2360
0.0600 0.3180 0.2610 0.2420 0.3330 0.2630 0.3500 0.1100 0.2940 0.1520 0.1930 0.2970 0.2960 0.3170 0.1360 0.3440 0.2230 0.3250 0.2570 0.0000 0.1620
0.1020 0.1560 0.3260 0.2020 0.1910 0.3050 0.3710 0.2720 0.2800 0.3140 0.3320 0.1510 0.1840 0.1740 0.1780 0.2360 0.2650 0.2940 0.2360 0.1620 0.0000

max_dist:
0.0000 0.6920 0.7340 0.4560 0.6620 0.3780 0.4660 0.6320 0.7160 0.7700 0.3640 0.5990 0.5980 0.6020 0.3280 0.6740 0.7030 0.5660 0.8160 0.1940 0.4120
0.6920 0.0000 0.3200 0.3580 0.6280 0.5870 0.5760 0.6160 0.4000 0.5200 0.5060 0.7600 0.7060 0.3540 0.5570 0.7060 0.6150 0.3660 0.5040 0.4980 0.4840
0.7340 0.3200 0.0000 0.3020 0.3840 0.6860 0.5200 0.6540 0.6220 0.5340 0.6160 0.5010 0.6960 0.5470 0.7300 0.5720 0.5880 0.5490 0.3320 0.8140 0.5290
0.4560 0.3580 0.3020 0.0000 0.6060 0.4440 0.2180 0.5550 0.6840 0.5540 0.6960 0.4740 0.7230 0.5250 0.7140 0.5870 0.7940 0.5790 0.5590 0.5450 0.2270
0.6620 0.6280 0.3840 0.6060 0.0000 0.4360 0.6070 0.6670 0.7420 0.7500 0.7460 0.3710 0.7870 0.2740 0.3460 0.5320 0.6400 0.7650 0.3520 0.5400 0.5290
0.3780 0.5870 0.6860 0.4440 0.4360 0.0000 0.4140 0.7900 0.7600 0.6880 0.5240 0.4700 0.8430 0.7100 0.6080 0.9020 0.7010 0.6300 0.5360 0.5720 0.5580
0.4660 0.5760 0.5200 0.2180 0.6070 0.4140 0.0000 0.7730 0.5000 0.5640 0.8300 0.4120 0.6860 0.6490 0.7660 0.6190 0.5760 0.4870 0.7460 0.6600 0.4450
0.6320 0.6160 0.6540 0.5550 0.6670 0.7900 0.7730 0.0000 0.3000 0.6460 0.5500 0.8420 0.3420 0.6790 0.3690 0.5840 0.6310 0.5730 0.3220 0.4380 0.7260
0.7160 0.4000 0.6220 0.6840 0.7420 0.7600 0.5000 0.3000 0.0000 0.4120 0.4610 0.8080 0.6110 0.7100 0.5720 0.5720 0.9110 0.6620 0.6220 0.7140 0.7740
0.7700 0.5200 0.5340 0.5540 0.7500 0.6880 0.5640 0.6460 0.4120 0.0000 0.8060 0.5660 0.3040 0.7230 0.5700 0.4640 0.8280 0.6880 0.3980 0.6960 0.7810
0.3640 0.5060 0.6160 0.6960 0.7460 0.5240 0.8300 0.5500 0.4610 0.8060 0.0000 0.5730 0.6400 0.7260 0.6920 0.6300 0.6900 0.6510 0.8720 0.4130 0.4690
0.5990 0.7600 0.5010 0.4740 0.3710 0.4700 0.4120 0.8420 0.8080 0.5660 0.5730 0.0000 0.6980 0.6200 0.5520 0.6280 0.4030 0.3940 0.7230 0.4830 0.7010
0.5980 0.7060 0.6960 0.7230 0.7870 0.8430 0.6860 0.3420 0.6110 0.3040 0.6400 0.6980 0.0000 0.5380 0.6640 0.4880 0.7090 0.6660 0.4350 0.7800 0.4960
0.6020 0.3540 0.5470 0.5250 0.2740 0.7100 0.6490 0.6790 0.7100 0.7230 0.7260 0.6200 0.5380 0.0000 0.3100 0.3830 0.6290 0.5060 0.6260 0.5980 0.2980
0.3280 0.5570 0.7300 0.7140 0.3460 0.6080 0.7660 0.3690 0.5720 0.5700 0.6920 0.5520 0.6640 0.3100 0.0000 0.3460 0.7640 0.7340 0.6740 0.2880 0.6080
0.6740 0.7060 0.5720 0.5870 0.5320 0.9020 0.6190 0.5840 0.5720 0.4640 0.6300 0.6280 0.4880 0.3830 0.3460 0.0000 0.7030 0.4680 0.4280 0.6340 0.3600
0.7030 0.6150 0.5880 0.7940 0.6400 0.7010 0.5760 0.6310 0.9110 0.8280 0.6900 0.4030 0.7090 0.6290 0.7640 0.7030 0.0000 0.2490 0.8950 0.5590 0.8560
0.5660 0.3660 0.5490 0.5790 0.7650 0.6300 0.4870 0.5730 0.6620 0.6880 0.6510 0.3940 0.6660 0.5060 0.7340 0.4680 0.2490 0.0000 0.6460 0.7500 0.6240
0.8160 0.5040 0.3320 0.5590 0.3520 0.5360 0.7460 0.3220 0.6220 0.3980 0.8720 0.7230 0.4350 0.6260 0.6740 0.4280 0.8950 0.6460 0.0000 0.7040 0.7860
0.1940 0.4980 0.8140 0.5450 0.5400 0.5720 0.6600 0.4380 0.7140 0.6960 0.4130 0.4830 0.7800 0.5980 0.2880 0.6340 0.5590 0.7500 0.7040 0.0000 0.5380
0.4120 0.4840 0.5290 0.2270 0.5290 0.5580 0.4450 0.7260 0.7740 0.7810 0.4690 0.7010 0.4960 0.2980 0.6080 0.3600 0.8560 0.6240 0.7860 0.5380 0.0000

--- Contains 5 samples ---

--- Sample 1 ---
node_demand:
0.2333
0.1333
0.1000
0.2000
0.0333
0.1333
0.1333
0.0333
0.2667
0.1333
0.2667
0.1667
0.2667
0.0333
0.1333
0.1333
0.3000
0.1667
0.1667
0.1333

dist_matrix:
0.0000 0.5150 0.4466 0.3497 0.3881 0.3170 0.3414 0.4821 0.6686 0.4574 0.2611 0.5590 0.4102 0.4740 0.2595 0.6584 0.6068 0.4087 0.5413 0.1575 0.1308
0.3221 0.0000 0.2161 0.3463 0.4824 0.5520 0.4609 0.3097 0.3363 0.3709 0.3809 0.5352 0.5388 0.2698 0.4091 0.6170 0.4440 0.2885 0.1333 0.3510 0.4445
0.6292 0.2799 0.0000 0.2427 0.3744 0.6145 0.3411 0.5998 0.4844 0.2256 0.4158 0.4702 0.4608 0.5457 0.4488 0.4807 0.5677 0.5379 0.2635 0.5452 0.5094
0.3051 0.2080 0.2316 0.0000 0.4536 0.3360 0.2127 0.3713 0.3783 0.3922 0.4536 0.1890 0.4229 0.2702 0.6506 0.4493 0.3357 0.4791 0.2685 0.4770 0.2208
0.5510 0.3724 0.3612 0.5175 0.0000 0.3681 0.4251 0.5858 0.4695 0.5557 0.4875 0.2292 0.6982 0.2018 0.3286 0.3083 0.4591 0.5319 0.2105 0.3698 0.3090
0.2246 0.3338 0.4611 0.4423 0.3572 0.0000 0.3895 0.5707 0.6328 0.4709 0.4606 0.3867 0.7201 0.4385 0.3520 0.6164 0.5898 0.5353 0.4721 0.5413 0.3996
0.3478 0.4330 0.5093 0.1866 0.5589 0.3020 0.0000 0.5431 0.4850 0.5605 0.7990 0.4023 0.4966 0.4805 0.5613 0.5716 0.3909 0.3003 0.2977 0.4392 0.4030
0.2345 0.4627 0.3442 0.3895 0.6060 0.3895 0.5322 0.0000 0.2985 0.5802 0.5270 0.4715 0.3140 0.3467 0.3119 0.3789 0.4885 0.4490 0.3161 0.1482 0.3373
0.6809 0.3456 0.4236 0.6463 0.5951 0.5807 0.4615 0.2912 0.0000 0.1843 0.4279 0.6856 0.5667 0.4496 0.4894 0.5145 0.6014 0.5638 0.5904 0.6986 0.6743
0.2764 0.3535 0.3902 0.5265 0.3904 0.6623 0.5137 0.6298 0.1439 0.0000 0.6737 0.5540 0.2915 0.3943 0.3086 0.3663 0.6627 0.4604 0.3659 0.2111 0.4492
0.3024 0.3348 0.4417 0.6463 0.7143 0.4624 0.7786 0.3786 0.4201 0.4179 0.0000 0.4917 0.5667 0.5062 0.6772 0.4824 0.4986 0.4852 0.6511 0.2125 0.4597
0.2976 0.7388 0.3675 0.2077 0.1840 0.4057 0.3440 0.8354 0.7747 0.5310 0.5692 0.0000 0.3586 0.3019 0.4822 0.3717 0.1907 0.3221 0.4644 0.4106 0.6791
0.2911 0.6904 0.5885 0.6460 0.3581 0.8312 0.5833 0.3365 0.5383 0.2253 0.5439 0.5065 0.0000 0.2580 0.3951 0.2712 0.4268 0.5670 0.3483 0.5119 0.3767
0.4476 0.2542 0.5221 0.4266 0.2153 0.6217 0.4003 0.4543 0.5038 0.6721 0.5435 0.4877 0.4989 0.0000 0.2744 0.3188 0.4488 0.3945 0.5319 0.3636 0.2087
0.0988 0.4076 0.3997 0.6165 0.3252 0.5826 0.4822 0.2796 0.4663 0.3918 0.3720 0.4901 0.6026 0.2853 0.0000 0.3427 0.1691 0.5833 0.6522 0.1648 0.5348
0.4787 0.4542 0.2838 0.4577 0.4149 0.6394 0.4268 0.4873 0.4958 0.2867 0.5445 0.5862 0.2311 0.3742 0.3328 0.0000 0.4230 0.4253 0.2947 0.5799 0.2441
0.5100 0.4478 0.5758 0.2898 0.4389 0.6303 0.4343 0.5849 0.5339 0.6240 0.6608 0.2156 0.5674 0.4518 0.1292 0.6480 0.0000 0.2478 0.5972 0.3762 0.7423
0.4801 0.3438 0.4005 0.5479 0.3330 0.4125 0.3490 0.5462 0.5318 0.4629 0.6110 0.3480 0.5068 0.3468 0.5798 0.4232 0.1611 0.0000 0.2817 0.4429 0.5795
0.4968 0.4945 0.2364 0.3850 0.1900 0.4884 0.7295 0.2224 0.4609 0.3122 0.6129 0.5014 0.4248 0.5952 0.5061 0.3443 0.3949 0.5081 0.0000 0.6432 0.5107
0.1223 0.4029 0.5981 0.4594 0.4053 0.2878 0.6185 0.2951 0.3747 0.6619 0.2271 0.3346 0.3205 0.3588 0.2074 0.5682 0.2449 0.4823 0.6984 0.0000 0.4851
0.2954 0.3865 0.4993 0.2257 0.3249 0.3865 0.3911 0.3253 0.4939 0.3760 0.3471 0.3189 0.2447 0.1756 0.3729 0.2901 0.3137 0.3577 0.2492 0.2950 0.0000

--- Sample 2 ---
node_demand:
0.2333
0.1333
0.1000
0.2000
0.0333
0.1333
0.1333
0.0333
0.2667
0.1333
0.2667
0.1667
0.2667
0.0333
0.1333
0.1333
0.3000
0.1667
0.1667
0.1333

dist_matrix:
0.0000 0.2738 0.4150 0.3721 0.6281 0.2538 0.3620 0.2829 0.6235 0.6745 0.2336 0.3693 0.4871 0.3455 0.2079 0.5641 0.7021 0.4205 0.4839 0.1118 0.1676
0.3562 0.0000 0.2440 0.3089 0.2843 0.4792 0.4360 0.4898 0.3785 0.3624 0.3720 0.4331 0.5032 0.2189 0.2991 0.6442 0.4634 0.1384 0.3930 0.4940 0.4277
0.4500 0.2796 0.0000 0.3018 0.2814 0.5435 0.3785 0.5624 0.3883 0.4613 0.3851 0.4137 0.4697 0.5196 0.3336 0.4333 0.4817 0.4050 0.2539 0.2967 0.4051
0.3591 0.3196 0.2755 0.0000 0.4806 0.3144 0.2067 0.4254 0.3167 0.4866 0.6391 0.4320 0.7107 0.3675 0.3460 0.5139 0.3551 0.5421 0.3458 0.2661 0.2036
0.4560 0.2252 0.3101 0.2244 0.0000 0.3118 0.3972 0.6451 0.6298 0.5564 0.6121 0.1226 0.6911 0.2377 0.3291 0.4238 0.5501 0.4711 0.3057 0.5335 0.2183
0.3380 0.3305 0.6555 0.3894 0.2770 0.0000 0.3947 0.7857 0.5528 0.5347 0.5000 0.3855 0.6825 0.5962 0.4042 0.5498 0.5647 0.5096 0.4444 0.4356 0.5410
0.3002 0.4128 0.4216 0.2017 0.4574 0.3373 0.0000 0.5356 0.4248 0.3371 0.8219 0.3420 0.5515 0.5770 0.7338 0.4685 0.4763 0.2571 0.3644 0.6224 0.4054
0.2474 0.3141 0.5468 0.4576 0.5673 0.4808 0.7640 0.0000 0.2745 0.6349 0.5265 0.7288 0.1876 0.3458 0.2780 0.5545 0.5047 0.5408 0.3030 0.2232 0.5606
0.5738 0.3450 0.4651 0.6733 0.6682 0.4713 0.3720 0.2852 0.0000 0.2656 0.3913 0.6389 0.2391 0.5100 0.4334 0.4381 0.6261 0.5672 0.4454 0.4346 0.4281
0.7327 0.3622 0.1642 0.5057 0.6366 0.4552 0.4736 0.4152 0.2059 0.0000 0.5789 0.3644 0.2887 0.6706 0.3520 0.3975 0.4745 0.4724 0.3169 0.2673 0.6110
0.3539 0.4006 0.5744 0.5513 0.4054 0.4722 0.7820 0.5389 0.4316 0.4858 0.0000 0.5621 0.5862 0.4332 0.5713 0.5899 0.4539 0.4542 0.5190 0.3542 0.3944
0.3475 0.1419 0.3432 0.1324 0.2201 0.4045 0.2991 0.6440 0.7355 0.3330 0.5404 0.0000 0.3674 0.4701 0.2143 0.6023 0.1395 0.2447 0.6172 0.3050 0.4800
0.5431 0.5430 0.6539 0.4425 0.5273 0.6108 0.5929 0.2714 0.4721 0.2942 0.5466 0.4198 0.0000 0.3071 0.5918 0.2516 0.4860 0.5481 0.3547 0.3581 0.4104
0.3166 0.2161 0.4269 0.4964 0.2001 0.4606 0.4950 0.4651 0.2650 0.6527 0.5039 0.4556 0.2299 0.0000 0.1997 0.3448 0.5712 0.3896 0.2929 0.3229 0.1748
0.2260 0.5482 0.6184 0.4425 0.3276 0.6076 0.5913 0.2704 0.4729 0.3711 0.5922 0.2658 0.4753 0.2851 0.0000 0.3415 0.2956 0.4612 0.5212 0.2051 0.4452
0.3307 0.4470 0.5677 0.3874 0.2920 0.6724 0.4719 0.4762 0.5719 0.3653 0.6212 0.4799 0.4260 0.3521 0.3438 0.0000 0.5139 0.3913 0.3035 0.5085 0.2611
0.4254 0.4611 0.5649 0.5939 0.4607 0.5488 0.3756 0.5855 0.6361 0.4678 0.5202 0.1657 0.4539 0.2832 0.4416 0.5518 0.0000 0.2072 0.4058 0.4526 0.5835
0.2725 0.2682 0.5140 0.5616 0.4234 0.5573 0.3253 0.4537 0.5944 0.6286 0.5271 0.2411 0.5517 0.4105 0.5669 0.4044 0.1420 0.0000 0.2712 0.4069 0.3597
0.3260 0.4333 0.3015 0.4189 0.1690 0.4648 0.6379 0.1834 0.3614 0.3419 0.6761 0.4449 0.3531 0.2572 0.4650 0.3695 0.3457 0.3842 0.0000 0.4970 0.7310
0.1121 0.4113 0.7431 0.2737 0.4388 0.3010 0.6302 0.3110 0.3972 0.1787 0.3727 0.3494 0.3402 0.5439 0.1492 0.3798 0.5135 0.6898 0.5118 0.0000 0.3062
0.3951 0.4780 0.4847 0.2040 0.2871 0.3806 0.4166 0.5868 0.5597 0.4884 0.4316 0.5068 0.2835 0.2949 0.3380 0.2368 0.5639 0.5488 0.5629 0.3090 0.0000

--- Sample 3 ---
node_demand:
0.2333
0.1333
0.1000
0.2000
0.0333
0.1333
0.1333
0.0333
0.2667
0.1333
0.2667
0.1667
0.2667
0.0333
0.1333
0.1333
0.3000
0.1667
0.1667
0.1333

dist_matrix:
0.0000 0.4424 0.5031 0.3776 0.5973 0.2428 0.3678 0.4705 0.5470 0.6352 0.2666 0.5625 0.3506 0.5149 0.1458 0.4371 0.3163 0.3252 0.6774 0.1759 0.2094
0.3018 0.0000 0.2193 0.2581 0.3155 0.3444 0.3687 0.3438 0.3520 0.3454 0.3717 0.4924 0.4503 0.2514 0.3788 0.6462 0.5541 0.2121 0.3952 0.3205 0.2307
0.4229 0.2260 0.0000 0.2247 0.3516 0.4955 0.4440 0.5245 0.5573 0.4704 0.4015 0.3490 0.3663 0.4533 0.6349 0.4232 0.4672 0.5157 0.2079 0.4229 0.4488
0.3636 0.2844 0.2936 0.0000 0.3558 0.3767 0.1882 0.3834 0.5489 0.4982 0.4676 0.3299 0.4920 0.4106 0.4606 0.4150 0.3756 0.3660 0.4904 0.2798 0.2043
0.4640 0.1450 0.3389 0.3220 0.0000 0.2353 0.5628 0.2860 0.4754 0.4679 0.4225 0.3078 0.5851 0.1589 0.3449 0.2974 0.3693 0.3711 0.1717 0.3363 0.2790
0.3745 0.4071 0.6797 0.3514 0.3423 0.0000 0.3920 0.7131 0.6438 0.6805 0.5061 0.3601 0.7462 0.6122 0.4155 0.5013 0.6253 0.4752 0.5217 0.5303 0.5312
0.2990 0.4650 0.3524 0.1908 0.3883 0.4049 0.0000 0.6391 0.4788 0.4128 0.5277 0.2698 0.5125 0.5378 0.3683 0.5268 0.4333 0.4352 0.6811 0.4245 0.3816
0.3813 0.2740 0.6190 0.4434 0.6487 0.6955 0.7116 0.0000 0.2748 0.5878 0.3336 0.6295 0.2456 0.3798 0.3523 0.5509 0.4372 0.5523 0.1927 0.2058 0.3359
0.5733 0.3510 0.5295 0.3769 0.6955 0.4511 0.4082 0.2773 0.0000 0.2668 0.4105 0.6751 0.3940 0.6733 0.4490 0.5312 0.4651 0.4171 0.6210 0.5109 0.6559
0.3496 0.3469 0.5316 0.3665 0.3571 0.6464 0.2962 0.2633 0.2867 0.0000 0.7109 0.4399 0.2359 0.3337 0.5004 0.3737 0.7160 0.4170 0.3662 0.1929 0.7027
0.3295 0.4613 0.4500 0.4557 0.4988 0.4439 0.5110 0.4401 0.4039 0.5163 0.0000 0.4396 0.5838 0.5987 0.3748 0.4765 0.4223 0.6264 0.5739 0.3449 0.4170
0.5658 0.7186 0.3481 0.1778 0.2826 0.3606 0.2831 0.7826 0.4244 0.3888 0.5275 0.0000 0.3360 0.4209 0.3657 0.4078 0.3273 0.3189 0.4133 0.3409 0.3908
0.4134 0.6819 0.3018 0.7080 0.5839 0.7062 0.4898 0.2524 0.5879 0.2818 0.3738 0.5675 0.0000 0.2374 0.6487 0.2492 0.5284 0.4318 0.3371 0.7720 0.4339
0.4799 0.3508 0.4135 0.4678 0.1670 0.5218 0.5432 0.3183 0.1736 0.4526 0.5889 0.5185 0.1341 0.0000 0.1933 0.3675 0.4112 0.3543 0.4164 0.5572 0.2957
0.1675 0.5440 0.5327 0.3431 0.3446 0.5648 0.5659 0.2897 0.4470 0.4714 0.3823 0.3761 0.6307 0.2507 0.0000 0.3244 0.1255 0.4015 0.5609 0.2258 0.3836
0.5666 0.2849 0.2412 0.5176 0.3482 0.4918 0.4255 0.5819 0.3900 0.3630 0.3403 0.6154 0.4716 0.3719 0.3391 0.0000 0.4143 0.4138 0.3586 0.4701 0.2936
0.4414 0.5262 0.4898 0.5354 0.3125 0.6098 0.4525 0.5782 0.8094 0.7797 0.4700 0.3329 0.6496 0.5964 0.4437 0.5980 0.0000 0.1517 0.4627 0.4503 0.3403
0.5191 0.2750 0.4128 0.2837 0.4974 0.6059 0.4774 0.4040 0.5240 0.6413 0.4477 0.2763 0.5485 0.4045 0.6564 0.3789 0.1495 0.0000 0.4283 0.5030 0.3919
0.4880 0.1201 0.2720 0.2741 0.2511 0.5040 0.2815 0.1633 0.4281 0.3616 0.4322 0.5804 0.3558 0.4695 0.6661 0.4240 0.3150 0.2678 0.0000 0.4136 0.3491
0.1443 0.3816 0.7212 0.4166 0.4104 0.3586 0.3891 0.3585 0.3204 0.2188 0.3121 0.3629 0.4303 0.4404 0.2572 0.5988 0.5338 0.4045 0.6767 0.0000 0.3154
0.3033 0.3212 0.3389 0.2143 0.3796 0.5190 0.4120 0.2816 0.4799 0.4761 0.3719 0.5319 0.3356 0.2327 0.1831 0.2490 0.5186 0.3815 0.7173 0.5000 0.0000

--- Sample 4 ---
node_demand:
0.2333
0.1333
0.1000
0.2000
0.0333
0.1333
0.1333
0.0333
0.2667
0.1333
0.2667
0.1667
0.2667
0.0333
0.1333
0.1333
0.3000
0.1667
0.1667
0.1333

dist_matrix:
0.0000 0.6478 0.6250 0.3894 0.3990 0.3376 0.3498 0.5529 0.6725 0.4807 0.3624 0.5242 0.5004 0.3863 0.2658 0.6213 0.5596 0.5458 0.6350 0.1757 0.2138
0.5365 0.0000 0.2207 0.3132 0.0563 0.4652 0.3671 0.3455 0.3456 0.5094 0.4043 0.1109 0.4243 0.2493 0.5257 0.4142 0.3796 0.1627 0.0801 0.4322 0.2595
0.5221 0.2687 0.0000 0.2119 0.2543 0.5496 0.3370 0.6428 0.5857 0.2549 0.5377 0.3699 0.3249 0.4845 0.6144 0.2732 0.4457 0.4233 0.2295 0.6109 0.3949
0.3755 0.2305 0.2268 0.0000 0.2778 0.4030 0.1827 0.3592 0.5754 0.3933 0.5502 0.1096 0.7045 0.4610 0.5378 0.3313 0.3853 0.2347 0.3253 0.4752 0.2170
0.3917 0.1395 0.3223 0.3165 0.0000 0.2992 0.5082 0.6069 0.4540 0.5375 0.4869 0.1749 0.6653 0.2210 0.3451 0.4756 0.4756 0.7583 0.1948 0.4857 0.3363
0.3103 0.4088 0.6520 0.4348 0.4202 0.0000 0.3040 0.3859 0.5933 0.6411 0.4608 0.3557 0.6822 0.5450 0.4322 0.5053 0.6325 0.5390 0.3232 0.3504 0.3130
0.3472 0.5065 0.3607 0.2122 0.5643 0.3161 0.0000 0.5387 0.4310 0.4662 0.5650 0.3481 0.5129 0.5991 0.3953 0.5653 0.5704 0.3992 0.7163 0.3532 0.3856
0.5732 0.4165 0.6522 0.4394 0.5620 0.4491 0.5710 0.0000 0.2857 0.6268 0.5199 0.4361 0.1938 0.4356 0.3354 0.5816 0.4505 0.3806 0.2411 0.2633 0.6100
0.6166 0.3169 0.3902 0.5682 0.6923 0.5500 0.4223 0.2778 0.0000 0.3237 0.4474 0.6440 0.5144 0.5825 0.4185 0.4754 0.6639 0.6494 0.5796 0.5627 0.5222
0.2532 0.3992 0.2852 0.3960 0.7165 0.4677 0.2877 0.5099 0.1553 0.0000 0.7960 0.4789 0.2372 0.5486 0.4314 0.2640 0.5151 0.5716 0.3080 0.5770 0.7194
0.3391 0.4378 0.4636 0.5943 0.5063 0.5196 0.6308 0.3764 0.4145 0.2889 0.0000 0.4096 0.5775 0.3941 0.3862 0.5640 0.6222 0.5787 0.8320 0.3011 0.4231
0.3803 0.6186 0.3363 0.3351 0.1443 0.3567 0.3356 0.3151 0.7150 0.3813 0.4316 0.0000 0.3663 0.5141 0.4205 0.5278 0.1263 0.3397 0.6571 0.4022 0.4305
0.3793 0.3411 0.4652 0.5755 0.7447 0.7013 0.5080 0.2881 0.5968 0.3022 0.6082 0.4087 0.0000 0.1583 0.4622 0.2478 0.3852 0.4334 0.4081 0.3349 0.3498
0.3939 0.2499 0.4356 0.3916 0.2027 0.3356 0.4024 0.4630 0.2725 0.3470 0.5663 0.3025 0.3242 0.0000 0.3070 0.3778 0.4091 0.4568 0.2702 0.4496 0.2604
0.2218 0.3606 0.5879 0.3984 0.3261 0.4667 0.4439 0.3683 0.5583 0.4139 0.6736 0.2843 0.4357 0.2535 0.0000 0.3277 0.2580 0.3854 0.6174 0.2472 0.2840
0.3921 0.3324 0.3672 0.3954 0.3174 0.8619 0.4796 0.5274 0.4802 0.4085 0.4838 0.4037 0.3632 0.3719 0.3413 0.0000 0.4161 0.3831 0.3233 0.5789 0.3386
0.6756 0.5883 0.4829 0.6043 0.3674 0.5781 0.4971 0.3493 0.8533 0.7550 0.6833 0.2050 0.6696 0.4171 0.4551 0.5441 0.0000 0.1685 0.4652 0.5288 0.6792
0.5179 0.3256 0.4535 0.2429 0.1890 0.5988 0.2596 0.4506 0.4350 0.4431 0.6246 0.3536 0.5967 0.3349 0.1951 0.4216 0.1444 0.0000 0.2477 0.5601 0.3461
0.8006 0.1054 0.2533 0.3729 0.3120 0.3671 0.4085 0.2765 0.5237 0.3809 0.5470 0.5675 0.3869 0.4409 0.5269 0.2790 0.7465 0.6383 0.0000 0.6524 0.7854
0.1763 0.4455 0.6861 0.4797 0.4009 0.5521 0.4491 0.3238 0.6690 0.5122 0.2258 0.4536 0.6573 0.3887 0.1652 0.4527 0.3102 0.4307 0.5144 0.0000 0.3502
0.1544 0.4533 0.5256 0.2067 0.4906 0.4181 0.4200 0.3852 0.3838 0.5460 0.3855 0.3776 0.2973 0.2783 0.3614 0.3090 0.6665 0.5732 0.7174 0.1850 0.0000

--- Sample 5 ---
node_demand:
0.2333
0.1333
0.1000
0.2000
0.0333
0.1333
0.1333
0.0333
0.2667
0.1333
0.2667
0.1667
0.2667
0.0333
0.1333
0.1333
0.3000
0.1667
0.1667
0.1333

dist_matrix:
0.0000 0.5540 0.3825 0.3082 0.4610 0.2391 0.3950 0.3902 0.4578 0.7075 0.3308 0.5876 0.3028 0.4918 0.0820 0.5425 0.6716 0.3386 0.4141 0.1551 0.3570
0.2727 0.0000 0.2545 0.1884 0.2999 0.5383 0.5695 0.5957 0.3095 0.4395 0.3343 0.5830 0.6792 0.3302 0.4447 0.4289 0.2146 0.3462 0.1320 0.4925 0.2591
0.5559 0.2719 0.0000 0.2492 0.2862 0.5713 0.4827 0.6291 0.4836 0.3468 0.6111 0.4994 0.5775 0.4547 0.4227 0.2815 0.5732 0.5105 0.1961 0.4775 0.4802
0.3515 0.2604 0.3018 0.0000 0.5567 0.3612 0.2038 0.4537 0.4992 0.4581 0.5013 0.1017 0.6409 0.5019 0.4871 0.3565 0.5404 0.3263 0.2926 0.3920 0.2132
0.3026 0.1315 0.2731 0.5804 0.0000 0.2542 0.4840 0.3557 0.4690 0.5358 0.5034 0.1598 0.6771 0.1641 0.3358 0.4022 0.3036 0.4356 0.3122 0.5167 0.3916
0.2417 0.4269 0.6623 0.4414 0.3738 0.0000 0.3017 0.5019 0.6026 0.4239 0.4692 0.3518 0.6203 0.3329 0.4647 0.4951 0.3825 0.4504 0.4046 0.3060 0.4730
0.3596 0.4609 0.3196 0.2173 0.4571 0.3779 0.0000 0.6816 0.3371 0.5452 0.8225 0.4037 0.4541 0.6424 0.6122 0.4827 0.4558 0.2659 0.3277 0.4230 0.4414
0.3213 0.6076 0.5330 0.5491 0.4789 0.7378 0.7298 0.0000 0.2825 0.3049 0.4007 0.6236 0.2263 0.3877 0.3538 0.3735 0.4924 0.4416 0.2318 0.1492 0.4610
0.5055 0.3406 0.3206 0.6340 0.5861 0.7303 0.4441 0.2733 0.0000 0.1789 0.4215 0.5199 0.4013 0.6187 0.3708 0.5179 0.4119 0.4149 0.5665 0.3961 0.3491
0.3257 0.4991 0.3793 0.5444 0.6593 0.4486 0.5364 0.5839 0.3075 0.0000 0.5256 0.3792 0.2027 0.3276 0.4748 0.3790 0.4193 0.4663 0.3598 0.3991 0.5585
0.3609 0.3844 0.6118 0.4960 0.5457 0.4520 0.6111 0.4221 0.3983 0.5986 0.0000 0.5065 0.3017 0.5415 0.4133 0.4286 0.5205 0.4685 0.8595 0.2715 0.4130
0.5411 0.4895 0.2989 0.1369 0.1730 0.4181 0.4088 0.5717 0.8020 0.4598 0.5186 0.0000 0.3414 0.2966 0.2558 0.3777 0.2010 0.3155 0.1833 0.3672 0.3480
0.5400 0.4061 0.6145 0.6580 0.5188 0.3827 0.6354 0.2902 0.5770 0.2206 0.2894 0.4892 0.0000 0.4097 0.6562 0.3241 0.4620 0.5007 0.3549 0.4224 0.2896
0.5183 0.2514 0.4758 0.2946 0.1703 0.5180 0.4504 0.3632 0.2526 0.7013 0.7217 0.4029 0.2906 0.0000 0.2603 0.3421 0.3463 0.4628 0.3894 0.3987 0.2139
0.1922 0.5013 0.5934 0.3381 0.3319 0.5645 0.6742 0.2795 0.3409 0.3174 0.5160 0.4939 0.4308 0.2010 0.0000 0.3267 0.1544 0.4819 0.3062 0.1449 0.5253
0.6693 0.3334 0.2650 0.5188 0.3891 0.7570 0.4977 0.3497 0.4789 0.4087 0.5823 0.5908 0.1975 0.3449 0.3277 0.0000 0.4708 0.3798 0.3375 0.5792 0.2628
0.3614 0.5492 0.4678 0.4900 0.5534 0.6698 0.4339 0.5254 0.5933 0.4684 0.6256 0.1919 0.5624 0.3919 0.3208 0.4977 0.0000 0.2125 0.7682 0.3251 0.7219
0.2810 0.3095 0.3597 0.4489 0.5454 0.5507 0.2861 0.4900 0.5675 0.6526 0.3854 0.2788 0.5558 0.4829 0.3985 0.3669 0.2455 0.0000 0.6140 0.4225 0.3774
0.6100 0.0941 0.1958 0.4039 0.1394 0.3406 0.4529 0.3132 0.4046 0.3073 0.8699 0.5717 0.3780 0.5587 0.4138 0.3826 0.8039 0.6422 0.0000 0.5125 0.6225
0.0996 0.3468 0.5374 0.5168 0.3689 0.3115 0.3568 0.2580 0.6723 0.5833 0.3567 0.3730 0.5678 0.4159 0.2651 0.5996 0.4974 0.4799 0.6521 0.0000 0.5349
0.2639 0.4585 0.3363 0.2054 0.4461 0.4564 0.4303 0.5054 0.2875 0.3262 0.3752 0.5482 0.2218 0.2723 0.3233 0.2815 0.5308 0.3392 0.4687 0.2814 0.0000
