min_dist:
0.0000 0.3370 0.1770 0.4650 0.1060 0.4140 0.2720 0.3940 0.3600 0.2790 0.2640 0.2360 0.1460 0.2860 0.3180 0.3720 0.2700 0.3550 0.2060 0.3890 0.2830
0.3370 0.0000 0.1600 0.3200 0.2380 0.2380 0.3610 0.2740 0.2780 0.3060 0.4770 0.3680 0.2450 0.4180 0.2670 0.3250 0.3040 0.3350 0.2960 0.3140 0.2190
0.1770 0.1600 0.0000 0.3560 0.2830 0.3820 0.2390 0.4340 0.3360 0.1460 0.4080 0.4040 0.3230 0.4070 0.3330 0.2420 0.2840 0.1780 0.3120 0.3060 0.2800
0.4650 0.3200 0.3560 0.0000 0.3720 0.2680 0.2060 0.3770 0.3960 0.2990 0.4960 0.5020 0.3670 0.5520 0.3000 0.1140 0.4060 0.3280 0.3060 0.2080 0.2290
0.1060 0.2380 0.2830 0.3720 0.0000 0.3560 0.1660 0.3220 0.2760 0.1730 0.3700 0.1300 0.2520 0.1800 0.2600 0.3370 0.2460 0.2880 0.1040 0.4320 0.1810
0.4140 0.2380 0.3820 0.2680 0.3560 0.0000 0.1900 0.3040 0.3130 0.2830 0.4180 0.4180 0.4720 0.4240 0.0960 0.3820 0.2600 0.2360 0.2970 0.0760 0.2200
0.2720 0.3610 0.2390 0.2060 0.1660 0.1900 0.0000 0.3960 0.4400 0.0930 0.3280 0.2960 0.4180 0.3460 0.0940 0.3200 0.3550 0.1220 0.2700 0.2660 0.2410
0.3940 0.2740 0.4340 0.3770 0.3220 0.3040 0.3960 0.0000 0.3720 0.4300 0.5440 0.4520 0.3120 0.5020 0.4000 0.4080 0.5500 0.3520 0.3620 0.2280 0.4080
0.3600 0.2780 0.3360 0.3960 0.2760 0.3130 0.4400 0.3720 0.0000 0.4490 0.4840 0.3820 0.2520 0.4560 0.4090 0.3800 0.3740 0.4840 0.1720 0.3890 0.2490
0.2790 0.3060 0.1460 0.2990 0.1730 0.2830 0.0930 0.4300 0.4490 0.0000 0.4210 0.3030 0.3590 0.3530 0.1870 0.3880 0.4190 0.2150 0.2770 0.2640 0.3340
0.2640 0.4770 0.4080 0.4960 0.3700 0.4180 0.3280 0.5440 0.4840 0.4210 0.0000 0.3780 0.2320 0.3520 0.3220 0.4060 0.3840 0.2480 0.4700 0.4940 0.3980
0.2360 0.3680 0.4040 0.5020 0.1300 0.4180 0.2960 0.4520 0.3820 0.3030 0.3780 0.0000 0.1860 0.3100 0.3800 0.4390 0.3760 0.4180 0.2340 0.3420 0.3110
0.1460 0.2450 0.3230 0.3670 0.2520 0.4720 0.4180 0.3120 0.2520 0.3590 0.2320 0.1860 0.0000 0.4300 0.3760 0.2530 0.4160 0.3940 0.3520 0.4560 0.4260
0.2860 0.4180 0.4070 0.5520 0.1800 0.4240 0.3460 0.5020 0.4560 0.3530 0.3520 0.3100 0.4300 0.0000 0.4400 0.5170 0.3700 0.4300 0.2840 0.3640 0.3610
0.3180 0.2670 0.3330 0.3000 0.2600 0.0960 0.0940 0.4000 0.4090 0.1870 0.3220 0.3800 0.3760 0.4400 0.0000 0.4140 0.3500 0.2160 0.3600 0.1720 0.3160
0.3720 0.3250 0.2420 0.1140 0.3370 0.3820 0.3200 0.4080 0.3800 0.3880 0.4060 0.4390 0.2530 0.5170 0.4140 0.0000 0.4560 0.2770 0.2500 0.3220 0.1730
0.2700 0.3040 0.2840 0.4060 0.2460 0.2600 0.3550 0.5500 0.3740 0.4190 0.3840 0.3760 0.4160 0.3700 0.3500 0.4560 0.0000 0.3100 0.3500 0.3360 0.3840
0.3550 0.3350 0.1780 0.3280 0.2880 0.2360 0.1220 0.3520 0.4840 0.2150 0.2480 0.4180 0.3940 0.4300 0.2160 0.2770 0.3100 0.0000 0.3920 0.3120 0.3630
0.2060 0.2960 0.3120 0.3060 0.1040 0.2970 0.2700 0.3620 0.1720 0.2770 0.4700 0.2340 0.3520 0.2840 0.3600 0.2500 0.3500 0.3920 0.0000 0.3400 0.0770
0.3890 0.3140 0.3060 0.2080 0.4320 0.0760 0.2660 0.2280 0.3890 0.2640 0.4940 0.3420 0.4560 0.3640 0.1720 0.3220 0.3360 0.3120 0.3400 0.0000 0.2960
0.2830 0.2190 0.2800 0.2290 0.1810 0.2200 0.2410 0.4080 0.2490 0.3340 0.3980 0.3110 0.4260 0.3610 0.3160 0.1730 0.3840 0.3630 0.0770 0.2960 0.0000

max_dist:
0.0000 0.5620 0.6460 0.6740 0.3080 0.5240 0.5820 0.5080 0.5870 0.7200 0.3020 0.6570 0.4880 0.5960 0.3490 0.7480 0.4140 0.6920 0.5860 0.5000 0.3730
0.5620 0.0000 0.5990 0.5020 0.2540 0.9590 0.7310 0.4320 0.5010 0.5020 0.8140 0.5360 0.3960 0.7880 0.7520 0.4360 0.5640 0.5940 0.6720 0.4410 0.7020
0.6460 0.5990 0.0000 0.7930 0.7180 0.6540 0.5500 0.6680 0.5160 0.5120 0.5200 0.5740 0.8710 0.7460 0.4820 0.8700 0.5960 0.6860 0.6750 0.6020 0.5740
0.6740 0.5020 0.7930 0.0000 0.6660 0.5500 0.6000 0.5340 0.5550 0.5580 0.5540 0.7140 0.5890 0.6980 0.3680 0.1520 0.6910 0.5320 0.5490 0.3920 0.5080
0.3080 0.2540 0.7180 0.6660 0.0000 0.7680 0.4770 0.6860 0.6160 0.4900 0.6100 0.3490 0.6080 0.5650 0.5060 0.5140 0.4630 0.8480 0.4180 0.6950 0.6810
0.5240 0.9590 0.6540 0.5500 0.7680 0.0000 0.5300 0.6400 0.4740 0.6510 0.7410 0.7680 0.8060 0.4800 0.6790 0.5740 0.6100 0.5690 0.5120 0.7200 0.2680
0.5820 0.7310 0.5500 0.6000 0.4770 0.5300 0.0000 0.5460 0.4760 0.3600 0.5360 0.7020 0.5340 0.5220 0.7310 0.7520 0.7640 0.5530 0.6740 0.6740 0.3800
0.5080 0.4320 0.6680 0.5340 0.6860 0.6400 0.5460 0.0000 0.4060 0.7400 0.7760 0.6500 0.6750 0.6580 0.7030 0.4440 0.8590 0.5460 0.6040 0.5720 0.5690
0.5870 0.5010 0.5160 0.5550 0.6160 0.4740 0.4760 0.4060 0.0000 0.7640 0.7740 0.3900 0.4260 0.6200 0.5650 0.4030 0.4530 0.7830 0.1980 0.4000 0.6220
0.7200 0.5020 0.5120 0.5580 0.4900 0.6510 0.3600 0.7400 0.7640 0.0000 0.8080 0.6740 0.5720 0.6760 0.3710 0.7100 0.4520 0.5210 0.8720 0.8420 0.6730
0.3020 0.8140 0.5200 0.5540 0.6100 0.7410 0.5360 0.7760 0.7740 0.8080 0.0000 0.5550 0.4180 0.3580 0.6360 0.5160 0.6400 0.7560 0.6280 0.7020 0.5720
0.6570 0.5360 0.5740 0.7140 0.3490 0.7680 0.7020 0.6500 0.3900 0.6740 0.5550 0.0000 0.5590 0.6640 0.4620 0.6620 0.4430 0.8320 0.2990 0.7820 0.5000
0.4880 0.3960 0.8710 0.5890 0.6080 0.8060 0.5340 0.6750 0.4260 0.5720 0.4180 0.5590 0.0000 0.4550 0.4480 0.4370 0.7100 0.4920 0.6240 0.5790 0.8610
0.5960 0.7880 0.7460 0.6980 0.5650 0.4800 0.5220 0.6580 0.6200 0.6760 0.3580 0.6640 0.4550 0.0000 0.7250 0.8500 0.6840 0.7270 0.6000 0.4320 0.5240
0.3490 0.7520 0.4820 0.3680 0.5060 0.6790 0.7310 0.7030 0.5650 0.3710 0.6360 0.4620 0.4480 0.7250 0.0000 0.5200 0.4710 0.8630 0.5740 0.5580 0.7220
0.7480 0.4360 0.8700 0.1520 0.5140 0.5740 0.7520 0.4440 0.4030 0.7100 0.5160 0.6620 0.4370 0.8500 0.5200 0.0000 0.7720 0.3800 0.6010 0.5400 0.6600
0.4140 0.5640 0.5960 0.6910 0.4630 0.6100 0.7640 0.8590 0.4530 0.4520 0.6400 0.4430 0.7100 0.6840 0.4710 0.7720 0.0000 0.3920 0.6510 0.4760 0.6580
0.6920 0.5940 0.6860 0.5320 0.8480 0.5690 0.5530 0.5460 0.7830 0.5210 0.7560 0.8320 0.4920 0.7270 0.8630 0.3800 0.3920 0.0000 0.6700 0.6620 0.5780
0.5860 0.6720 0.6750 0.5490 0.4180 0.5120 0.6740 0.6040 0.1980 0.8720 0.6280 0.2990 0.6240 0.6000 0.5740 0.6010 0.6510 0.6700 0.0000 0.5980 0.7800
0.5000 0.4410 0.6020 0.3920 0.6950 0.7200 0.6740 0.5720 0.4000 0.8420 0.7020 0.7820 0.5790 0.4320 0.5580 0.5400 0.4760 0.6620 0.5980 0.0000 0.4520
0.3730 0.7020 0.5740 0.5080 0.6810 0.2680 0.3800 0.5690 0.6220 0.6730 0.5720 0.5000 0.8610 0.5240 0.7220 0.6600 0.6580 0.5780 0.7800 0.4520 0.0000

--- Contains 5 samples ---

--- Sample 1 ---
node_demand:
0.1333
0.1000
0.2333
0.2667
0.2667
0.1000
0.3000
0.1000
0.3000
0.1000
0.3000
0.1667
0.0333
0.2000
0.1333
0.0333
0.1000
0.2333
0.2333
0.1667

dist_matrix:
0.0000 0.4880 0.2252 0.4809 0.2829 0.5233 0.3481 0.4581 0.4453 0.5784 0.2753 0.5967 0.3495 0.3489 0.3389 0.7420 0.2803 0.6846 0.2549 0.4925 0.3449
0.4509 0.0000 0.3489 0.3549 0.2444 0.8176 0.5056 0.4188 0.4200 0.4013 0.5938 0.5101 0.3429 0.4926 0.5869 0.3456 0.4580 0.4210 0.4645 0.4142 0.4957
0.2770 0.1761 0.0000 0.4700 0.4892 0.6344 0.2530 0.5755 0.4619 0.3405 0.4621 0.5641 0.3471 0.5923 0.4179 0.2806 0.2912 0.2723 0.4211 0.4771 0.5240
0.5503 0.3273 0.5900 0.0000 0.5852 0.5225 0.3141 0.4388 0.5154 0.3933 0.5117 0.5891 0.4053 0.6830 0.3242 0.1231 0.5494 0.4684 0.4289 0.3314 0.2425
0.1645 0.2507 0.4760 0.5560 0.0000 0.6776 0.3585 0.6432 0.3391 0.4768 0.5795 0.2075 0.3480 0.4694 0.4812 0.4936 0.3246 0.5584 0.2247 0.5813 0.5804
0.4749 0.7093 0.5647 0.2752 0.4981 0.0000 0.3273 0.4417 0.4081 0.4750 0.4204 0.4947 0.7811 0.4471 0.1379 0.4979 0.5518 0.4234 0.3829 0.2167 0.2480
0.5120 0.4078 0.3760 0.5976 0.2128 0.3337 0.0000 0.4026 0.4443 0.3573 0.3505 0.6648 0.4967 0.3474 0.3249 0.4045 0.4654 0.5454 0.5437 0.3106 0.3234
0.4226 0.3994 0.5138 0.4128 0.6418 0.6003 0.5365 0.0000 0.3921 0.4742 0.5507 0.5349 0.4919 0.5067 0.5679 0.4381 0.6802 0.4696 0.5153 0.2934 0.5682
0.4443 0.3034 0.3553 0.5275 0.4617 0.3928 0.4561 0.3799 0.0000 0.7047 0.7559 0.3827 0.3408 0.5127 0.5102 0.3949 0.3932 0.6753 0.1924 0.3951 0.5935
0.5007 0.3173 0.3598 0.2993 0.2611 0.4563 0.0967 0.4662 0.6294 0.0000 0.5219 0.6524 0.3937 0.5767 0.2046 0.3938 0.4324 0.2791 0.7164 0.7778 0.6670
0.2961 0.5025 0.4678 0.5472 0.5441 0.4566 0.5112 0.7606 0.5108 0.4828 0.0000 0.4739 0.4010 0.3522 0.3910 0.4132 0.3888 0.3024 0.5113 0.5296 0.4536
0.3216 0.3692 0.4260 0.7067 0.3115 0.5862 0.4791 0.5016 0.3881 0.5701 0.3973 0.0000 0.2488 0.3854 0.3963 0.5690 0.4273 0.4456 0.2904 0.5927 0.3276
0.2936 0.2976 0.4746 0.3760 0.3949 0.7036 0.5042 0.5599 0.3442 0.3594 0.2878 0.3833 0.0000 0.4539 0.3922 0.2714 0.4949 0.4218 0.3845 0.5182 0.5416
0.3491 0.5923 0.6389 0.6033 0.5434 0.4330 0.3556 0.6374 0.5732 0.3891 0.3528 0.3623 0.4448 0.0000 0.7159 0.8084 0.4636 0.6439 0.3162 0.4124 0.4668
0.3444 0.5250 0.3795 0.3059 0.4551 0.5374 0.4145 0.5364 0.4351 0.2645 0.5415 0.4477 0.4025 0.6665 0.0000 0.4263 0.4352 0.2408 0.4321 0.3269 0.3356
0.4137 0.3516 0.8150 0.1437 0.4013 0.4771 0.6618 0.4082 0.3813 0.5951 0.4899 0.5640 0.2906 0.8277 0.4283 0.0000 0.5826 0.2903 0.5964 0.4980 0.4785
0.3809 0.5580 0.3801 0.4815 0.3179 0.5851 0.5627 0.6029 0.3955 0.4470 0.4247 0.4037 0.4304 0.5570 0.3643 0.7035 0.0000 0.3421 0.4213 0.4530 0.4354
0.5410 0.4557 0.2484 0.3729 0.3971 0.5557 0.1766 0.4135 0.7188 0.3357 0.5666 0.7396 0.4696 0.4865 0.5383 0.3619 0.3546 0.0000 0.5670 0.4239 0.4117
0.2324 0.4143 0.5953 0.3754 0.2260 0.4098 0.5298 0.5533 0.1845 0.6041 0.4718 0.2405 0.5066 0.3530 0.5058 0.4964 0.5437 0.6689 0.0000 0.5599 0.5361
0.4089 0.3267 0.5841 0.2903 0.4557 0.3992 0.3982 0.5180 0.3951 0.6326 0.6553 0.3921 0.5701 0.4150 0.3944 0.4333 0.4192 0.5444 0.4637 0.0000 0.4019
0.2893 0.5831 0.3961 0.2434 0.3821 0.2286 0.3539 0.4238 0.3421 0.6660 0.5375 0.4571 0.6952 0.4621 0.5803 0.2230 0.4676 0.4484 0.4343 0.4001 0.0000

--- Sample 2 ---
node_demand:
0.1333
0.1000
0.2333
0.2667
0.2667
0.1000
0.3000
0.1000
0.3000
0.1000
0.3000
0.1667
0.0333
0.2000
0.1333
0.0333
0.1000
0.2333
0.2333
0.1667

dist_matrix:
0.0000 0.4711 0.4662 0.5322 0.1082 0.5020 0.3609 0.5078 0.4570 0.6916 0.2793 0.6307 0.2354 0.4282 0.3207 0.6845 0.2777 0.4414 0.3067 0.4394 0.3222
0.4434 0.0000 0.2984 0.5009 0.2529 0.2892 0.4606 0.3685 0.3794 0.3813 0.7747 0.4138 0.2514 0.5253 0.3708 0.3751 0.3752 0.4463 0.4684 0.4142 0.4379
0.3820 0.2631 0.0000 0.6214 0.5948 0.5461 0.4646 0.5954 0.4408 0.3849 0.4698 0.4652 0.5234 0.6736 0.4685 0.5658 0.5432 0.5562 0.6117 0.5528 0.3671
0.5739 0.4613 0.7443 0.0000 0.4084 0.2988 0.5099 0.3953 0.4070 0.3802 0.5358 0.5422 0.5110 0.6365 0.3254 0.1363 0.6232 0.3430 0.4037 0.2465 0.2698
0.3036 0.2478 0.4489 0.6137 0.0000 0.3634 0.3223 0.5808 0.5780 0.3153 0.6056 0.2976 0.3707 0.1933 0.5016 0.4479 0.3356 0.2978 0.3640 0.5728 0.5887
0.5162 0.8599 0.5188 0.3520 0.5311 0.0000 0.3502 0.3862 0.3974 0.3911 0.5817 0.6168 0.7131 0.4496 0.1614 0.5738 0.2868 0.5280 0.4870 0.3526 0.2302
0.5461 0.3779 0.4773 0.5227 0.2163 0.4941 0.0000 0.4725 0.4604 0.2138 0.3436 0.3763 0.5238 0.3927 0.4172 0.6817 0.7462 0.2106 0.5188 0.5966 0.2712
0.4401 0.2802 0.6517 0.4756 0.4459 0.5616 0.4791 0.0000 0.3957 0.4847 0.6771 0.6301 0.6083 0.6250 0.5619 0.4087 0.8482 0.4923 0.5384 0.2859 0.5130
0.5123 0.3549 0.4787 0.5170 0.4864 0.3168 0.4538 0.3933 0.0000 0.4994 0.6738 0.3825 0.3723 0.5142 0.5334 0.3862 0.3812 0.6285 0.1966 0.3903 0.4586
0.5457 0.4208 0.4363 0.4489 0.1893 0.5723 0.2557 0.5086 0.4573 0.0000 0.5108 0.6232 0.4643 0.5072 0.3381 0.6275 0.4408 0.3684 0.4563 0.4115 0.5521
0.2646 0.6643 0.4772 0.5280 0.5495 0.4714 0.3282 0.6410 0.6317 0.7606 0.0000 0.3903 0.2620 0.3569 0.5616 0.4760 0.5109 0.6858 0.5010 0.6220 0.4723
0.3414 0.4557 0.5126 0.5327 0.1590 0.6954 0.3661 0.5149 0.3852 0.3188 0.4030 0.0000 0.5120 0.4838 0.4050 0.5623 0.3795 0.5036 0.2730 0.6443 0.3188
0.2379 0.3083 0.5699 0.4806 0.5339 0.7844 0.4251 0.5909 0.3870 0.4126 0.4118 0.3227 0.0000 0.4419 0.4388 0.3536 0.4748 0.4224 0.4485 0.5175 0.6563
0.5687 0.6079 0.7032 0.5567 0.2839 0.4630 0.5048 0.5660 0.6039 0.4907 0.3563 0.6492 0.4488 0.0000 0.5391 0.5515 0.6283 0.6922 0.4536 0.3967 0.5011
0.3189 0.5452 0.3513 0.3630 0.4034 0.2136 0.2577 0.4187 0.4712 0.3303 0.5692 0.4048 0.4066 0.6523 0.0000 0.4469 0.3508 0.4334 0.4006 0.4370 0.6777
0.4141 0.3329 0.8241 0.1295 0.4608 0.5218 0.6082 0.4186 0.3849 0.5999 0.5014 0.6251 0.3301 0.6739 0.4779 0.0000 0.5807 0.3428 0.4163 0.4504 0.2085
0.4130 0.3528 0.3742 0.5304 0.4200 0.6026 0.3639 0.7447 0.4497 0.4209 0.4818 0.4403 0.5343 0.4722 0.4006 0.7210 0.0000 0.3702 0.4888 0.4265 0.5116
0.4090 0.5524 0.5414 0.3380 0.4035 0.3437 0.3950 0.4325 0.5073 0.4017 0.5655 0.7594 0.4726 0.4866 0.7243 0.3568 0.3457 0.0000 0.6353 0.6074 0.4298
0.4375 0.5241 0.6663 0.5010 0.1538 0.4392 0.6692 0.5413 0.1938 0.7474 0.5609 0.2723 0.4975 0.3141 0.5031 0.5724 0.3590 0.5089 0.0000 0.4862 0.2750
0.4547 0.3963 0.3494 0.2883 0.4326 0.3843 0.6557 0.4751 0.3961 0.2684 0.6879 0.4098 0.5532 0.3698 0.5495 0.5196 0.3649 0.4003 0.4050 0.0000 0.3840
0.3495 0.4106 0.5073 0.2609 0.4915 0.2653 0.3397 0.4386 0.4722 0.4993 0.4125 0.4693 0.5130 0.4134 0.6861 0.5850 0.5089 0.3830 0.3020 0.3322 0.0000

--- Sample 3 ---
node_demand:
0.1333
0.1000
0.2333
0.2667
0.2667
0.1000
0.3000
0.1000
0.3000
0.1000
0.3000
0.1667
0.0333
0.2000
0.1333
0.0333
0.1000
0.2333
0.2333
0.1667

dist_matrix:
0.0000 0.5010 0.5883 0.5407 0.2538 0.4590 0.4079 0.4924 0.4165 0.6517 0.2728 0.4176 0.2397 0.4444 0.3196 0.5870 0.3377 0.6209 0.4015 0.4620 0.3375
0.4106 0.0000 0.2473 0.4982 0.2399 0.6674 0.7022 0.4310 0.3387 0.3976 0.5508 0.5171 0.2824 0.7113 0.3415 0.3272 0.4319 0.4757 0.5517 0.3308 0.4058
0.4953 0.1656 0.0000 0.5771 0.5531 0.4065 0.4068 0.5662 0.5152 0.4849 0.4541 0.4294 0.7093 0.4407 0.3908 0.3062 0.4031 0.4012 0.4921 0.5514 0.4269
0.6641 0.3221 0.7570 0.0000 0.4433 0.4428 0.2438 0.4232 0.4379 0.3079 0.5452 0.6204 0.5078 0.5900 0.3085 0.1232 0.5630 0.3483 0.3733 0.3559 0.4760
0.2045 0.2397 0.6352 0.4829 0.0000 0.4763 0.3807 0.4291 0.3992 0.2858 0.4289 0.2242 0.6023 0.3869 0.2906 0.4138 0.4473 0.2962 0.1837 0.6062 0.4175
0.4591 0.5738 0.5075 0.3627 0.4191 0.0000 0.5209 0.3764 0.3763 0.3289 0.5978 0.6987 0.6482 0.4479 0.1625 0.5579 0.3498 0.4591 0.4750 0.3973 0.2654
0.3189 0.7142 0.4811 0.5794 0.2167 0.4781 0.0000 0.5374 0.4491 0.1035 0.3426 0.5339 0.4497 0.3979 0.3274 0.5161 0.5339 0.4376 0.5864 0.5981 0.2699
0.4974 0.4012 0.6483 0.4340 0.6388 0.3293 0.5004 0.0000 0.3938 0.6558 0.7334 0.4927 0.5577 0.5998 0.4359 0.4108 0.8148 0.4723 0.4423 0.4015 0.4776
0.5282 0.3554 0.3469 0.4564 0.4849 0.3711 0.4401 0.3764 0.0000 0.6800 0.7209 0.3830 0.3157 0.4913 0.4996 0.3866 0.4144 0.6726 0.1811 0.3933 0.5497
0.6647 0.3804 0.4230 0.4178 0.3137 0.4554 0.2512 0.5816 0.5788 0.0000 0.5082 0.6033 0.5050 0.5311 0.3588 0.6959 0.4444 0.2899 0.4304 0.5835 0.4959
0.2660 0.5423 0.4743 0.5204 0.5077 0.4607 0.5252 0.7176 0.5536 0.4963 0.0000 0.3849 0.2791 0.3576 0.3516 0.4805 0.3872 0.6024 0.5921 0.5546 0.5175
0.2980 0.3990 0.4993 0.5562 0.3233 0.6726 0.5002 0.5542 0.3886 0.3999 0.5392 0.0000 0.3001 0.4080 0.4197 0.4422 0.4208 0.6285 0.2796 0.4050 0.4431
0.2038 0.3498 0.5479 0.4057 0.5155 0.6344 0.4215 0.3610 0.3370 0.4274 0.3932 0.4792 0.0000 0.4325 0.4044 0.3710 0.5800 0.4116 0.4635 0.5691 0.7254
0.3043 0.6548 0.4263 0.5648 0.4426 0.4311 0.4046 0.6443 0.5148 0.4742 0.3523 0.5700 0.4377 0.0000 0.5493 0.5737 0.5784 0.5639 0.2924 0.4313 0.5193
0.3366 0.5301 0.3675 0.3543 0.4853 0.3849 0.2754 0.5419 0.4981 0.3385 0.5185 0.3937 0.3800 0.4633 0.0000 0.4674 0.4583 0.7146 0.3627 0.4340 0.3177
0.3821 0.3283 0.8347 0.1500 0.3640 0.4779 0.6829 0.4324 0.3800 0.4282 0.4268 0.6304 0.2582 0.7398 0.4154 0.0000 0.5962 0.3291 0.4949 0.4702 0.4918
0.3224 0.3693 0.3480 0.5736 0.4076 0.5205 0.6190 0.7490 0.4428 0.4200 0.3895 0.4365 0.4523 0.4716 0.4475 0.5293 0.0000 0.3117 0.5996 0.4307 0.6204
0.6054 0.4941 0.3253 0.4395 0.7148 0.3555 0.2383 0.3813 0.6729 0.2840 0.4787 0.5992 0.4060 0.5436 0.5398 0.2952 0.3143 0.0000 0.5055 0.4990 0.3649
0.4275 0.4567 0.4796 0.4472 0.1934 0.3871 0.4937 0.4963 0.1827 0.6636 0.6009 0.2951 0.4900 0.3767 0.3808 0.5622 0.6293 0.6566 0.0000 0.3881 0.2170
0.4383 0.4248 0.3186 0.2761 0.5493 0.4543 0.4405 0.5638 0.3934 0.3327 0.6314 0.4784 0.4569 0.3882 0.1934 0.5189 0.4716 0.3134 0.5681 0.0000 0.3623
0.3225 0.3386 0.4686 0.4172 0.6232 0.2321 0.3542 0.5298 0.4475 0.5634 0.5104 0.4777 0.7165 0.4063 0.4013 0.4642 0.6519 0.5325 0.5863 0.4030 0.0000

--- Sample 4 ---
node_demand:
0.1333
0.1000
0.2333
0.2667
0.2667
0.1000
0.3000
0.1000
0.3000
0.1000
0.3000
0.1667
0.0333
0.2000
0.1333
0.0333
0.1000
0.2333
0.2333
0.1667

dist_matrix:
0.0000 0.4232 0.2274 0.5123 0.2937 0.4445 0.4387 0.5007 0.4064 0.3212 0.2762 0.3847 0.2361 0.4794 0.3274 0.4287 0.3498 0.5903 0.3190 0.4307 0.3074
0.4568 0.0000 0.5943 0.4823 0.2517 0.3607 0.6370 0.3595 0.3023 0.4566 0.5566 0.3730 0.3207 0.4404 0.7185 0.3973 0.3767 0.5833 0.3056 0.4145 0.6324
0.4688 0.5647 0.0000 0.3700 0.6494 0.4382 0.2421 0.5893 0.4192 0.4278 0.4266 0.4234 0.3402 0.5734 0.4160 0.7115 0.4093 0.2342 0.3275 0.5833 0.3726
0.5529 0.4901 0.5964 0.0000 0.4710 0.5473 0.4885 0.4613 0.4138 0.3414 0.5183 0.5030 0.4871 0.6535 0.3583 0.1371 0.4249 0.4886 0.5133 0.2533 0.3726
0.1506 0.2533 0.3914 0.6491 0.0000 0.4004 0.4249 0.4023 0.3801 0.4206 0.4397 0.2323 0.5805 0.3841 0.2696 0.4062 0.2676 0.4950 0.3985 0.6275 0.6433
0.5130 0.8102 0.5407 0.5446 0.7074 0.0000 0.3629 0.5309 0.3679 0.2846 0.4226 0.7132 0.5921 0.4473 0.4572 0.4544 0.4567 0.4100 0.5051 0.2947 0.2655
0.5159 0.4334 0.4215 0.2473 0.2169 0.3401 0.0000 0.5095 0.4471 0.1006 0.5312 0.5709 0.4949 0.4891 0.5150 0.6078 0.5574 0.1225 0.5865 0.6589 0.3391
0.4834 0.3449 0.5268 0.5273 0.3247 0.4655 0.4091 0.0000 0.3871 0.6855 0.7118 0.4961 0.5906 0.5712 0.5733 0.4141 0.8506 0.5068 0.4398 0.4383 0.4192
0.5176 0.4448 0.4380 0.5516 0.5362 0.3170 0.4630 0.3796 0.0000 0.6602 0.6318 0.3838 0.2820 0.5772 0.4941 0.3925 0.4348 0.4927 0.1740 0.3985 0.3737
0.6278 0.4345 0.1503 0.5535 0.2516 0.3003 0.1510 0.6258 0.4795 0.0000 0.7862 0.5282 0.4242 0.6572 0.2245 0.4669 0.4239 0.2177 0.8139 0.6644 0.3958
0.2868 0.7890 0.4293 0.5221 0.5305 0.5123 0.5030 0.5750 0.7267 0.5295 0.0000 0.4937 0.3732 0.3580 0.5792 0.4274 0.5811 0.5266 0.5518 0.6603 0.4470
0.5781 0.4509 0.4142 0.6597 0.3176 0.4930 0.6641 0.5950 0.3872 0.5144 0.5501 0.0000 0.5356 0.4153 0.4071 0.5224 0.3983 0.4744 0.2767 0.6971 0.4434
0.2530 0.2993 0.5666 0.4487 0.4926 0.6035 0.5192 0.4269 0.2643 0.5112 0.2941 0.5002 0.0000 0.4515 0.3962 0.2741 0.4990 0.4881 0.3738 0.4933 0.7936
0.3377 0.5664 0.6070 0.6295 0.4513 0.4580 0.4708 0.5850 0.4634 0.5409 0.3532 0.4536 0.4481 0.0000 0.4510 0.7286 0.5447 0.6875 0.4522 0.4239 0.3617
0.3265 0.4283 0.3943 0.3120 0.4656 0.6698 0.6570 0.6585 0.4887 0.2809 0.4583 0.4328 0.4234 0.5344 0.0000 0.4841 0.4059 0.3490 0.4863 0.4285 0.4880
0.6057 0.4107 0.7481 0.1197 0.3893 0.4147 0.3628 0.4413 0.3921 0.6099 0.4090 0.6004 0.3218 0.7761 0.4796 0.0000 0.5624 0.3535 0.2916 0.4602 0.4771
0.3750 0.3276 0.4662 0.4695 0.3004 0.4851 0.4358 0.8554 0.3875 0.4475 0.4341 0.3791 0.4403 0.5635 0.3687 0.7382 0.0000 0.3754 0.6128 0.3489 0.5106
0.6107 0.5585 0.5270 0.3685 0.4323 0.2394 0.4919 0.4260 0.7555 0.3655 0.2686 0.6702 0.4487 0.4725 0.2299 0.3020 0.3210 0.0000 0.5828 0.3701 0.3876
0.3444 0.5711 0.6539 0.3703 0.2151 0.3526 0.6695 0.4732 0.1851 0.8581 0.6018 0.2378 0.6141 0.5418 0.4647 0.2662 0.6310 0.4631 0.0000 0.4036 0.5524
0.4633 0.3164 0.3713 0.3712 0.6516 0.4398 0.4829 0.3533 0.3912 0.3861 0.6005 0.6998 0.4687 0.3708 0.3552 0.3957 0.3564 0.4436 0.5364 0.0000 0.3654
0.2930 0.3869 0.5652 0.3225 0.6231 0.2471 0.2534 0.5479 0.3655 0.5719 0.4238 0.4838 0.7929 0.4513 0.3243 0.3191 0.4478 0.5715 0.7694 0.2978 0.0000

--- Sample 5 ---
node_demand:
0.1333
0.1000
0.2333
0.2667
0.2667
0.1000
0.3000
0.1000
0.3000
0.1000
0.3000
0.1667
0.0333
0.2000
0.1333
0.0333
0.1000
0.2333
0.2333
0.1667

dist_matrix:
0.0000 0.5601 0.2364 0.4815 0.1288 0.4202 0.2737 0.5004 0.4820 0.4654 0.2709 0.2436 0.3646 0.3759 0.3452 0.4345 0.3894 0.4780 0.4987 0.4804 0.3582
0.4024 0.0000 0.3643 0.3927 0.2492 0.2420 0.6460 0.2789 0.4779 0.3894 0.7691 0.4944 0.2533 0.4898 0.3849 0.3948 0.5162 0.3634 0.6577 0.3446 0.5261
0.2838 0.5059 0.0000 0.4715 0.3429 0.6177 0.4688 0.6538 0.3657 0.4532 0.4911 0.5434 0.3872 0.7153 0.4567 0.4450 0.3885 0.6181 0.4272 0.4785 0.3650
0.5598 0.4601 0.4811 0.0000 0.6353 0.5264 0.2833 0.4078 0.4790 0.4708 0.5138 0.6130 0.4931 0.6896 0.3571 0.1510 0.5424 0.3962 0.3923 0.2217 0.3792
0.2086 0.2453 0.2981 0.3724 0.0000 0.5930 0.3762 0.3770 0.4070 0.2184 0.5342 0.2969 0.4168 0.3008 0.2713 0.4495 0.3287 0.6327 0.2546 0.6148 0.5420
0.4988 0.6076 0.5892 0.5166 0.3823 0.0000 0.4187 0.6192 0.3859 0.3535 0.5826 0.7201 0.6119 0.4642 0.5831 0.4766 0.4669 0.5118 0.4108 0.6575 0.2298
0.4781 0.5314 0.2874 0.2173 0.2395 0.2875 0.0000 0.4678 0.4625 0.2240 0.3734 0.5008 0.4393 0.4087 0.5342 0.5225 0.4601 0.2741 0.2936 0.4311 0.3285
0.4435 0.3056 0.5276 0.4145 0.3886 0.5098 0.4998 0.0000 0.4005 0.4954 0.5509 0.5621 0.4393 0.5459 0.4527 0.4211 0.7228 0.4994 0.5857 0.5075 0.5117
0.5821 0.3966 0.4018 0.5020 0.4091 0.4385 0.4747 0.3936 0.0000 0.4780 0.5177 0.3855 0.3396 0.5972 0.4112 0.4007 0.4436 0.6883 0.1942 0.3917 0.4238
0.5877 0.3585 0.4581 0.5125 0.2616 0.3488 0.3585 0.4684 0.6955 0.0000 0.7005 0.4365 0.4397 0.3872 0.3351 0.7015 0.4258 0.3766 0.3345 0.5318 0.4218
0.2663 0.5399 0.4546 0.5189 0.4978 0.4617 0.4680 0.6729 0.5443 0.4291 0.0000 0.4631 0.3204 0.3557 0.6150 0.4231 0.5848 0.5353 0.5067 0.5428 0.4576
0.6311 0.5015 0.4861 0.6996 0.2303 0.5789 0.6479 0.6254 0.3861 0.4455 0.4397 0.0000 0.4040 0.6322 0.4434 0.5337 0.4265 0.4463 0.2539 0.3736 0.4088
0.3802 0.2730 0.6489 0.4859 0.5237 0.6101 0.4850 0.3349 0.3241 0.5118 0.3053 0.4860 0.0000 0.4462 0.3863 0.3675 0.6395 0.4372 0.3676 0.4568 0.5094
0.4684 0.5289 0.6505 0.5631 0.2081 0.4678 0.3478 0.5161 0.5372 0.5991 0.3554 0.5574 0.4430 0.0000 0.4425 0.7259 0.5543 0.7021 0.5654 0.3672 0.4025
0.3408 0.6539 0.4782 0.3332 0.4062 0.2360 0.1067 0.5826 0.4297 0.2884 0.6020 0.3936 0.4046 0.5731 0.0000 0.4329 0.4204 0.5565 0.5116 0.4173 0.3581
0.5461 0.3520 0.5383 0.1347 0.3752 0.4897 0.6200 0.4393 0.3918 0.4253 0.4479 0.5814 0.3636 0.8064 0.4988 0.0000 0.6969 0.3132 0.5552 0.3358 0.5226
0.3319 0.4205 0.2873 0.4995 0.4172 0.3536 0.4456 0.6296 0.4018 0.4352 0.4376 0.3912 0.6803 0.6348 0.3603 0.6211 0.0000 0.3134 0.4249 0.4475 0.4044
0.6836 0.5008 0.4843 0.3323 0.7434 0.3812 0.3444 0.4084 0.5360 0.2518 0.5574 0.4825 0.4511 0.4874 0.6857 0.2967 0.3161 0.0000 0.4849 0.5553 0.3907
0.4703 0.6148 0.6146 0.3410 0.2943 0.4718 0.4873 0.4330 0.1895 0.7180 0.6244 0.2746 0.5647 0.5017 0.4677 0.4969 0.5361 0.6460 0.0000 0.3683 0.1790
0.4764 0.4374 0.4329 0.3450 0.6034 0.1529 0.4653 0.4229 0.3958 0.5947 0.4976 0.5552 0.5254 0.3911 0.2608 0.3627 0.3403 0.5047 0.4336 0.0000 0.3446
0.3385 0.6856 0.4183 0.4591 0.5270 0.2281 0.3570 0.4362 0.3986 0.5057 0.5353 0.4821 0.5185 0.5059 0.4416 0.5397 0.6313 0.5254 0.2771 0.3314 0.0000
