min_dist:
0.0000 0.3600 0.4160 0.3890 0.4500 0.3940 0.4320 0.4710 0.3480 0.5040 0.4020 0.4460 0.2240 0.4170 0.2660 0.4930 0.4100 0.2860 0.3900 0.4220 0.3640
0.3600 0.0000 0.3500 0.2800 0.2780 0.2650 0.2240 0.3480 0.3650 0.3320 0.3390 0.2740 0.2410 0.3490 0.0940 0.3120 0.4140 0.2900 0.1860 0.3500 0.3700
0.4160 0.3500 0.0000 0.3550 0.2980 0.1300 0.1340 0.4700 0.3240 0.1710 0.2040 0.2290 0.3000 0.3340 0.4090 0.2510 0.3920 0.2680 0.1640 0.3320 0.4160
0.3890 0.2800 0.3550 0.0000 0.2920 0.2250 0.4330 0.5640 0.4190 0.2420 0.2990 0.3000 0.3950 0.4200 0.3740 0.1040 0.2480 0.3340 0.2300 0.3750 0.4000
0.4500 0.2780 0.2980 0.2920 0.0000 0.3260 0.1640 0.3150 0.1320 0.3500 0.2980 0.3360 0.2560 0.3040 0.1840 0.3340 0.1900 0.2400 0.3080 0.1240 0.2880
0.3940 0.2650 0.1300 0.2250 0.3260 0.0000 0.2080 0.3490 0.1940 0.2590 0.0740 0.3170 0.1700 0.4080 0.3590 0.1210 0.2650 0.2320 0.2470 0.3680 0.3500
0.4320 0.2240 0.1340 0.4330 0.1640 0.2080 0.0000 0.3540 0.2960 0.3050 0.1340 0.2490 0.2080 0.2000 0.3180 0.3290 0.3170 0.2700 0.2430 0.2700 0.2820
0.4710 0.3480 0.4700 0.5640 0.3150 0.3490 0.3540 0.0000 0.1860 0.3900 0.3960 0.4480 0.2470 0.3710 0.3560 0.4620 0.3180 0.2680 0.3720 0.1910 0.2620
0.3480 0.3650 0.3240 0.4190 0.1320 0.1940 0.2960 0.1860 0.0000 0.3000 0.2680 0.3580 0.1240 0.3860 0.2840 0.3150 0.3100 0.1860 0.2900 0.2560 0.1560
0.5040 0.3320 0.1710 0.2420 0.3500 0.2590 0.3050 0.3900 0.3000 0.0000 0.3330 0.0580 0.3260 0.1840 0.2380 0.1380 0.2820 0.3680 0.2640 0.3640 0.4140
0.4020 0.3390 0.2040 0.2990 0.2980 0.0740 0.1340 0.3960 0.2680 0.3330 0.0000 0.3830 0.1780 0.3340 0.2960 0.1950 0.3390 0.2400 0.3210 0.3760 0.2880
0.4460 0.2740 0.2290 0.3000 0.3360 0.3170 0.2490 0.4480 0.3580 0.0580 0.3830 0.0000 0.3840 0.1260 0.1800 0.1960 0.3400 0.4040 0.3220 0.3060 0.3560
0.2240 0.2410 0.3000 0.3950 0.2560 0.1700 0.2080 0.2470 0.1240 0.3260 0.1780 0.3840 0.0000 0.2720 0.3350 0.2910 0.1860 0.0620 0.1660 0.1980 0.2120
0.4170 0.3490 0.3340 0.4200 0.3040 0.4080 0.2000 0.3710 0.3860 0.1840 0.3340 0.1260 0.2720 0.0000 0.2800 0.3220 0.3070 0.2780 0.3640 0.1800 0.2300
0.2660 0.0940 0.4090 0.3740 0.1840 0.3590 0.3180 0.3560 0.2840 0.2380 0.2960 0.1800 0.3350 0.2800 0.0000 0.3760 0.3740 0.3620 0.2800 0.3080 0.3320
0.4930 0.3120 0.2510 0.1040 0.3340 0.1210 0.3290 0.4620 0.3150 0.1380 0.1950 0.1960 0.2910 0.3220 0.3760 0.0000 0.1440 0.2300 0.1260 0.2710 0.2960
0.4100 0.4140 0.3920 0.2480 0.1900 0.2650 0.3170 0.3180 0.3100 0.2820 0.3390 0.3400 0.1860 0.3070 0.3740 0.1440 0.0000 0.1240 0.2280 0.1270 0.2740
0.2860 0.2900 0.2680 0.3340 0.2400 0.2320 0.2700 0.2680 0.1860 0.3680 0.2400 0.4040 0.0620 0.2780 0.3620 0.2300 0.1240 0.0000 0.1040 0.2510 0.1500
0.3900 0.1860 0.1640 0.2300 0.3080 0.2470 0.2430 0.3720 0.2900 0.2640 0.3210 0.3220 0.1660 0.3640 0.2800 0.1260 0.2280 0.1040 0.0000 0.1840 0.2540
0.4220 0.3500 0.3320 0.3750 0.1240 0.3680 0.2700 0.1910 0.2560 0.3640 0.3760 0.3060 0.1980 0.1800 0.3080 0.2710 0.1270 0.2510 0.1840 0.0000 0.3760
0.3640 0.3700 0.4160 0.4000 0.2880 0.3500 0.2820 0.2620 0.1560 0.4140 0.2880 0.3560 0.2120 0.2300 0.3320 0.2960 0.2740 0.1500 0.2540 0.3760 0.0000

max_dist:
0.0000 0.5440 0.6730 0.8870 0.8330 0.9110 0.7460 0.7380 0.6560 0.5780 0.8220 0.5350 0.4420 0.6300 0.6910 0.5430 0.6050 0.5500 0.6320 0.7650 0.3690
0.5440 0.0000 0.3910 0.7280 0.6580 0.7980 0.2340 0.7450 0.7440 0.5120 0.4950 0.7340 0.5840 0.6350 0.5520 0.5230 0.6740 0.4260 0.1940 0.4160 0.6540
0.6730 0.3910 0.0000 0.5500 0.4460 0.6600 0.1570 0.6660 0.4520 0.7150 0.6270 0.3960 0.5000 0.5440 0.7440 0.8030 0.7130 0.7170 0.5850 0.6690 0.5460
0.8870 0.7280 0.5500 0.0000 0.3540 0.7820 0.7070 0.5680 0.6260 0.4430 0.8830 0.7310 0.5400 0.6300 0.8700 0.5080 0.5800 0.8240 0.5340 0.6960 0.6960
0.8330 0.6580 0.4460 0.3540 0.0000 0.7720 0.5540 0.7760 0.4840 0.7830 0.5440 0.6220 0.5220 0.6360 0.6070 0.5250 0.2670 0.5360 0.7180 0.4960 0.4640
0.9110 0.7980 0.6600 0.7820 0.7720 0.0000 0.5880 0.4680 0.2880 0.7000 0.5360 0.6950 0.6760 0.5240 0.5470 0.6560 0.7980 0.7600 0.8380 0.6980 0.5740
0.7460 0.2340 0.1570 0.7070 0.5540 0.5880 0.0000 0.6040 0.6090 0.5580 0.4700 0.5340 0.5260 0.4100 0.7580 0.6570 0.6590 0.5600 0.4280 0.6500 0.7030
0.7380 0.7450 0.6660 0.5680 0.7760 0.4680 0.6040 0.0000 0.3620 0.4920 0.4700 0.6050 0.6140 0.4910 0.4840 0.6320 0.7340 0.3190 0.6860 0.5010 0.6490
0.6560 0.7440 0.4520 0.6260 0.4840 0.2880 0.6090 0.3620 0.0000 0.4120 0.7260 0.7680 0.4960 0.6240 0.6200 0.6700 0.5100 0.6810 0.5500 0.4520 0.2870
0.5780 0.5120 0.7150 0.4430 0.7830 0.7000 0.5580 0.4920 0.4120 0.0000 0.4920 0.8740 0.5200 0.7920 0.7160 0.2580 0.5160 0.6860 0.3180 0.5280 0.5840
0.8220 0.4950 0.6270 0.8830 0.5440 0.5360 0.4700 0.4700 0.7260 0.4920 0.0000 0.7340 0.6060 0.8800 0.5800 0.6500 0.4820 0.6680 0.5420 0.7640 0.8950
0.5350 0.7340 0.3960 0.7310 0.6220 0.6950 0.5340 0.6050 0.7680 0.8740 0.7340 0.0000 0.7660 0.5140 0.7980 0.7950 0.7200 0.8490 0.5660 0.5530 0.6590
0.4420 0.5840 0.5000 0.5400 0.5220 0.6760 0.5260 0.6140 0.4960 0.5200 0.6060 0.7660 0.0000 0.5100 0.7350 0.7780 0.6640 0.5620 0.6760 0.5580 0.5520
0.6300 0.6350 0.5440 0.6300 0.6360 0.5240 0.4100 0.4910 0.6240 0.7920 0.8800 0.5140 0.5100 0.0000 0.5430 0.8350 0.7790 0.6440 0.5560 0.3340 0.3370
0.6910 0.5520 0.7440 0.8700 0.6070 0.5470 0.7580 0.4840 0.6200 0.7160 0.5800 0.7980 0.7350 0.5430 0.0000 0.8260 0.5840 0.7660 0.4690 0.5660 0.3440
0.5430 0.5230 0.8030 0.5080 0.5250 0.6560 0.6570 0.6320 0.6700 0.2580 0.6500 0.7950 0.7780 0.8350 0.8260 0.0000 0.2580 0.7610 0.4640 0.6660 0.5360
0.6050 0.6740 0.7130 0.5800 0.2670 0.7980 0.6590 0.7340 0.5100 0.5160 0.4820 0.7200 0.6640 0.7790 0.5840 0.2580 0.0000 0.7800 0.4800 0.4450 0.4680
0.5500 0.4260 0.7170 0.8240 0.5360 0.7600 0.5600 0.3190 0.6810 0.6860 0.6680 0.8490 0.5620 0.6440 0.7660 0.7610 0.7800 0.0000 0.5980 0.8100 0.8710
0.6320 0.1940 0.5850 0.5340 0.7180 0.8380 0.4280 0.6860 0.5500 0.3180 0.5420 0.5660 0.6760 0.5560 0.4690 0.4640 0.4800 0.5980 0.0000 0.2220 0.6740
0.7650 0.4160 0.6690 0.6960 0.4960 0.6980 0.6500 0.5010 0.4520 0.5280 0.7640 0.5530 0.5580 0.3340 0.5660 0.6660 0.4450 0.8100 0.2220 0.0000 0.4520
0.3690 0.6540 0.5460 0.6960 0.4640 0.5740 0.7030 0.6490 0.2870 0.5840 0.8950 0.6590 0.5520 0.3370 0.3440 0.5360 0.4680 0.8710 0.6740 0.4520 0.0000

--- Contains 5 samples ---

--- Sample 1 ---
node_demand:
0.3000
0.3000
0.3000
0.2000
0.2000
0.2000
0.1333
0.2333
0.0667
0.2667
0.2667
0.1667
0.3000
0.2667
0.3000
0.1000
0.1667
0.1667
0.1000
0.0667

dist_matrix:
0.0000 0.4749 0.4659 0.8745 0.7963 0.8287 0.6903 0.6646 0.6364 0.5064 0.4793 0.5306 0.3996 0.6048 0.3045 0.5287 0.4642 0.3207 0.5749 0.5626 0.3655
0.5241 0.0000 0.3575 0.2921 0.3857 0.2977 0.2248 0.3868 0.6283 0.4681 0.3760 0.5659 0.5742 0.4116 0.1683 0.3638 0.4211 0.3698 0.1928 0.3960 0.5222
0.5659 0.3630 0.0000 0.4331 0.3127 0.5739 0.1520 0.5712 0.3781 0.3866 0.4725 0.3446 0.4758 0.4828 0.4321 0.6512 0.3994 0.6583 0.4539 0.3523 0.5390
0.7277 0.6897 0.5141 0.0000 0.3159 0.4186 0.6554 0.5679 0.5864 0.4301 0.5450 0.6229 0.5354 0.6236 0.4678 0.1924 0.2929 0.5192 0.4280 0.4462 0.6884
0.6669 0.4362 0.3170 0.2990 0.0000 0.5047 0.4284 0.4274 0.2773 0.6116 0.4223 0.4914 0.4654 0.4747 0.3958 0.5220 0.2317 0.4604 0.4741 0.1701 0.4560
0.8996 0.3962 0.3955 0.4262 0.6925 0.0000 0.3773 0.4176 0.2576 0.4217 0.2654 0.4453 0.4819 0.4397 0.4446 0.6141 0.3782 0.3677 0.5704 0.6242 0.5001
0.5464 0.2263 0.1471 0.6705 0.5286 0.4513 0.0000 0.4190 0.4780 0.4702 0.3522 0.3231 0.2982 0.3443 0.3253 0.3681 0.4565 0.3956 0.3064 0.2701 0.2889
0.5430 0.4646 0.5839 0.5676 0.5620 0.3632 0.4188 0.0000 0.3141 0.4115 0.4648 0.5692 0.5584 0.4726 0.3618 0.5058 0.7075 0.2716 0.5010 0.3650 0.3881
0.5586 0.4756 0.4011 0.4588 0.3252 0.2003 0.5296 0.2047 0.0000 0.3145 0.3878 0.6381 0.1908 0.3910 0.4287 0.4110 0.4643 0.2719 0.3133 0.3303 0.2329
0.5317 0.4873 0.6066 0.3973 0.4304 0.3497 0.5565 0.4425 0.4049 0.0000 0.4440 0.3519 0.4847 0.2019 0.6864 0.1787 0.4135 0.6706 0.2851 0.4434 0.5002
0.8155 0.4241 0.4870 0.5361 0.3498 0.2593 0.4562 0.4519 0.6289 0.4284 0.0000 0.5516 0.4284 0.3449 0.3156 0.5925 0.4061 0.5003 0.3485 0.6217 0.7432
0.5113 0.4036 0.3573 0.6923 0.3486 0.6071 0.3429 0.5639 0.7094 0.2260 0.5562 0.0000 0.4761 0.4296 0.3036 0.7707 0.6060 0.6164 0.3460 0.4019 0.4611
0.4376 0.2946 0.4013 0.4055 0.3006 0.6461 0.2695 0.5819 0.4531 0.4620 0.5595 0.6000 0.0000 0.4495 0.4357 0.3492 0.3373 0.0779 0.3061 0.4191 0.3832
0.4783 0.5871 0.4906 0.5928 0.5725 0.4477 0.3797 0.3924 0.5053 0.2293 0.5185 0.2195 0.3619 0.0000 0.4243 0.5263 0.5899 0.3106 0.4654 0.2186 0.2372
0.4121 0.4909 0.5404 0.3776 0.2293 0.4522 0.3873 0.4783 0.5431 0.3548 0.3460 0.3737 0.6505 0.4011 0.0000 0.5399 0.5161 0.5858 0.4113 0.3670 0.3413
0.5304 0.3237 0.6502 0.4312 0.3871 0.4265 0.4880 0.6117 0.4778 0.2287 0.5506 0.7866 0.4691 0.5018 0.6975 0.0000 0.1631 0.3761 0.3923 0.3298 0.4551
0.4587 0.5059 0.4637 0.2704 0.2664 0.3286 0.3695 0.3970 0.4916 0.3861 0.4572 0.4525 0.5341 0.5352 0.5424 0.2037 0.0000 0.4718 0.3736 0.2477 0.4455
0.4297 0.3225 0.4956 0.4952 0.2695 0.3015 0.3927 0.2749 0.3781 0.4933 0.5466 0.8124 0.3889 0.3161 0.7293 0.5001 0.3050 0.0000 0.1416 0.6239 0.4265
0.4647 0.1888 0.3296 0.4402 0.3469 0.3720 0.2995 0.6468 0.5411 0.2828 0.4262 0.5213 0.2912 0.5415 0.4294 0.3153 0.4664 0.2991 0.0000 0.1930 0.2854
0.5059 0.4034 0.4289 0.5445 0.2862 0.4130 0.4293 0.4008 0.3861 0.4277 0.3795 0.3641 0.3401 0.2356 0.3578 0.5601 0.1695 0.7263 0.2110 0.0000 0.3881
0.3664 0.3718 0.4957 0.6608 0.3227 0.4630 0.5856 0.3103 0.1640 0.5103 0.8334 0.3570 0.2442 0.2916 0.3368 0.3700 0.4325 0.3722 0.3527 0.3887 0.0000

--- Sample 2 ---
node_demand:
0.3000
0.3000
0.3000
0.2000
0.2000
0.2000
0.1333
0.2333
0.0667
0.2667
0.2667
0.1667
0.3000
0.2667
0.3000
0.1000
0.1667
0.1667
0.1000
0.0667

dist_matrix:
0.0000 0.4756 0.5651 0.4067 0.5968 0.6120 0.5254 0.5133 0.5627 0.5725 0.6585 0.4869 0.2256 0.4220 0.5590 0.4952 0.4307 0.3430 0.5415 0.5274 0.3689
0.4819 0.0000 0.3589 0.7137 0.5914 0.6531 0.2280 0.3494 0.5851 0.5055 0.4544 0.5143 0.5705 0.6339 0.3171 0.3952 0.6617 0.3941 0.1922 0.3704 0.6063
0.5547 0.3514 0.0000 0.4792 0.3402 0.4064 0.1510 0.5692 0.4374 0.5875 0.5593 0.2657 0.4133 0.4605 0.6654 0.6768 0.4012 0.4358 0.5416 0.5710 0.5440
0.4937 0.5531 0.4139 0.0000 0.3428 0.2371 0.5732 0.5641 0.5578 0.3595 0.3074 0.5726 0.5191 0.4772 0.7688 0.4168 0.5263 0.5646 0.5215 0.6089 0.5558
0.6529 0.6038 0.3315 0.3423 0.0000 0.6549 0.4785 0.3429 0.3617 0.4608 0.3998 0.4282 0.3097 0.4243 0.5674 0.4282 0.2390 0.3901 0.4800 0.3194 0.2942
0.4856 0.3119 0.4859 0.2398 0.4126 0.0000 0.3730 0.3778 0.1979 0.4960 0.2900 0.5738 0.4001 0.4961 0.4677 0.6019 0.3268 0.5370 0.6414 0.3875 0.5170
0.7340 0.2329 0.1353 0.5271 0.2818 0.4997 0.0000 0.5285 0.4149 0.3389 0.1935 0.4008 0.2823 0.2120 0.4581 0.4106 0.4548 0.3954 0.2553 0.3527 0.3836
0.5985 0.5032 0.5948 0.5667 0.4185 0.4015 0.3962 0.0000 0.1955 0.4149 0.4130 0.4941 0.4913 0.3931 0.4154 0.6155 0.6344 0.3055 0.5009 0.2178 0.5938
0.6277 0.5850 0.4476 0.5455 0.4794 0.2870 0.4510 0.2054 0.0000 0.3789 0.4825 0.6496 0.4943 0.5079 0.5212 0.5165 0.3490 0.2096 0.3204 0.4370 0.2603
0.5380 0.4278 0.1790 0.3030 0.4011 0.5056 0.4666 0.4001 0.3178 0.0000 0.4533 0.7358 0.4425 0.4373 0.5512 0.2131 0.3669 0.5176 0.2741 0.4660 0.4533
0.5036 0.3794 0.4287 0.3756 0.3855 0.4305 0.3795 0.4317 0.5409 0.4682 0.0000 0.5883 0.5756 0.3393 0.3408 0.5838 0.4241 0.4133 0.3258 0.5509 0.7137
0.5285 0.3357 0.3489 0.3205 0.4510 0.4244 0.4909 0.5162 0.6320 0.7491 0.7330 0.0000 0.6488 0.3086 0.3528 0.4874 0.4300 0.4666 0.3511 0.5346 0.4717
0.3504 0.4357 0.3365 0.5037 0.4556 0.1829 0.4247 0.6027 0.3990 0.3682 0.2041 0.6243 0.0000 0.4187 0.3745 0.7275 0.3335 0.4347 0.2195 0.2866 0.4523
0.5602 0.3906 0.4811 0.4432 0.3304 0.5120 0.2723 0.4401 0.5014 0.7898 0.6033 0.3066 0.4929 0.0000 0.4709 0.6935 0.4292 0.5473 0.4945 0.3297 0.2536
0.4589 0.1939 0.4503 0.5283 0.2125 0.4142 0.7337 0.4522 0.3635 0.4638 0.4660 0.2676 0.5617 0.4454 0.0000 0.5456 0.5655 0.4716 0.2925 0.5101 0.3325
0.4997 0.4083 0.6343 0.4206 0.5232 0.5327 0.5696 0.5795 0.4717 0.2347 0.2972 0.3388 0.3575 0.4854 0.4761 0.0000 0.2249 0.7603 0.2938 0.5588 0.3909
0.4169 0.4991 0.4029 0.2501 0.2650 0.5919 0.4201 0.4993 0.4519 0.4844 0.3574 0.4484 0.2749 0.7776 0.5591 0.2422 0.0000 0.6077 0.3562 0.2156 0.3441
0.4189 0.3604 0.3418 0.3702 0.4818 0.4619 0.4694 0.3090 0.2734 0.6173 0.3410 0.6054 0.2497 0.4215 0.6909 0.4674 0.1965 0.0000 0.2037 0.7516 0.5792
0.6310 0.1902 0.3577 0.3389 0.4614 0.2537 0.2631 0.3968 0.2904 0.2819 0.5136 0.5269 0.4957 0.4198 0.3847 0.1632 0.2896 0.4526 0.0000 0.1938 0.5837
0.7471 0.4074 0.4707 0.4080 0.2776 0.6768 0.3344 0.2387 0.4339 0.5252 0.7451 0.5260 0.5393 0.3326 0.4056 0.3639 0.1907 0.2823 0.1882 0.0000 0.4350
0.3666 0.5257 0.5436 0.4324 0.3909 0.5546 0.3155 0.3376 0.1804 0.5236 0.4016 0.4584 0.3113 0.2737 0.3391 0.4966 0.3883 0.6129 0.4741 0.3839 0.0000

--- Sample 3 ---
node_demand:
0.3000
0.3000
0.3000
0.2000
0.2000
0.2000
0.1333
0.2333
0.0667
0.2667
0.2667
0.1667
0.3000
0.2667
0.3000
0.1000
0.1667
0.1667
0.1000
0.0667

dist_matrix:
0.0000 0.4907 0.6395 0.5424 0.5787 0.6171 0.4412 0.6060 0.5114 0.5415 0.4144 0.5180 0.4024 0.5621 0.4669 0.5091 0.5307 0.4686 0.5988 0.6748 0.3673
0.5079 0.0000 0.3804 0.3810 0.4552 0.4724 0.2327 0.5309 0.4562 0.4333 0.3811 0.3553 0.4066 0.4062 0.3106 0.3467 0.4878 0.3138 0.1933 0.4075 0.5142
0.6553 0.3595 0.0000 0.5172 0.3482 0.2717 0.1386 0.5441 0.3977 0.4907 0.3249 0.2745 0.4598 0.3863 0.6325 0.4553 0.5211 0.3002 0.2768 0.5939 0.4765
0.8562 0.5871 0.4064 0.0000 0.3291 0.7316 0.4471 0.5649 0.5754 0.3473 0.8116 0.4791 0.4789 0.4324 0.6233 0.2443 0.3575 0.4678 0.3482 0.4350 0.5362
0.6390 0.5322 0.3340 0.3539 0.0000 0.4633 0.2081 0.5578 0.2382 0.5660 0.3867 0.4261 0.4846 0.3124 0.4178 0.4863 0.2020 0.3192 0.4641 0.1435 0.3148
0.4599 0.4309 0.2227 0.7804 0.4325 0.0000 0.4581 0.4366 0.2415 0.5845 0.4489 0.4672 0.4846 0.4130 0.5175 0.2581 0.4563 0.5577 0.3627 0.3828 0.5050
0.5127 0.2301 0.1463 0.4939 0.2885 0.3833 0.0000 0.4175 0.5583 0.4918 0.4008 0.3004 0.2811 0.3710 0.4646 0.4215 0.5789 0.4071 0.3532 0.3754 0.3281
0.5232 0.6018 0.5214 0.5647 0.6022 0.4028 0.4093 0.0000 0.2976 0.4615 0.3981 0.4594 0.4313 0.3884 0.3876 0.5706 0.6978 0.2970 0.5890 0.2973 0.5002
0.5146 0.6935 0.3712 0.4701 0.4158 0.2224 0.4708 0.2540 0.0000 0.3587 0.3671 0.5046 0.1997 0.5797 0.5632 0.6625 0.3589 0.4656 0.3357 0.3718 0.2465
0.5703 0.4977 0.5413 0.3505 0.6494 0.6978 0.4811 0.3938 0.3845 0.0000 0.3926 0.5916 0.4952 0.6503 0.6313 0.2121 0.3457 0.5958 0.3109 0.3919 0.4837
0.4247 0.4382 0.6126 0.7394 0.4116 0.2420 0.4654 0.4687 0.5357 0.3569 0.0000 0.6890 0.5400 0.8117 0.5752 0.3942 0.3480 0.3465 0.4327 0.6008 0.2959
0.4708 0.5757 0.3153 0.6241 0.5687 0.6329 0.2522 0.5464 0.6736 0.5123 0.5521 0.0000 0.5748 0.4604 0.2359 0.3793 0.5055 0.5318 0.5532 0.3743 0.4965
0.2974 0.4099 0.3189 0.4209 0.4403 0.4881 0.3522 0.5812 0.2180 0.4600 0.2384 0.6889 0.0000 0.3979 0.5155 0.4755 0.2396 0.4277 0.4267 0.4560 0.4932
0.5265 0.6200 0.4657 0.4429 0.4863 0.4500 0.2878 0.4827 0.5242 0.2537 0.8297 0.2658 0.3155 0.0000 0.4873 0.3251 0.4549 0.3359 0.4427 0.2256 0.2376
0.4867 0.3288 0.4367 0.8031 0.5722 0.4371 0.5572 0.4176 0.5989 0.4747 0.3030 0.2439 0.5585 0.4304 0.0000 0.4686 0.4110 0.6839 0.4140 0.4687 0.3425
0.5006 0.4865 0.4151 0.4938 0.3593 0.6412 0.4346 0.6032 0.5325 0.2086 0.1987 0.3260 0.3904 0.3496 0.8066 0.0000 0.1547 0.6574 0.3839 0.5002 0.3006
0.5387 0.6406 0.6892 0.3098 0.2255 0.7770 0.4341 0.4135 0.4602 0.4735 0.4208 0.7096 0.4787 0.3102 0.5369 0.1880 0.0000 0.2241 0.2864 0.3326 0.3729
0.4899 0.4243 0.3391 0.4659 0.5270 0.7335 0.3343 0.2687 0.4925 0.5489 0.5487 0.8468 0.3923 0.4879 0.5506 0.3539 0.6202 0.0000 0.1162 0.6499 0.3888
0.4923 0.1904 0.5110 0.2651 0.6676 0.6747 0.2652 0.4730 0.5443 0.2875 0.4123 0.5532 0.1891 0.5410 0.3836 0.1765 0.3277 0.2598 0.0000 0.2144 0.3950
0.5064 0.3629 0.5314 0.6211 0.3991 0.6392 0.4624 0.4778 0.3957 0.4040 0.4425 0.3240 0.2508 0.3150 0.5553 0.4253 0.3041 0.4618 0.2101 0.0000 0.3924
0.3656 0.5554 0.5084 0.5832 0.3445 0.3811 0.4433 0.3381 0.1988 0.5699 0.6224 0.4551 0.4677 0.3176 0.3342 0.4496 0.2976 0.5903 0.2712 0.4454 0.0000

--- Sample 4 ---
node_demand:
0.3000
0.3000
0.3000
0.2000
0.2000
0.2000
0.1333
0.2333
0.0667
0.2667
0.2667
0.1667
0.3000
0.2667
0.3000
0.1000
0.1667
0.1667
0.1000
0.0667

dist_matrix:
0.0000 0.4064 0.6188 0.7434 0.7908 0.4825 0.6905 0.6637 0.5603 0.5247 0.6233 0.4491 0.3848 0.5623 0.4237 0.5302 0.5195 0.5458 0.4910 0.4967 0.3672
0.5295 0.0000 0.3746 0.4318 0.5421 0.5342 0.2274 0.3605 0.6595 0.4925 0.3474 0.4522 0.4770 0.4998 0.4933 0.4765 0.6140 0.4223 0.1863 0.3955 0.4417
0.4331 0.3690 0.0000 0.3900 0.3989 0.6279 0.1520 0.5643 0.3911 0.6159 0.2894 0.2962 0.3055 0.4127 0.4643 0.3707 0.6871 0.4225 0.5738 0.5147 0.4187
0.6356 0.3081 0.5302 0.0000 0.3315 0.4474 0.5130 0.5647 0.5519 0.2893 0.6075 0.3360 0.4619 0.5703 0.7286 0.2214 0.3416 0.7066 0.3674 0.4136 0.5111
0.5202 0.5545 0.3753 0.3283 0.0000 0.4180 0.5448 0.4094 0.4573 0.3739 0.3940 0.5822 0.2712 0.4983 0.2945 0.3474 0.2014 0.3954 0.6234 0.1289 0.3389
0.4428 0.5140 0.6248 0.7190 0.5540 0.0000 0.2169 0.4560 0.2454 0.3937 0.4927 0.3577 0.1942 0.4383 0.4921 0.5602 0.6361 0.6346 0.7476 0.6319 0.5218
0.7079 0.2244 0.1535 0.4936 0.1671 0.4786 0.0000 0.5610 0.5721 0.4150 0.1937 0.3470 0.4822 0.4066 0.7001 0.6009 0.4424 0.3156 0.2474 0.4064 0.6586
0.6572 0.6470 0.4707 0.5651 0.5237 0.3533 0.5392 0.0000 0.2277 0.4774 0.4262 0.4524 0.3397 0.3927 0.4039 0.4866 0.4871 0.2807 0.5674 0.3245 0.3076
0.5111 0.5957 0.3600 0.5691 0.4415 0.2512 0.5986 0.3513 0.0000 0.3572 0.5081 0.6959 0.3438 0.5276 0.4272 0.3407 0.4370 0.2221 0.3824 0.2718 0.2827
0.5412 0.5090 0.4848 0.4300 0.5080 0.3496 0.3593 0.4353 0.3388 0.0000 0.3946 0.1306 0.3911 0.7886 0.5924 0.2061 0.4973 0.3965 0.3111 0.3966 0.5538
0.6909 0.4578 0.5306 0.6220 0.5320 0.1052 0.2182 0.4415 0.2983 0.4793 0.0000 0.5762 0.5631 0.6638 0.4535 0.4566 0.3723 0.6461 0.4802 0.6225 0.8727
0.4913 0.4907 0.2403 0.5362 0.3454 0.3279 0.2837 0.5330 0.5092 0.2023 0.5533 0.0000 0.7478 0.3985 0.5111 0.7374 0.3598 0.4920 0.5524 0.4003 0.5114
0.3763 0.5584 0.4509 0.5028 0.2837 0.6737 0.3204 0.3070 0.2683 0.3661 0.2537 0.6172 0.0000 0.4619 0.6026 0.4433 0.1889 0.4779 0.2553 0.3996 0.3852
0.4216 0.3731 0.5322 0.5834 0.3744 0.4366 0.2764 0.4546 0.5568 0.4793 0.8091 0.2372 0.4476 0.0000 0.2854 0.3416 0.6133 0.2785 0.4841 0.2164 0.2800
0.3473 0.4311 0.6256 0.7673 0.4024 0.4801 0.3622 0.4026 0.4309 0.6509 0.3826 0.4185 0.5128 0.3540 0.0000 0.5183 0.5584 0.7068 0.4510 0.4029 0.3361
0.5185 0.4150 0.7439 0.3449 0.4866 0.2647 0.6082 0.6079 0.4429 0.1399 0.3393 0.7605 0.7276 0.5673 0.6530 0.0000 0.1850 0.7255 0.3255 0.3683 0.3383
0.5056 0.5217 0.4342 0.5356 0.2008 0.7736 0.6238 0.7223 0.4822 0.3743 0.3763 0.6789 0.3382 0.5122 0.5793 0.2521 0.0000 0.3548 0.2306 0.3929 0.3849
0.4437 0.4214 0.5707 0.3793 0.4163 0.3467 0.3592 0.2791 0.2462 0.6631 0.5751 0.4400 0.4939 0.5933 0.7100 0.4175 0.4802 0.0000 0.3189 0.6562 0.3626
0.6020 0.1876 0.5839 0.4214 0.3652 0.6268 0.2881 0.6511 0.3138 0.3139 0.5192 0.4821 0.1687 0.5432 0.3347 0.2977 0.4377 0.4715 0.0000 0.1898 0.4489
0.6530 0.3818 0.4027 0.4828 0.3897 0.6019 0.3878 0.4263 0.2788 0.3810 0.6198 0.4761 0.5062 0.2113 0.3667 0.3053 0.2809 0.5314 0.2167 0.0000 0.4478
0.3672 0.5655 0.4778 0.4591 0.3151 0.4202 0.4274 0.3612 0.1616 0.5183 0.2912 0.4681 0.3752 0.3228 0.3398 0.2964 0.3427 0.7955 0.4474 0.4191 0.0000

--- Sample 5 ---
node_demand:
0.3000
0.3000
0.3000
0.2000
0.2000
0.2000
0.1333
0.2333
0.0667
0.2667
0.2667
0.1667
0.3000
0.2667
0.3000
0.1000
0.1667
0.1667
0.1000
0.0667

dist_matrix:
0.0000 0.4108 0.4563 0.3964 0.6092 0.4604 0.4862 0.5155 0.6407 0.5731 0.7544 0.4516 0.3440 0.5303 0.6213 0.5419 0.4376 0.4083 0.6218 0.7509 0.3646
0.5052 0.0000 0.3739 0.3643 0.5635 0.4162 0.2340 0.7300 0.4715 0.3368 0.4315 0.3707 0.4839 0.5687 0.4748 0.3779 0.6023 0.3441 0.1935 0.3616 0.6483
0.4406 0.3573 0.0000 0.5388 0.3236 0.4175 0.1539 0.5718 0.3866 0.6799 0.3454 0.3857 0.4439 0.4333 0.5940 0.6594 0.4234 0.6885 0.2474 0.5004 0.4842
0.6433 0.3203 0.4927 0.0000 0.3320 0.7623 0.4343 0.5665 0.4542 0.3403 0.3349 0.4127 0.5107 0.5422 0.6183 0.4065 0.3947 0.4226 0.5263 0.6664 0.6228
0.5245 0.4266 0.4153 0.3040 0.0000 0.5196 0.2659 0.4540 0.4240 0.5461 0.3293 0.5475 0.3883 0.3503 0.5193 0.3732 0.2439 0.4687 0.6045 0.3478 0.4493
0.4421 0.3559 0.4066 0.3629 0.4493 0.0000 0.3999 0.4365 0.2352 0.4137 0.4280 0.3850 0.1749 0.4832 0.4840 0.2479 0.6239 0.4120 0.7633 0.5669 0.3906
0.7041 0.2249 0.1548 0.6783 0.2611 0.4000 0.0000 0.5558 0.3825 0.3980 0.2753 0.4288 0.2661 0.3260 0.5958 0.3924 0.5927 0.5240 0.2557 0.5262 0.3587
0.5396 0.4636 0.6362 0.5658 0.4383 0.3617 0.4874 0.0000 0.2880 0.4072 0.4218 0.5521 0.3186 0.4183 0.4614 0.5545 0.6871 0.2717 0.5239 0.4502 0.3504
0.5704 0.4793 0.3929 0.5234 0.2959 0.2630 0.3177 0.3262 0.0000 0.4049 0.4568 0.4778 0.1989 0.4215 0.3242 0.4622 0.4948 0.4740 0.5432 0.3451 0.1636
0.5308 0.3769 0.6228 0.3200 0.6240 0.2961 0.5286 0.4270 0.3180 0.0000 0.4579 0.1015 0.3940 0.2762 0.3877 0.1957 0.4732 0.6180 0.3178 0.4332 0.4515
0.4366 0.4476 0.3561 0.7757 0.3773 0.1539 0.3563 0.4386 0.6396 0.4918 0.0000 0.4443 0.2069 0.3478 0.3102 0.4373 0.3781 0.2489 0.3976 0.7029 0.4544
0.4679 0.3969 0.2772 0.5005 0.4379 0.3305 0.3028 0.6011 0.6810 0.7526 0.7288 0.0000 0.4094 0.2757 0.5069 0.7924 0.4939 0.7147 0.4122 0.3272 0.4432
0.2579 0.5798 0.4873 0.5062 0.3011 0.3820 0.2524 0.5984 0.1459 0.3289 0.1794 0.6260 0.0000 0.3678 0.4073 0.7573 0.4668 0.3782 0.5691 0.3152 0.5226
0.5468 0.4117 0.4957 0.5306 0.4370 0.5096 0.3123 0.4344 0.6047 0.2504 0.8012 0.1851 0.4550 0.0000 0.3667 0.4116 0.7434 0.5253 0.3965 0.2353 0.2523
0.5941 0.4531 0.5583 0.5324 0.2095 0.3695 0.3539 0.4671 0.4120 0.4218 0.3162 0.2072 0.5442 0.5081 0.0000 0.5942 0.5758 0.6199 0.3703 0.5493 0.3362
0.5057 0.4182 0.6811 0.3147 0.3362 0.2150 0.3533 0.4749 0.5671 0.2019 0.6414 0.2940 0.5886 0.4845 0.4413 0.0000 0.2290 0.4865 0.3814 0.5312 0.3991
0.4527 0.4937 0.6806 0.5412 0.2287 0.4283 0.3986 0.4620 0.4121 0.3000 0.3609 0.5392 0.4082 0.5003 0.4646 0.2006 0.0000 0.3020 0.4683 0.2904 0.4063
0.5424 0.3909 0.6945 0.8009 0.4312 0.4277 0.3585 0.2829 0.4023 0.4358 0.4108 0.7548 0.1404 0.5319 0.3927 0.6217 0.3822 0.0000 0.5433 0.6931 0.5935
0.5465 0.1891 0.4164 0.2894 0.5446 0.5214 0.2940 0.5315 0.3550 0.2679 0.3804 0.4950 0.3464 0.5174 0.3159 0.2082 0.4355 0.4409 0.0000 0.2195 0.4097
0.4949 0.4059 0.5449 0.6747 0.2537 0.6560 0.5560 0.4014 0.3543 0.4889 0.5588 0.4394 0.2443 0.2627 0.4039 0.6123 0.2841 0.6597 0.2104 0.0000 0.3874
0.3669 0.6266 0.5055 0.5997 0.4194 0.5187 0.5208 0.5621 0.2704 0.4689 0.6830 0.6582 0.2203 0.3038 0.3392 0.3493 0.4094 0.3886 0.6714 0.4311 0.0000
