min_dist:
0.0000 0.2700 0.2020 0.2530 0.2310 0.3210 0.3020 0.0870 0.3390 0.2960 0.1280 0.1920 0.1940 0.1970 0.2240 0.1890 0.2910 0.0330 0.2550 0.2080 0.2360
0.2700 0.0000 0.3000 0.3050 0.3270 0.4350 0.1820 0.2340 0.2890 0.3240 0.3920 0.2920 0.4220 0.3320 0.2340 0.3360 0.3040 0.2460 0.3630 0.1580 0.4050
0.2020 0.3000 0.0000 0.3920 0.2600 0.2920 0.2630 0.2890 0.1430 0.1780 0.2130 0.3730 0.3750 0.2850 0.3740 0.3690 0.2180 0.2350 0.4440 0.1500 0.1050
0.2530 0.3050 0.3920 0.0000 0.1320 0.3680 0.2240 0.2140 0.3790 0.2540 0.2350 0.3340 0.4470 0.3700 0.3510 0.3160 0.2480 0.2200 0.3620 0.2480 0.2870
0.2310 0.3270 0.2600 0.1320 0.0000 0.3360 0.3560 0.2100 0.4030 0.2740 0.1030 0.3420 0.3280 0.4180 0.3470 0.2730 0.3800 0.2640 0.3930 0.3430 0.1550
0.3210 0.4350 0.2920 0.3680 0.3360 0.0000 0.3630 0.2950 0.2660 0.1140 0.3220 0.3360 0.2140 0.1240 0.3680 0.3900 0.4310 0.2880 0.2650 0.3740 0.3970
0.3020 0.1820 0.2630 0.2240 0.3560 0.3630 0.0000 0.3420 0.2440 0.4190 0.4300 0.1100 0.2510 0.3410 0.3420 0.4050 0.4220 0.2880 0.1810 0.1130 0.3680
0.0870 0.2340 0.2890 0.2140 0.2100 0.2950 0.3420 0.0000 0.2560 0.3830 0.2150 0.2790 0.2810 0.2180 0.1370 0.1020 0.2040 0.0540 0.2760 0.2290 0.3230
0.3390 0.2890 0.1430 0.3790 0.4030 0.2660 0.2440 0.2560 0.0000 0.2320 0.3560 0.3540 0.2320 0.1420 0.2820 0.2260 0.3610 0.3060 0.4250 0.1310 0.2480
0.2960 0.3240 0.1780 0.2540 0.2740 0.1140 0.4190 0.3830 0.2320 0.0000 0.2080 0.4290 0.2930 0.2380 0.4740 0.3780 0.3170 0.3290 0.3580 0.3280 0.2830
0.1280 0.3920 0.2130 0.2350 0.1030 0.3220 0.4300 0.2150 0.3560 0.2080 0.0000 0.3200 0.3220 0.3250 0.3520 0.1700 0.3350 0.1610 0.3780 0.3360 0.1080
0.1920 0.2920 0.3730 0.3340 0.3420 0.3360 0.1100 0.2790 0.3540 0.4290 0.3200 0.0000 0.1410 0.2310 0.2670 0.3810 0.3440 0.2250 0.0710 0.2230 0.4280
0.1940 0.4220 0.3750 0.4470 0.3280 0.2140 0.2510 0.2810 0.2320 0.2930 0.3220 0.1410 0.0000 0.0900 0.2580 0.3560 0.3640 0.2270 0.2120 0.2670 0.4300
0.1970 0.3320 0.2850 0.3700 0.4180 0.1240 0.3410 0.2180 0.1420 0.2380 0.3250 0.2310 0.0900 0.0000 0.2440 0.2660 0.4220 0.1640 0.3020 0.2730 0.3840
0.2240 0.2340 0.3740 0.3510 0.3470 0.3680 0.3420 0.1370 0.2820 0.4740 0.3520 0.2670 0.2580 0.2440 0.0000 0.2390 0.3410 0.1910 0.3380 0.3660 0.4000
0.1890 0.3360 0.3690 0.3160 0.2730 0.3900 0.4050 0.1020 0.2260 0.3780 0.1700 0.3810 0.3560 0.2660 0.2390 0.0000 0.2540 0.1560 0.3780 0.2920 0.2780
0.2910 0.3040 0.2180 0.2480 0.3800 0.4310 0.4220 0.2040 0.3610 0.3170 0.3350 0.3440 0.3640 0.4220 0.3410 0.2540 0.0000 0.2580 0.4150 0.3220 0.2540
0.0330 0.2460 0.2350 0.2200 0.2640 0.2880 0.2880 0.0540 0.3060 0.3290 0.1610 0.2250 0.2270 0.1640 0.1910 0.1560 0.2580 0.0000 0.2220 0.1750 0.2690
0.2550 0.3630 0.4440 0.3620 0.3930 0.2650 0.1810 0.2760 0.4250 0.3580 0.3780 0.0710 0.2120 0.3020 0.3380 0.3780 0.4150 0.2220 0.0000 0.2940 0.4690
0.2080 0.1580 0.1500 0.2480 0.3430 0.3740 0.1130 0.2290 0.1310 0.3280 0.3360 0.2230 0.2670 0.2730 0.3660 0.2920 0.3220 0.1750 0.2940 0.0000 0.2550
0.2360 0.4050 0.1050 0.2870 0.1550 0.3970 0.3680 0.3230 0.2480 0.2830 0.1080 0.4280 0.4300 0.3840 0.4000 0.2780 0.2540 0.2690 0.4690 0.2550 0.0000

max_dist:
0.0000 0.5150 0.6180 0.6060 0.5500 0.6930 0.3740 0.6970 0.4750 0.6780 0.6660 0.6630 0.3700 0.6390 0.5000 0.5700 0.6860 0.5250 0.6260 0.4260 0.8280
0.5150 0.0000 0.3660 0.7420 0.7610 0.7470 0.6120 0.5600 0.5580 0.5370 0.7880 0.6310 0.7220 0.7730 0.5340 0.4910 0.5120 0.7320 0.5960 0.5460 0.6860
0.6180 0.3660 0.0000 0.4320 0.6230 0.3810 0.4800 0.7170 0.2480 0.2680 0.6230 0.7860 0.7020 0.6350 0.4120 0.5990 0.7250 0.5800 0.5970 0.5690 0.3200
0.6060 0.7420 0.4320 0.0000 0.1910 0.6730 0.3370 0.4150 0.4720 0.5560 0.5090 0.7150 0.5990 0.3760 0.6920 0.5410 0.6740 0.5870 0.4180 0.4440 0.6220
0.5500 0.7610 0.6230 0.1910 0.0000 0.4820 0.5280 0.6060 0.5840 0.6820 0.3180 0.5240 0.6760 0.5670 0.7620 0.4250 0.5410 0.7110 0.6090 0.6350 0.5580
0.6930 0.7470 0.3810 0.6730 0.4820 0.0000 0.6380 0.6220 0.6290 0.4590 0.5840 0.7680 0.3230 0.5920 0.7840 0.8130 0.7790 0.4500 0.6800 0.5030 0.6610
0.3740 0.6120 0.4800 0.3370 0.5280 0.6380 0.0000 0.7520 0.4380 0.5740 0.6260 0.7450 0.3300 0.5360 0.3550 0.6190 0.4640 0.7560 0.4240 0.6470 0.6980
0.6970 0.5600 0.7170 0.4150 0.6060 0.6220 0.7520 0.0000 0.7070 0.7700 0.7960 0.7040 0.4830 0.3920 0.4380 0.3560 0.6220 0.1720 0.4480 0.4620 0.5940
0.4750 0.5580 0.2480 0.4720 0.5840 0.6290 0.4380 0.7070 0.0000 0.5160 0.6460 0.7300 0.6720 0.4320 0.3620 0.3510 0.6500 0.6520 0.8450 0.8170 0.5680
0.6780 0.5370 0.2680 0.5560 0.6820 0.4590 0.5740 0.7700 0.5160 0.0000 0.3640 0.7750 0.4420 0.7110 0.6800 0.5810 0.8120 0.6180 0.5810 0.5620 0.5880
0.6660 0.7880 0.6230 0.5090 0.3180 0.5840 0.6260 0.7960 0.6460 0.3640 0.0000 0.7660 0.5720 0.7100 0.6680 0.7430 0.4480 0.7060 0.8440 0.7820 0.6280
0.6630 0.6310 0.7860 0.7150 0.5240 0.7680 0.7450 0.7040 0.7300 0.7750 0.7660 0.0000 0.6340 0.5770 0.3900 0.5800 0.5860 0.5730 0.6260 0.8160 0.7180
0.3700 0.7220 0.7020 0.5990 0.6760 0.3230 0.3300 0.4830 0.6720 0.4420 0.5720 0.6340 0.0000 0.2690 0.4610 0.5510 0.5100 0.4890 0.4300 0.3710 0.5920
0.6390 0.7730 0.6350 0.3760 0.5670 0.5920 0.5360 0.3920 0.4320 0.7110 0.7100 0.5770 0.2690 0.0000 0.7300 0.2820 0.6040 0.2200 0.5420 0.5100 0.3880
0.5000 0.5340 0.4120 0.6920 0.7620 0.7840 0.3550 0.4380 0.3620 0.6800 0.6680 0.3900 0.4610 0.7300 0.0000 0.6900 0.7860 0.5690 0.7540 0.7440 0.4930
0.5700 0.4910 0.5990 0.5410 0.4250 0.8130 0.6190 0.3560 0.3510 0.5810 0.7430 0.5800 0.5510 0.2820 0.6900 0.0000 0.5240 0.5020 0.7170 0.5020 0.6700
0.6860 0.5120 0.7250 0.6740 0.5410 0.7790 0.4640 0.6220 0.6500 0.8120 0.4480 0.5860 0.5100 0.6040 0.7860 0.5240 0.0000 0.4500 0.7390 0.3340 0.5310
0.5250 0.7320 0.5800 0.5870 0.7110 0.4500 0.7560 0.1720 0.6520 0.6180 0.7060 0.5730 0.4890 0.2200 0.5690 0.5020 0.4500 0.0000 0.6200 0.2900 0.6080
0.6260 0.5960 0.5970 0.4180 0.6090 0.6800 0.4240 0.4480 0.8450 0.5810 0.8440 0.6260 0.4300 0.5420 0.7540 0.7170 0.7390 0.6200 0.0000 0.7460 0.6750
0.4260 0.5460 0.5690 0.4440 0.6350 0.5030 0.6470 0.4620 0.8170 0.5620 0.7820 0.8160 0.3710 0.5100 0.7440 0.5020 0.3340 0.2900 0.7460 0.0000 0.8340
0.8280 0.6860 0.3200 0.6220 0.5580 0.6610 0.6980 0.5940 0.5680 0.5880 0.6280 0.7180 0.5920 0.3880 0.4930 0.6700 0.5310 0.6080 0.6750 0.8340 0.0000

--- Contains 5 samples ---

--- Sample 1 ---
node_demand:
0.1000
0.1000
0.0667
0.1667
0.0333
0.1000
0.3000
0.3000
0.0667
0.3000
0.1667
0.3000
0.2667
0.1333
0.2667
0.2000
0.1333
0.1667
0.3000
0.0333

dist_matrix:
0.0000 0.3581 0.3974 0.3875 0.3918 0.3392 0.3219 0.5272 0.3903 0.3565 0.2872 0.4153 0.2163 0.4241 0.3365 0.3026 0.6567 0.2862 0.6209 0.2354 0.2769
0.3307 0.0000 0.3103 0.7252 0.7155 0.5782 0.2454 0.5196 0.3866 0.3825 0.4329 0.3068 0.4379 0.7217 0.4310 0.4629 0.4721 0.7051 0.3666 0.4339 0.5801
0.2704 0.3054 0.0000 0.4260 0.4994 0.3395 0.4128 0.7135 0.2401 0.2580 0.5211 0.4395 0.5097 0.2979 0.4014 0.3958 0.7098 0.4838 0.4985 0.2001 0.2425
0.4402 0.6259 0.3980 0.0000 0.1533 0.3818 0.2378 0.2900 0.4566 0.2598 0.3438 0.3727 0.5440 0.3755 0.5490 0.3287 0.2975 0.5647 0.4030 0.3458 0.4815
0.3360 0.6819 0.3991 0.1842 0.0000 0.4092 0.4271 0.3348 0.5351 0.3206 0.2056 0.3851 0.6177 0.4221 0.3662 0.2830 0.4796 0.5068 0.5926 0.3489 0.2147
0.3397 0.7441 0.3331 0.6705 0.3431 0.0000 0.4525 0.4430 0.4003 0.3416 0.3919 0.6108 0.2512 0.3805 0.7699 0.4357 0.5727 0.4418 0.6713 0.4821 0.4078
0.3730 0.3920 0.4074 0.2259 0.4059 0.6162 0.0000 0.3760 0.3913 0.4930 0.5398 0.5856 0.2613 0.3790 0.3489 0.5508 0.4590 0.5867 0.3634 0.6226 0.4172
0.5065 0.3885 0.4881 0.3372 0.5818 0.3496 0.6460 0.0000 0.3042 0.5369 0.3442 0.3013 0.3917 0.3448 0.2482 0.2338 0.2040 0.1529 0.3016 0.2979 0.4331
0.4062 0.5299 0.1603 0.3895 0.4891 0.3334 0.3969 0.3451 0.0000 0.3963 0.5147 0.4308 0.4176 0.3148 0.3459 0.2417 0.3802 0.4347 0.4250 0.6017 0.3282
0.5825 0.4044 0.2255 0.4292 0.6620 0.2723 0.5110 0.6487 0.4751 0.0000 0.2248 0.7063 0.4131 0.7048 0.5880 0.4119 0.7388 0.5638 0.5779 0.4570 0.4731
0.3496 0.5456 0.3205 0.2875 0.1434 0.5677 0.5845 0.2379 0.4287 0.2199 0.0000 0.3885 0.3558 0.5828 0.3659 0.4994 0.4122 0.5330 0.8228 0.4074 0.1722
0.3236 0.4586 0.3905 0.6636 0.3978 0.4874 0.6835 0.5752 0.7246 0.7178 0.3907 0.0000 0.2654 0.5667 0.2693 0.5073 0.5591 0.5133 0.2045 0.4220 0.6268
0.3081 0.5107 0.4668 0.4857 0.6088 0.2639 0.2932 0.3562 0.3630 0.4338 0.4040 0.5899 0.0000 0.1335 0.3598 0.5004 0.3835 0.3784 0.3205 0.2822 0.5774
0.5965 0.5444 0.3818 0.3752 0.4557 0.2293 0.3658 0.2667 0.3391 0.3224 0.5348 0.3898 0.2530 0.0000 0.3689 0.2728 0.5139 0.1891 0.3426 0.4900 0.3870
0.2756 0.4040 0.3808 0.4901 0.4595 0.7648 0.3548 0.2131 0.3612 0.5300 0.6353 0.3077 0.3205 0.4053 0.0000 0.5884 0.4561 0.4635 0.6871 0.5202 0.4398
0.3837 0.4559 0.4481 0.4895 0.3344 0.7739 0.4524 0.2448 0.2825 0.5302 0.6526 0.5465 0.3645 0.2719 0.5168 0.0000 0.2986 0.4274 0.6685 0.4917 0.6092
0.4777 0.4590 0.4076 0.5941 0.5289 0.6845 0.4574 0.4743 0.5968 0.4246 0.3479 0.5755 0.5017 0.5723 0.5865 0.2994 0.0000 0.4254 0.4450 0.3226 0.4386
0.4512 0.4787 0.3443 0.5805 0.6474 0.3820 0.5509 0.1146 0.4151 0.5330 0.2302 0.3888 0.3054 0.2139 0.4787 0.2924 0.2629 0.0000 0.5158 0.2053 0.2944
0.3680 0.5196 0.5907 0.3899 0.5937 0.6608 0.1885 0.3198 0.6148 0.5525 0.4985 0.1696 0.2605 0.5390 0.5768 0.6723 0.4755 0.4251 0.0000 0.5579 0.4885
0.2964 0.4238 0.2780 0.3483 0.6165 0.4276 0.6289 0.3246 0.4275 0.4457 0.5648 0.7941 0.3325 0.2821 0.7222 0.4480 0.3226 0.1804 0.6691 0.0000 0.6578
0.4077 0.6164 0.1138 0.6112 0.1718 0.6185 0.5741 0.5156 0.3858 0.3636 0.1660 0.4815 0.5724 0.3870 0.4351 0.4114 0.2952 0.5014 0.5475 0.6942 0.0000

--- Sample 2 ---
node_demand:
0.1000
0.1000
0.0667
0.1667
0.0333
0.1000
0.3000
0.3000
0.0667
0.3000
0.1667
0.3000
0.2667
0.1333
0.2667
0.2000
0.1333
0.1667
0.3000
0.0333

dist_matrix:
0.0000 0.3945 0.5379 0.4743 0.4652 0.3787 0.3271 0.4547 0.4285 0.5679 0.3512 0.6176 0.3595 0.4961 0.4136 0.5283 0.6017 0.1421 0.4667 0.3761 0.5897
0.3298 0.0000 0.3412 0.5890 0.3901 0.6733 0.2051 0.4608 0.3462 0.4967 0.4661 0.4076 0.6098 0.4051 0.5289 0.3720 0.3364 0.3889 0.5880 0.4406 0.5200
0.3446 0.3370 0.0000 0.4179 0.4217 0.3173 0.2733 0.4529 0.2087 0.2188 0.3211 0.7397 0.4452 0.6057 0.3801 0.5029 0.3940 0.3553 0.5757 0.3679 0.1448
0.2650 0.3254 0.4082 0.0000 0.1566 0.4256 0.3314 0.2288 0.4719 0.4975 0.4004 0.3496 0.5236 0.3750 0.4053 0.4303 0.2747 0.5048 0.4076 0.4174 0.3735
0.4072 0.4028 0.4121 0.1563 0.0000 0.4530 0.4567 0.4309 0.4119 0.3557 0.2046 0.3636 0.3432 0.5642 0.4155 0.3592 0.5169 0.4762 0.6068 0.5992 0.2165
0.4083 0.5564 0.3570 0.5030 0.4301 0.0000 0.6227 0.3078 0.5029 0.1294 0.4801 0.6165 0.3116 0.1526 0.7249 0.6095 0.4711 0.3750 0.6653 0.4909 0.6144
0.3129 0.5404 0.3578 0.2707 0.5193 0.6318 0.0000 0.4906 0.3553 0.4239 0.4854 0.5444 0.2744 0.4579 0.3525 0.5829 0.4598 0.4323 0.2825 0.5519 0.5447
0.5006 0.4630 0.6447 0.2356 0.5667 0.3306 0.5735 0.0000 0.6161 0.5883 0.4796 0.3228 0.4064 0.2540 0.2377 0.3221 0.2082 0.0994 0.3985 0.2585 0.5141
0.3732 0.3519 0.1546 0.3988 0.4597 0.3410 0.4321 0.3752 0.0000 0.4600 0.5517 0.5258 0.3286 0.3433 0.3133 0.2383 0.3972 0.5860 0.7284 0.6047 0.5105
0.6318 0.3715 0.2670 0.4134 0.4642 0.1534 0.5249 0.7395 0.3637 0.0000 0.2491 0.7202 0.3118 0.6473 0.5325 0.4288 0.6838 0.4625 0.4951 0.4334 0.4569
0.2017 0.5030 0.5397 0.3373 0.2861 0.5007 0.4646 0.6916 0.4360 0.3021 0.0000 0.6418 0.5515 0.5084 0.3776 0.1860 0.3936 0.6508 0.5900 0.6286 0.6075
0.3785 0.6133 0.7080 0.5881 0.4637 0.7297 0.3412 0.5345 0.4245 0.4320 0.6400 0.0000 0.3912 0.2350 0.3789 0.4086 0.5788 0.3302 0.2624 0.4347 0.5858
0.2317 0.6181 0.5672 0.5825 0.5892 0.2982 0.3264 0.3061 0.6498 0.4366 0.3336 0.4808 0.0000 0.1923 0.4273 0.3965 0.4216 0.2364 0.3804 0.2941 0.5368
0.5766 0.5390 0.3570 0.3721 0.4851 0.5550 0.4820 0.3185 0.2378 0.6995 0.5348 0.3476 0.2366 0.0000 0.3213 0.2754 0.5637 0.2128 0.3757 0.4441 0.3875
0.3165 0.4702 0.3911 0.5207 0.4170 0.7351 0.3454 0.2044 0.3189 0.5568 0.4931 0.2771 0.4448 0.4852 0.0000 0.5323 0.4249 0.4044 0.6749 0.4268 0.4279
0.4808 0.4617 0.3729 0.4967 0.2886 0.7786 0.4858 0.1853 0.2653 0.5759 0.4118 0.5196 0.4780 0.2759 0.5990 0.0000 0.4089 0.4859 0.4322 0.3913 0.3046
0.5095 0.5048 0.6479 0.2831 0.4253 0.4812 0.4577 0.3495 0.6303 0.3891 0.3567 0.4843 0.4676 0.4862 0.4903 0.5193 0.0000 0.3610 0.4158 0.3229 0.3497
0.1917 0.6311 0.5436 0.3573 0.3028 0.3281 0.6275 0.1703 0.5770 0.5108 0.2217 0.3681 0.3424 0.1951 0.5048 0.4887 0.3190 0.0000 0.2453 0.2445 0.3034
0.4911 0.5344 0.5837 0.3734 0.5764 0.6715 0.2973 0.3467 0.5591 0.4437 0.7619 0.1793 0.2427 0.5021 0.5924 0.5431 0.5996 0.4112 0.0000 0.6759 0.6588
0.3515 0.4367 0.5663 0.4324 0.6221 0.4116 0.3737 0.4561 0.5607 0.3854 0.6296 0.2752 0.3441 0.3246 0.4094 0.4400 0.3235 0.2809 0.2973 0.0000 0.8152
0.4702 0.6055 0.1952 0.3501 0.2427 0.5981 0.6074 0.5502 0.2801 0.4039 0.3807 0.6641 0.5858 0.3868 0.4525 0.3393 0.4747 0.3613 0.5555 0.3658 0.0000

--- Sample 3 ---
node_demand:
0.1000
0.1000
0.0667
0.1667
0.0333
0.1000
0.3000
0.3000
0.0667
0.3000
0.1667
0.3000
0.2667
0.1333
0.2667
0.2000
0.1333
0.1667
0.3000
0.0333

dist_matrix:
0.0000 0.3791 0.3399 0.5399 0.2898 0.3815 0.3329 0.2368 0.4032 0.4006 0.1361 0.5951 0.2468 0.2793 0.3595 0.4188 0.6505 0.4885 0.3853 0.3739 0.2434
0.4013 0.0000 0.3450 0.3587 0.7088 0.5274 0.3773 0.2754 0.4104 0.4491 0.4311 0.3476 0.6231 0.4390 0.4659 0.4119 0.3725 0.5939 0.3939 0.2080 0.5185
0.5406 0.3258 0.0000 0.3926 0.6126 0.3201 0.3844 0.6393 0.2018 0.2675 0.3815 0.7265 0.5713 0.6338 0.3913 0.5784 0.3275 0.5452 0.4996 0.3802 0.3029
0.4186 0.4136 0.3979 0.0000 0.1786 0.6300 0.2739 0.3689 0.4361 0.3052 0.4016 0.5999 0.4582 0.3737 0.4732 0.5231 0.3853 0.3474 0.4175 0.3423 0.3165
0.2904 0.3351 0.4223 0.1665 0.0000 0.3647 0.4244 0.4808 0.4477 0.5272 0.1300 0.3953 0.3713 0.4983 0.6791 0.3597 0.5318 0.3831 0.3994 0.3530 0.3671
0.4319 0.5661 0.3422 0.6155 0.3546 0.0000 0.5844 0.5845 0.3070 0.1436 0.4265 0.4985 0.2359 0.5035 0.5407 0.4185 0.6841 0.3030 0.4059 0.4800 0.4436
0.3680 0.2819 0.3544 0.3152 0.5239 0.4663 0.0000 0.6684 0.3145 0.4415 0.4674 0.3730 0.2939 0.3637 0.3542 0.4797 0.4633 0.4710 0.3827 0.1787 0.5249
0.6118 0.2549 0.5945 0.2820 0.5405 0.3858 0.6048 0.0000 0.2772 0.4967 0.4336 0.4506 0.2943 0.2894 0.2618 0.2537 0.5346 0.0547 0.3868 0.3940 0.4258
0.4395 0.4510 0.1985 0.3812 0.4562 0.3723 0.3782 0.6154 0.0000 0.2330 0.5771 0.3552 0.5107 0.2478 0.2820 0.3478 0.5222 0.5556 0.6024 0.6011 0.3274
0.5838 0.3568 0.1884 0.2785 0.6647 0.2040 0.4484 0.5365 0.3726 0.0000 0.3178 0.5916 0.3831 0.4357 0.5778 0.5038 0.4456 0.5159 0.4254 0.4846 0.5530
0.6129 0.5908 0.3885 0.4127 0.3004 0.3600 0.5208 0.4187 0.3875 0.3328 0.0000 0.7326 0.3533 0.6850 0.5170 0.5211 0.3629 0.3002 0.4308 0.7229 0.3644
0.4642 0.4860 0.6276 0.4371 0.3486 0.3968 0.5650 0.3262 0.4461 0.6991 0.5610 0.0000 0.3027 0.5228 0.3120 0.5463 0.4648 0.5590 0.2212 0.6627 0.4405
0.3672 0.4436 0.5400 0.5968 0.5048 0.2911 0.3021 0.3616 0.4901 0.4312 0.3981 0.6147 0.0000 0.2430 0.4012 0.4829 0.5089 0.2432 0.3310 0.3531 0.5685
0.2299 0.5824 0.6298 0.3749 0.5453 0.1380 0.3749 0.3631 0.2228 0.2578 0.5591 0.3669 0.1654 0.0000 0.7060 0.2787 0.5062 0.2003 0.3354 0.3506 0.3855
0.2546 0.4325 0.3856 0.6474 0.7613 0.4385 0.3514 0.2930 0.3507 0.5523 0.4910 0.2816 0.4257 0.3799 0.0000 0.4785 0.7666 0.4189 0.3534 0.5826 0.4248
0.4088 0.3505 0.5308 0.5000 0.3425 0.6980 0.5219 0.1779 0.2406 0.4462 0.6169 0.3986 0.5323 0.2764 0.6513 0.0000 0.3678 0.3111 0.5627 0.3736 0.4242
0.3508 0.3406 0.2747 0.5537 0.3902 0.4347 0.4407 0.6019 0.3985 0.7184 0.3470 0.3579 0.4899 0.4814 0.3662 0.3010 0.0000 0.4289 0.6219 0.3228 0.3571
0.5233 0.5744 0.5461 0.4598 0.5445 0.2894 0.2932 0.0571 0.5425 0.4973 0.4171 0.5136 0.3064 0.1919 0.2388 0.3767 0.3234 0.0000 0.3921 0.2046 0.3593
0.5171 0.4387 0.4978 0.3625 0.4209 0.5856 0.2370 0.4420 0.8378 0.5371 0.7944 0.5587 0.2455 0.5270 0.3519 0.5060 0.7078 0.5907 0.0000 0.5783 0.5819
0.4174 0.4547 0.2677 0.2496 0.6150 0.4046 0.3051 0.4449 0.6095 0.4651 0.7072 0.3076 0.2788 0.4703 0.5036 0.3850 0.3264 0.2347 0.6034 0.0000 0.7315
0.4655 0.6221 0.1365 0.5322 0.4973 0.5569 0.5943 0.4372 0.3022 0.5844 0.2178 0.6087 0.5747 0.3863 0.4185 0.4599 0.3072 0.4127 0.5529 0.5897 0.0000

--- Sample 4 ---
node_demand:
0.1000
0.1000
0.0667
0.1667
0.0333
0.1000
0.3000
0.3000
0.0667
0.3000
0.1667
0.3000
0.2667
0.1333
0.2667
0.2000
0.1333
0.1667
0.3000
0.0333

dist_matrix:
0.0000 0.4660 0.3710 0.2924 0.5292 0.3533 0.3025 0.1956 0.4410 0.3753 0.2791 0.2576 0.2398 0.3839 0.4078 0.5550 0.4596 0.1702 0.5325 0.2878 0.6362
0.3293 0.0000 0.3056 0.3576 0.7579 0.5632 0.2609 0.2637 0.3891 0.4126 0.5234 0.3361 0.5403 0.3964 0.2537 0.3586 0.5119 0.6794 0.3714 0.3025 0.4422
0.5211 0.3056 0.0000 0.4090 0.5828 0.3413 0.4797 0.6627 0.1885 0.2140 0.2415 0.3924 0.6450 0.4225 0.3758 0.5706 0.2240 0.2623 0.4487 0.2030 0.2443
0.3276 0.5720 0.4115 0.0000 0.1520 0.4683 0.3175 0.2235 0.3944 0.3049 0.2484 0.4297 0.5043 0.3707 0.5746 0.5010 0.4589 0.4343 0.3733 0.4159 0.5670
0.5280 0.6188 0.4190 0.1496 0.0000 0.4561 0.3973 0.2102 0.5038 0.4839 0.1353 0.4896 0.5133 0.4583 0.4217 0.3634 0.4607 0.4104 0.4193 0.3692 0.2831
0.6086 0.6512 0.3712 0.6004 0.3873 0.0000 0.6027 0.5308 0.4134 0.1852 0.4790 0.4266 0.2471 0.4834 0.7775 0.5154 0.4803 0.2945 0.5911 0.4906 0.6557
0.3053 0.5964 0.3333 0.2707 0.4920 0.5834 0.0000 0.5523 0.4298 0.4622 0.4302 0.2657 0.2712 0.3892 0.3477 0.6111 0.4418 0.3626 0.2823 0.3727 0.3940
0.5480 0.4913 0.6221 0.2696 0.2626 0.3123 0.7494 0.0000 0.6552 0.5853 0.3705 0.5443 0.4251 0.3099 0.2604 0.1972 0.3823 0.1276 0.3211 0.2523 0.3834
0.4165 0.3021 0.1459 0.4135 0.4298 0.2689 0.3047 0.3240 0.0000 0.4071 0.3652 0.6462 0.3087 0.2866 0.2992 0.2277 0.4403 0.4266 0.4728 0.7255 0.4854
0.4234 0.4409 0.2378 0.3420 0.3861 0.2134 0.5454 0.5217 0.2725 0.0000 0.3505 0.6820 0.3047 0.5073 0.5195 0.5149 0.3738 0.4626 0.3968 0.5192 0.4100
0.3495 0.4289 0.5844 0.4637 0.2628 0.5083 0.5908 0.7202 0.3752 0.2776 0.0000 0.6904 0.3313 0.4215 0.5216 0.6432 0.3356 0.5029 0.6366 0.5554 0.2680
0.6357 0.5020 0.6352 0.5419 0.4718 0.6668 0.1781 0.6841 0.4438 0.6428 0.7195 0.0000 0.1468 0.5304 0.2996 0.4752 0.5749 0.4593 0.1704 0.2562 0.5808
0.2792 0.7153 0.4876 0.4934 0.5087 0.2797 0.2934 0.4600 0.3565 0.3256 0.4900 0.2280 0.0000 0.1776 0.3931 0.4562 0.5045 0.3384 0.4235 0.3300 0.5827
0.2364 0.4870 0.5294 0.3752 0.4229 0.4773 0.3706 0.2812 0.1622 0.3417 0.6180 0.2954 0.2166 0.0000 0.5054 0.2792 0.4923 0.2050 0.4490 0.3579 0.3849
0.4830 0.2490 0.3744 0.4610 0.6258 0.5418 0.3464 0.2451 0.3048 0.6525 0.6172 0.2991 0.3968 0.5078 0.0000 0.3847 0.7276 0.3741 0.6423 0.5511 0.4495
0.4240 0.4206 0.5023 0.3171 0.3613 0.4509 0.4123 0.1399 0.3076 0.4103 0.1709 0.5700 0.3798 0.2762 0.5303 0.0000 0.4072 0.2466 0.5988 0.2938 0.2879
0.3949 0.3661 0.6200 0.5686 0.5342 0.5053 0.4484 0.4826 0.4974 0.7815 0.3470 0.5377 0.4005 0.5877 0.5430 0.4360 0.0000 0.4142 0.6796 0.3338 0.4670
0.5023 0.6127 0.4176 0.4896 0.5722 0.3847 0.3752 0.0965 0.4292 0.5877 0.2828 0.3278 0.3657 0.2074 0.5655 0.4297 0.2966 0.0000 0.3915 0.2351 0.5840
0.3764 0.4093 0.5257 0.4069 0.6026 0.4711 0.3616 0.4190 0.7421 0.4533 0.7213 0.2559 0.3499 0.4047 0.6129 0.6123 0.5582 0.3729 0.0000 0.6021 0.6052
0.3251 0.4251 0.5404 0.3543 0.3479 0.4997 0.1632 0.3983 0.1716 0.5614 0.4501 0.5902 0.3260 0.3162 0.6236 0.2936 0.3260 0.2169 0.3564 0.0000 0.6265
0.7646 0.5256 0.2352 0.5257 0.1977 0.5470 0.6057 0.4574 0.5664 0.5159 0.2234 0.6048 0.4514 0.3860 0.4294 0.3055 0.5071 0.5152 0.4975 0.4069 0.0000

--- Sample 5 ---
node_demand:
0.1000
0.1000
0.0667
0.1667
0.0333
0.1000
0.3000
0.3000
0.0667
0.3000
0.1667
0.3000
0.2667
0.1333
0.2667
0.2000
0.1333
0.1667
0.3000
0.0333

dist_matrix:
0.0000 0.4032 0.2201 0.4697 0.5144 0.4558 0.3640 0.4573 0.3821 0.6774 0.6553 0.4979 0.2976 0.3026 0.4532 0.4013 0.4805 0.2032 0.6215 0.2444 0.3784
0.3343 0.0000 0.3259 0.5128 0.6893 0.4972 0.5572 0.4616 0.4063 0.5112 0.4387 0.3106 0.6858 0.7317 0.5309 0.3865 0.4020 0.2579 0.5484 0.5215 0.6683
0.3775 0.3639 0.0000 0.3925 0.5574 0.2980 0.4007 0.5826 0.2076 0.1887 0.4878 0.7094 0.6783 0.4007 0.3959 0.5379 0.2291 0.3338 0.5321 0.2140 0.1926
0.6054 0.7151 0.4191 0.0000 0.1721 0.5565 0.3086 0.2705 0.3893 0.2912 0.3229 0.4768 0.5566 0.3744 0.4516 0.3464 0.4475 0.4625 0.4120 0.3442 0.3521
0.3943 0.7336 0.5868 0.1855 0.0000 0.4597 0.4468 0.4413 0.5495 0.4040 0.2252 0.4524 0.6033 0.4422 0.6878 0.4049 0.4462 0.4280 0.5296 0.5758 0.5252
0.6402 0.5497 0.3413 0.5255 0.4208 0.0000 0.4592 0.4797 0.3857 0.4053 0.5795 0.7180 0.2251 0.4879 0.5276 0.6135 0.6908 0.3999 0.4180 0.4279 0.5508
0.3502 0.4332 0.3494 0.3125 0.4574 0.6088 0.0000 0.3519 0.4082 0.5528 0.4922 0.5064 0.2681 0.3858 0.3448 0.5465 0.4507 0.3266 0.4161 0.6214 0.4532
0.2241 0.2893 0.3161 0.3741 0.2761 0.5721 0.5775 0.0000 0.6968 0.4257 0.3462 0.3175 0.3088 0.3535 0.4039 0.1826 0.2679 0.0764 0.3314 0.3852 0.4314
0.4013 0.3641 0.1468 0.4154 0.5724 0.6135 0.3827 0.3565 0.0000 0.2674 0.3992 0.5777 0.3234 0.3305 0.3241 0.2840 0.4765 0.4209 0.5140 0.5052 0.5254
0.3987 0.4539 0.2069 0.3375 0.6671 0.1356 0.5666 0.6595 0.4905 0.0000 0.2244 0.4804 0.4297 0.4460 0.6547 0.5752 0.6075 0.4805 0.3844 0.3412 0.3463
0.5143 0.6807 0.4988 0.3121 0.1279 0.5528 0.5911 0.7767 0.6402 0.3441 0.0000 0.6128 0.4458 0.4999 0.4364 0.5755 0.4108 0.2445 0.7341 0.6401 0.4014
0.3934 0.4111 0.6512 0.6908 0.4542 0.4576 0.6344 0.4941 0.6176 0.5383 0.3489 0.0000 0.2593 0.5408 0.3292 0.4697 0.4456 0.5144 0.1868 0.4702 0.4789
0.2483 0.7133 0.6710 0.4900 0.3331 0.2998 0.2762 0.4595 0.3529 0.3305 0.5299 0.2345 0.0000 0.1522 0.4014 0.3981 0.3655 0.2930 0.4147 0.3271 0.5861
0.5190 0.7003 0.4179 0.3704 0.5562 0.4436 0.3601 0.2214 0.2416 0.6699 0.5455 0.3017 0.2509 0.0000 0.6681 0.2816 0.4374 0.1692 0.4607 0.4382 0.3878
0.3613 0.3336 0.4024 0.6659 0.7394 0.5854 0.3452 0.3700 0.3239 0.4955 0.5095 0.3170 0.2641 0.6726 0.0000 0.2400 0.7668 0.4255 0.5477 0.4006 0.4874
0.2456 0.4874 0.5495 0.4519 0.3702 0.7085 0.5796 0.1421 0.2776 0.3810 0.6326 0.5262 0.5468 0.2746 0.5795 0.0000 0.4204 0.3346 0.4638 0.4809 0.6609
0.5865 0.4326 0.6532 0.5318 0.3964 0.5715 0.4319 0.5996 0.5870 0.4003 0.3854 0.4733 0.4968 0.5690 0.4324 0.4594 0.0000 0.3526 0.7311 0.3225 0.3383
0.3451 0.6914 0.4224 0.3323 0.3392 0.4354 0.3268 0.0916 0.4295 0.3978 0.2975 0.3756 0.4549 0.1794 0.4890 0.2860 0.2919 0.0000 0.5133 0.2246 0.3752
0.6084 0.5227 0.4754 0.4174 0.5359 0.6746 0.1959 0.4192 0.8156 0.5697 0.4367 0.3628 0.2360 0.3391 0.4753 0.4515 0.6098 0.3856 0.0000 0.6970 0.6431
0.3083 0.5445 0.2065 0.3840 0.5089 0.4188 0.2629 0.3670 0.5998 0.5126 0.7514 0.3927 0.2702 0.3255 0.7438 0.3587 0.3328 0.2587 0.3068 0.0000 0.4967
0.4703 0.4691 0.1257 0.5159 0.5132 0.5411 0.5829 0.3545 0.2735 0.4068 0.1164 0.5994 0.5493 0.3852 0.4712 0.6415 0.3594 0.5567 0.4854 0.5812 0.0000
