min_dist:
0.0000 0.2520 0.4060 0.3380 0.2840 0.2390 0.1400 0.3010 0.2560 0.2290 0.1640 0.2620 0.1620 0.2460 0.2010 0.3450 0.3420 0.4160 0.1080 0.2120 0.1780
0.2520 0.0000 0.2000 0.2890 0.3290 0.1730 0.2960 0.2120 0.2020 0.2370 0.1720 0.4020 0.4030 0.3100 0.1350 0.2820 0.3540 0.1990 0.3600 0.3670 0.3860
0.4060 0.2000 0.0000 0.3340 0.1290 0.1670 0.3350 0.1740 0.2040 0.3070 0.2420 0.4240 0.2510 0.2360 0.2050 0.3810 0.1640 0.3360 0.3470 0.3440 0.4010
0.3380 0.2890 0.3340 0.0000 0.2740 0.4350 0.1980 0.1960 0.1300 0.4000 0.3600 0.2770 0.3560 0.3920 0.3970 0.1730 0.2880 0.0900 0.3980 0.2700 0.1930
0.2840 0.3290 0.1290 0.2740 0.0000 0.2960 0.2800 0.2100 0.1440 0.1980 0.2630 0.2950 0.1220 0.3580 0.3000 0.3050 0.2930 0.3640 0.3560 0.2150 0.3410
0.2390 0.1730 0.1670 0.4350 0.2960 0.0000 0.3420 0.3320 0.3710 0.1400 0.0750 0.3960 0.3290 0.2130 0.0380 0.4290 0.2820 0.3720 0.3100 0.2700 0.3120
0.1400 0.2960 0.3350 0.1980 0.2800 0.3420 0.0000 0.1610 0.1360 0.2020 0.2670 0.4020 0.2140 0.3360 0.3040 0.3710 0.2900 0.2880 0.2480 0.0720 0.3180
0.3010 0.2120 0.1740 0.1960 0.2100 0.3320 0.1610 0.0000 0.0660 0.3630 0.3340 0.3110 0.3320 0.1960 0.3470 0.3690 0.1530 0.2860 0.3340 0.2330 0.2270
0.2560 0.2020 0.2040 0.1300 0.1440 0.3710 0.1360 0.0660 0.0000 0.3380 0.3740 0.3770 0.2660 0.2620 0.3370 0.3030 0.1640 0.2200 0.3640 0.2080 0.2930
0.2290 0.2370 0.3070 0.4000 0.1980 0.1400 0.2020 0.3630 0.3380 0.0000 0.0650 0.3060 0.1930 0.2030 0.1020 0.3420 0.3620 0.4250 0.3370 0.1300 0.3230
0.1640 0.1720 0.2420 0.3600 0.2630 0.0750 0.2670 0.3340 0.3740 0.0650 0.0000 0.3420 0.2540 0.1380 0.0370 0.3830 0.3570 0.3710 0.2720 0.1950 0.2580
0.2620 0.4020 0.4240 0.2770 0.2950 0.3960 0.4020 0.3110 0.3770 0.3060 0.3420 0.0000 0.2460 0.3550 0.3580 0.4100 0.4640 0.3670 0.2170 0.3880 0.0840
0.1620 0.4030 0.2510 0.3560 0.1220 0.3290 0.2140 0.3320 0.2660 0.1930 0.2540 0.2460 0.0000 0.2360 0.2910 0.1830 0.4150 0.2660 0.2700 0.1420 0.2190
0.2460 0.3100 0.2360 0.3920 0.3580 0.2130 0.3360 0.1960 0.2620 0.2030 0.1380 0.3550 0.2360 0.0000 0.1750 0.4190 0.2340 0.4320 0.1380 0.2640 0.3860
0.2010 0.1350 0.2050 0.3970 0.3000 0.0380 0.3040 0.3470 0.3370 0.1020 0.0370 0.3580 0.2910 0.1750 0.0000 0.4170 0.3200 0.3340 0.2720 0.2320 0.2740
0.3450 0.2820 0.3810 0.1730 0.3050 0.4290 0.3710 0.3690 0.3030 0.3420 0.3830 0.4100 0.1830 0.4190 0.4170 0.0000 0.2810 0.0830 0.3910 0.3250 0.3660
0.3420 0.3540 0.1640 0.2880 0.2930 0.2820 0.2900 0.1530 0.1640 0.3620 0.3570 0.4640 0.4150 0.2340 0.3200 0.2810 0.0000 0.1980 0.3720 0.3620 0.3800
0.4160 0.1990 0.3360 0.0900 0.3640 0.3720 0.2880 0.2860 0.2200 0.4250 0.3710 0.3670 0.2660 0.4320 0.3340 0.0830 0.1980 0.0000 0.3080 0.3600 0.2830
0.1080 0.3600 0.3470 0.3980 0.3560 0.3100 0.2480 0.3340 0.3640 0.3370 0.2720 0.2170 0.2700 0.1380 0.2720 0.3910 0.3720 0.3080 0.0000 0.3060 0.2480
0.2120 0.3670 0.3440 0.2700 0.2150 0.2700 0.0720 0.2330 0.2080 0.1300 0.1950 0.3880 0.1420 0.2640 0.2320 0.3250 0.3620 0.3600 0.3060 0.0000 0.3410
0.1780 0.3860 0.4010 0.1930 0.3410 0.3120 0.3180 0.2270 0.2930 0.3230 0.2580 0.0840 0.2190 0.3860 0.2740 0.3660 0.3800 0.2830 0.2480 0.3410 0.0000

max_dist:
0.0000 0.5560 0.5600 0.6950 0.4770 0.5080 0.4960 0.4300 0.2740 0.7020 0.6000 0.3960 0.4640 0.6670 0.5010 0.6480 0.4740 0.5250 0.4790 0.7950 0.4640
0.5560 0.0000 0.5680 0.3800 0.6860 0.5840 0.4980 0.2660 0.4830 0.5920 0.3100 0.7880 0.4860 0.5760 0.6560 0.5940 0.3640 0.4850 0.6280 0.7060 0.7450
0.5600 0.5680 0.0000 0.4750 0.2590 0.7420 0.7740 0.3020 0.4620 0.5940 0.6770 0.5620 0.4940 0.7120 0.8470 0.5880 0.5210 0.6090 0.6920 0.5440 0.5980
0.6950 0.3800 0.4750 0.0000 0.7340 0.5750 0.6520 0.6460 0.8480 0.5980 0.5380 0.8590 0.6870 0.7520 0.5280 0.6980 0.7440 0.3770 0.7310 0.4720 0.8880
0.4770 0.6860 0.2590 0.7340 0.0000 0.6920 0.5150 0.5160 0.2030 0.6310 0.4180 0.4340 0.6140 0.7440 0.7950 0.4740 0.7680 0.6640 0.4880 0.6280 0.7620
0.5080 0.5840 0.7420 0.5750 0.6920 0.0000 0.3860 0.6880 0.5720 0.5150 0.2740 0.6660 0.6810 0.6000 0.1050 0.4360 0.7640 0.6400 0.4350 0.5560 0.4540
0.4960 0.4980 0.7740 0.6520 0.5150 0.3860 0.0000 0.6180 0.4390 0.4800 0.6600 0.7450 0.7790 0.5180 0.4910 0.4620 0.7360 0.6000 0.7160 0.4420 0.6740
0.4300 0.2660 0.3020 0.6460 0.5160 0.6880 0.6180 0.0000 0.3340 0.4940 0.4830 0.7460 0.5330 0.6640 0.6960 0.7590 0.2520 0.7510 0.7760 0.5290 0.7240
0.2740 0.4830 0.4620 0.8480 0.2030 0.5720 0.4390 0.3340 0.0000 0.4280 0.6210 0.5860 0.7110 0.7560 0.5920 0.5460 0.5860 0.5700 0.5790 0.5210 0.5820
0.7020 0.5920 0.5940 0.5980 0.6310 0.5150 0.4800 0.4940 0.4280 0.0000 0.3690 0.6040 0.4360 0.4520 0.4100 0.7550 0.4670 0.5320 0.5700 0.2510 0.6950
0.6000 0.3100 0.6770 0.5380 0.4180 0.2740 0.6600 0.4830 0.6210 0.3690 0.0000 0.7340 0.4100 0.3260 0.3790 0.7100 0.6740 0.7950 0.7090 0.5680 0.5060
0.3960 0.7880 0.5620 0.8590 0.4340 0.6660 0.7450 0.7460 0.5860 0.6040 0.7340 0.0000 0.5280 0.4820 0.6770 0.4360 0.8300 0.7010 0.3470 0.6400 0.6780
0.4640 0.4860 0.4940 0.6870 0.6140 0.6810 0.7790 0.5330 0.7110 0.4360 0.4100 0.5280 0.0000 0.5640 0.5760 0.4810 0.7410 0.6240 0.5900 0.6870 0.2590
0.6670 0.5760 0.7120 0.7520 0.7440 0.6000 0.5180 0.6640 0.7560 0.4520 0.3260 0.4820 0.5640 0.0000 0.6170 0.6340 0.8410 0.7800 0.4260 0.2880 0.5970
0.5010 0.6560 0.8470 0.5280 0.7950 0.1050 0.4910 0.6960 0.5920 0.4100 0.3790 0.6770 0.5760 0.6170 0.0000 0.5410 0.7800 0.6280 0.3300 0.6490 0.5590
0.6480 0.5940 0.5880 0.6980 0.4740 0.4360 0.4620 0.7590 0.5460 0.7550 0.7100 0.4360 0.4810 0.6340 0.5410 0.0000 0.6280 0.5330 0.4640 0.5040 0.5480
0.4740 0.3640 0.5210 0.7440 0.7680 0.7640 0.7360 0.2520 0.5860 0.4670 0.6740 0.8300 0.7410 0.8410 0.7800 0.6280 0.0000 0.6560 0.6000 0.6540 0.4820
0.5250 0.4850 0.6090 0.3770 0.6640 0.6400 0.6000 0.7510 0.5700 0.5320 0.7950 0.7010 0.6240 0.7800 0.6280 0.5330 0.6560 0.0000 0.3540 0.6730 0.5590
0.4790 0.6280 0.6920 0.7310 0.4880 0.4350 0.7160 0.7760 0.5790 0.5700 0.7090 0.3470 0.5900 0.4260 0.3300 0.4640 0.6000 0.3540 0.0000 0.3190 0.3310
0.7950 0.7060 0.5440 0.4720 0.6280 0.5560 0.4420 0.5290 0.5210 0.2510 0.5680 0.6400 0.6870 0.2880 0.6490 0.5040 0.6540 0.6730 0.3190 0.0000 0.4580
0.4640 0.7450 0.5980 0.8880 0.7620 0.4540 0.6740 0.7240 0.5820 0.6950 0.5060 0.6780 0.2590 0.5970 0.5590 0.5480 0.4820 0.5590 0.3310 0.4580 0.0000

--- Contains 5 samples ---

--- Sample 1 ---
node_demand:
0.2667
0.1333
0.1000
0.2000
0.2667
0.2333
0.3000
0.2000
0.2333
0.1667
0.1667
0.1000
0.1667
0.0333
0.2667
0.1333
0.1333
0.1333
0.2000
0.0667

dist_matrix:
0.0000 0.3819 0.4376 0.6804 0.4757 0.3267 0.4062 0.3108 0.2631 0.6142 0.4392 0.3495 0.1843 0.4401 0.3910 0.6446 0.4478 0.5055 0.4731 0.4686 0.1975
0.3729 0.0000 0.4169 0.3051 0.5448 0.1830 0.4291 0.2134 0.3543 0.5311 0.2674 0.6813 0.4421 0.4673 0.3731 0.5240 0.3540 0.2098 0.5930 0.5327 0.6589
0.4073 0.5591 0.0000 0.4671 0.2079 0.4742 0.7702 0.1755 0.3217 0.4727 0.5918 0.5290 0.4666 0.5891 0.7378 0.5019 0.3018 0.4522 0.3619 0.4122 0.4341
0.4755 0.2967 0.3932 0.0000 0.6014 0.4372 0.4780 0.6235 0.7232 0.4239 0.5364 0.8478 0.5447 0.6287 0.5242 0.3505 0.7117 0.2756 0.6939 0.4514 0.5595
0.2997 0.3591 0.1296 0.6622 0.0000 0.4515 0.5003 0.3980 0.1805 0.6168 0.2839 0.3041 0.3198 0.5378 0.5270 0.4664 0.5950 0.5964 0.4657 0.5868 0.4939
0.2975 0.5430 0.4252 0.5590 0.6531 0.0000 0.3680 0.5870 0.5486 0.4180 0.1899 0.5610 0.6447 0.5466 0.0648 0.4324 0.6780 0.4823 0.3568 0.5447 0.3299
0.2465 0.3301 0.4185 0.4614 0.3872 0.3501 0.0000 0.1900 0.2786 0.3712 0.3287 0.4404 0.7701 0.4141 0.3342 0.4487 0.4508 0.3563 0.4618 0.3617 0.4994
0.3752 0.2402 0.2053 0.3005 0.4784 0.3723 0.4348 0.0000 0.1777 0.4520 0.4204 0.4627 0.3442 0.2135 0.6736 0.7221 0.2369 0.4323 0.6135 0.3531 0.2615
0.2739 0.3385 0.2568 0.6049 0.1454 0.4868 0.3397 0.0777 0.0000 0.4026 0.4232 0.5384 0.5937 0.4195 0.5137 0.3495 0.3498 0.5046 0.3829 0.2672 0.4048
0.5559 0.2563 0.3531 0.4834 0.3650 0.5019 0.4789 0.4306 0.3527 0.0000 0.0893 0.5935 0.3601 0.2742 0.1103 0.7328 0.4298 0.5142 0.4299 0.1848 0.5561
0.5344 0.2203 0.4499 0.4641 0.3787 0.2015 0.6143 0.3698 0.5304 0.2916 0.0000 0.6219 0.2608 0.2881 0.3307 0.6921 0.5706 0.5829 0.4844 0.5074 0.2791
0.3325 0.6413 0.5318 0.6835 0.2997 0.6218 0.4720 0.3574 0.4833 0.3925 0.3443 0.0000 0.4448 0.4625 0.6725 0.4190 0.4942 0.6577 0.2460 0.4607 0.1285
0.4426 0.4584 0.3687 0.5015 0.5341 0.5636 0.4786 0.4559 0.7000 0.3421 0.4012 0.3855 0.0000 0.5157 0.3191 0.2014 0.6580 0.3515 0.3500 0.4321 0.2197
0.6163 0.4981 0.5361 0.5088 0.4094 0.5290 0.4980 0.2260 0.2780 0.3357 0.1878 0.3974 0.2878 0.0000 0.4248 0.4794 0.5609 0.7409 0.1975 0.2668 0.4681
0.4961 0.3431 0.6382 0.5119 0.3788 0.0866 0.4299 0.6719 0.4709 0.2170 0.2210 0.3888 0.4568 0.3274 0.0000 0.4634 0.4039 0.5893 0.3258 0.2545 0.4913
0.4520 0.4967 0.5622 0.2516 0.4157 0.4309 0.4245 0.5212 0.3620 0.3437 0.5630 0.4259 0.3647 0.5082 0.4462 0.0000 0.4644 0.4814 0.4061 0.4190 0.4658
0.4568 0.3562 0.3411 0.5803 0.5899 0.6334 0.4430 0.2450 0.3828 0.4577 0.4927 0.5464 0.6593 0.7142 0.7423 0.3800 0.0000 0.5606 0.5587 0.4625 0.4762
0.4954 0.2503 0.5098 0.1101 0.4189 0.4460 0.2896 0.5918 0.3526 0.4662 0.6606 0.6734 0.3691 0.6843 0.4832 0.3167 0.3355 0.0000 0.3207 0.5497 0.4287
0.3628 0.4135 0.5570 0.6925 0.3635 0.4033 0.3009 0.3770 0.5698 0.5473 0.5074 0.3007 0.3958 0.2057 0.3081 0.4563 0.4223 0.3258 0.0000 0.3070 0.3306
0.7849 0.4725 0.5292 0.4484 0.2838 0.3016 0.2536 0.4706 0.4296 0.1721 0.3288 0.5873 0.5940 0.2692 0.3598 0.4664 0.4708 0.6265 0.3136 0.0000 0.3542
0.2756 0.5306 0.5579 0.4598 0.5144 0.4197 0.3478 0.5046 0.4221 0.6148 0.2816 0.4504 0.2243 0.4465 0.5266 0.5276 0.4593 0.5148 0.2483 0.4400 0.0000

--- Sample 2 ---
node_demand:
0.2667
0.1333
0.1000
0.2000
0.2667
0.2333
0.3000
0.2000
0.2333
0.1667
0.1667
0.1000
0.1667
0.0333
0.2667
0.1333
0.1333
0.1333
0.2000
0.0667

dist_matrix:
0.0000 0.4999 0.4485 0.5545 0.3138 0.3046 0.1616 0.3735 0.2679 0.3004 0.2238 0.3058 0.3841 0.2978 0.3694 0.4901 0.4420 0.4697 0.4722 0.4819 0.2940
0.4183 0.0000 0.2833 0.3306 0.5850 0.2000 0.4402 0.2455 0.2027 0.2995 0.2382 0.6833 0.4470 0.5099 0.2400 0.3225 0.3544 0.2111 0.3868 0.6796 0.6032
0.5170 0.3428 0.0000 0.3979 0.1828 0.5893 0.7274 0.2742 0.3713 0.5900 0.3274 0.4722 0.2944 0.2584 0.2768 0.5016 0.4282 0.3365 0.5802 0.4589 0.4851
0.5106 0.3082 0.4688 0.0000 0.4680 0.5421 0.2701 0.6213 0.5712 0.4114 0.3624 0.2974 0.4724 0.6606 0.4500 0.4562 0.4605 0.1595 0.4018 0.3507 0.7034
0.4669 0.6707 0.2173 0.5495 0.0000 0.6646 0.3928 0.2227 0.1820 0.5081 0.2789 0.3437 0.5861 0.5337 0.6773 0.3282 0.6330 0.5218 0.4511 0.4086 0.5350
0.4583 0.1800 0.2547 0.4655 0.4689 0.0000 0.3477 0.4815 0.5667 0.2431 0.0902 0.4611 0.6042 0.4454 0.0811 0.4316 0.4041 0.4274 0.3332 0.3344 0.3188
0.1640 0.3115 0.7505 0.5629 0.3140 0.3429 0.0000 0.5688 0.3268 0.2194 0.3515 0.7171 0.4812 0.4320 0.3520 0.3948 0.3244 0.4496 0.3086 0.3255 0.6630
0.3126 0.2220 0.2558 0.3640 0.2698 0.6330 0.3568 0.0000 0.1690 0.4677 0.4399 0.3452 0.3387 0.4111 0.6414 0.7183 0.1566 0.4539 0.6173 0.4234 0.2740
0.2623 0.4201 0.2310 0.6185 0.1862 0.4003 0.2799 0.2330 0.0000 0.3547 0.5414 0.4300 0.5946 0.6214 0.4449 0.3534 0.3254 0.4869 0.5304 0.3205 0.3259
0.6202 0.2605 0.4910 0.4100 0.3971 0.5006 0.3720 0.4602 0.4229 0.0000 0.2814 0.4748 0.2846 0.3046 0.3992 0.4582 0.3684 0.4375 0.4399 0.2229 0.4008
0.4113 0.2079 0.4307 0.3641 0.3018 0.0917 0.5352 0.3418 0.5812 0.1125 0.0000 0.6556 0.2813 0.2365 0.1237 0.5798 0.3916 0.5349 0.7005 0.3455 0.3030
0.3103 0.6697 0.4606 0.6296 0.3885 0.5427 0.6292 0.7230 0.5751 0.4681 0.5839 0.0000 0.3227 0.4663 0.4463 0.4287 0.5831 0.6467 0.2429 0.6337 0.6711
0.4240 0.4414 0.4837 0.6069 0.5576 0.3458 0.4026 0.3357 0.4473 0.2232 0.3310 0.3083 0.0000 0.2443 0.3699 0.3280 0.5589 0.5401 0.3797 0.5867 0.2585
0.2946 0.3447 0.4919 0.5150 0.5545 0.5647 0.3578 0.5296 0.4456 0.2109 0.2969 0.4478 0.5392 0.0000 0.2121 0.5632 0.7034 0.6968 0.2926 0.2820 0.4825
0.3650 0.2339 0.2718 0.4668 0.5567 0.1014 0.3297 0.5297 0.5339 0.2634 0.3581 0.3768 0.4551 0.5005 0.0000 0.5012 0.3525 0.3426 0.3157 0.4812 0.4535
0.5529 0.5381 0.4490 0.6505 0.4682 0.4355 0.3767 0.6201 0.4207 0.6911 0.6023 0.4304 0.3733 0.5326 0.5088 0.0000 0.3349 0.3455 0.4076 0.4197 0.4848
0.3729 0.3547 0.1767 0.5555 0.6821 0.7309 0.6452 0.2142 0.5181 0.3692 0.5760 0.6216 0.6204 0.3261 0.7519 0.5325 0.0000 0.4490 0.5502 0.4170 0.3835
0.4510 0.4323 0.4607 0.3249 0.4788 0.6300 0.5832 0.4846 0.2661 0.4797 0.5197 0.4273 0.3322 0.4637 0.3769 0.3340 0.2568 0.0000 0.3466 0.6339 0.2899
0.2654 0.3844 0.3897 0.4828 0.4860 0.4272 0.5346 0.5503 0.3958 0.5695 0.6190 0.3119 0.5593 0.4113 0.3057 0.3980 0.4430 0.3382 0.0000 0.3114 0.2618
0.4507 0.5297 0.4658 0.4509 0.5240 0.4045 0.3024 0.4914 0.3986 0.2426 0.5423 0.4607 0.3800 0.2673 0.5466 0.4629 0.3982 0.5332 0.3062 0.0000 0.3685
0.3038 0.5066 0.4594 0.2471 0.4897 0.3862 0.6326 0.6437 0.5529 0.5428 0.3205 0.4859 0.2391 0.4459 0.5250 0.4057 0.4652 0.4093 0.3214 0.3435 0.0000

--- Sample 3 ---
node_demand:
0.2667
0.1333
0.1000
0.2000
0.2667
0.2333
0.3000
0.2000
0.2333
0.1667
0.1667
0.1000
0.1667
0.0333
0.2667
0.1333
0.1333
0.1333
0.2000
0.0667

dist_matrix:
0.0000 0.3523 0.4248 0.4319 0.3835 0.2783 0.4847 0.3463 0.2734 0.3615 0.3040 0.2639 0.4082 0.3586 0.3852 0.5686 0.3825 0.5057 0.4560 0.5019 0.2066
0.3316 0.0000 0.4252 0.3767 0.5430 0.5668 0.3928 0.2193 0.4686 0.5124 0.2683 0.6491 0.4273 0.3934 0.1417 0.2944 0.3616 0.3042 0.6280 0.6032 0.6967
0.4106 0.2228 0.0000 0.3681 0.1351 0.6352 0.6931 0.1826 0.3230 0.3489 0.6399 0.5346 0.2633 0.2482 0.6662 0.4711 0.1807 0.4176 0.5558 0.5328 0.4931
0.6487 0.3772 0.3962 0.0000 0.4593 0.4565 0.3812 0.2869 0.5803 0.5478 0.4792 0.4051 0.6623 0.4476 0.4198 0.5681 0.6911 0.2427 0.4526 0.3892 0.4369
0.3248 0.5749 0.1775 0.6715 0.0000 0.6716 0.3766 0.3475 0.1628 0.3500 0.3055 0.3141 0.2980 0.3834 0.5060 0.4060 0.6049 0.6065 0.4845 0.3349 0.5342
0.3668 0.5492 0.6205 0.5518 0.4722 0.0000 0.3472 0.5278 0.4033 0.4518 0.1683 0.5573 0.5327 0.5067 0.0774 0.4338 0.5783 0.4372 0.4137 0.3276 0.3922
0.2529 0.4875 0.5620 0.4147 0.4406 0.3556 0.0000 0.1646 0.2345 0.2874 0.3119 0.4574 0.3615 0.3761 0.3121 0.3935 0.3694 0.4472 0.2730 0.4020 0.5819
0.3612 0.2426 0.2037 0.2882 0.3811 0.6264 0.2938 0.0000 0.1353 0.4559 0.3375 0.7026 0.4057 0.4201 0.4935 0.4637 0.2052 0.4240 0.7173 0.4594 0.6648
0.2651 0.3137 0.4335 0.3309 0.1824 0.4283 0.2133 0.1147 0.0000 0.4150 0.5963 0.4027 0.4521 0.2788 0.5848 0.3261 0.2749 0.3134 0.3856 0.2991 0.5536
0.4825 0.5287 0.5399 0.4426 0.3307 0.1638 0.2709 0.4828 0.3642 0.0000 0.0921 0.5880 0.3737 0.2839 0.1709 0.5545 0.4368 0.4523 0.4173 0.1670 0.6089
0.5027 0.3028 0.4706 0.4769 0.2648 0.2638 0.3987 0.3357 0.3832 0.3642 0.0000 0.7077 0.2739 0.1487 0.0827 0.6652 0.5960 0.5089 0.6841 0.3149 0.4943
0.3625 0.5339 0.5280 0.7714 0.4170 0.4960 0.7007 0.3933 0.4120 0.5391 0.6780 0.0000 0.4842 0.4206 0.6391 0.4313 0.6251 0.6737 0.2188 0.4570 0.6548
0.3138 0.4440 0.3457 0.5466 0.3617 0.3486 0.5701 0.3924 0.5768 0.3357 0.2714 0.4224 0.0000 0.4702 0.4435 0.4611 0.5428 0.5998 0.3049 0.4920 0.2226
0.4258 0.5005 0.6594 0.7431 0.5484 0.3132 0.3427 0.1979 0.6300 0.4164 0.2850 0.4042 0.3495 0.0000 0.3724 0.5064 0.3557 0.6954 0.2912 0.2798 0.5608
0.4159 0.1660 0.2888 0.4247 0.5383 0.0620 0.3360 0.6309 0.3867 0.3766 0.1417 0.6105 0.5044 0.5707 0.0000 0.4584 0.3623 0.3919 0.2982 0.3490 0.5223
0.5507 0.2906 0.5377 0.5241 0.3546 0.4345 0.4428 0.3740 0.4353 0.6368 0.5937 0.4261 0.4438 0.4547 0.4944 0.0000 0.3045 0.4922 0.4591 0.4987 0.3836
0.4403 0.3559 0.2839 0.5931 0.3708 0.5314 0.7266 0.2467 0.2487 0.3855 0.5709 0.6954 0.4343 0.3556 0.3453 0.5870 0.0000 0.3926 0.3793 0.4847 0.3952
0.4978 0.2953 0.4655 0.2181 0.4110 0.3976 0.4931 0.3747 0.2719 0.4798 0.5613 0.3842 0.5122 0.5454 0.5689 0.0844 0.5400 0.0000 0.3512 0.3639 0.3068
0.4049 0.5001 0.5452 0.4256 0.4828 0.3598 0.2861 0.5960 0.5604 0.4847 0.6753 0.2434 0.3148 0.3768 0.2786 0.4120 0.5689 0.3195 0.0000 0.3157 0.2768
0.3775 0.3864 0.4589 0.3987 0.5044 0.5275 0.1022 0.3431 0.3291 0.2399 0.5344 0.6151 0.1649 0.2820 0.2384 0.3761 0.4873 0.5813 0.3171 0.0000 0.3632
0.4204 0.5039 0.4682 0.8641 0.6929 0.3694 0.3467 0.4526 0.3676 0.5070 0.3948 0.2808 0.2313 0.4857 0.3808 0.4068 0.4717 0.3631 0.3152 0.3743 0.0000

--- Sample 4 ---
node_demand:
0.2667
0.1333
0.1000
0.2000
0.2667
0.2333
0.3000
0.2000
0.2333
0.1667
0.1667
0.1000
0.1667
0.0333
0.2667
0.1333
0.1333
0.1333
0.2000
0.0667

dist_matrix:
0.0000 0.4480 0.4650 0.5022 0.3034 0.3463 0.4087 0.3654 0.2565 0.6187 0.3769 0.3117 0.2863 0.4435 0.3921 0.4656 0.4156 0.4451 0.1652 0.7534 0.2443
0.2649 0.0000 0.4165 0.3630 0.4598 0.4241 0.4378 0.2307 0.4602 0.3118 0.2617 0.4082 0.4749 0.4520 0.4128 0.5507 0.3595 0.3782 0.6193 0.5704 0.5694
0.4251 0.2252 0.0000 0.3786 0.2385 0.3854 0.4114 0.2606 0.3434 0.3104 0.4348 0.4304 0.2842 0.3922 0.5457 0.5339 0.3406 0.5824 0.4580 0.4971 0.4907
0.5620 0.3376 0.4564 0.0000 0.4981 0.4765 0.5935 0.5722 0.1557 0.5078 0.4503 0.8054 0.4218 0.4772 0.4825 0.4821 0.5311 0.1027 0.6380 0.2994 0.2727
0.4684 0.4700 0.2556 0.3589 0.0000 0.6795 0.3815 0.4669 0.1529 0.2051 0.3272 0.3113 0.1589 0.3687 0.7769 0.3416 0.6146 0.4912 0.3855 0.4756 0.4098
0.4747 0.3455 0.6968 0.4617 0.4570 0.0000 0.3716 0.5852 0.4709 0.1440 0.1057 0.4688 0.6404 0.4116 0.0724 0.4334 0.4324 0.3767 0.3415 0.4998 0.3202
0.1952 0.3560 0.5664 0.2161 0.3659 0.3678 0.0000 0.3942 0.4323 0.4701 0.3084 0.7114 0.3666 0.3884 0.4554 0.4577 0.6470 0.5238 0.3270 0.2488 0.4366
0.3969 0.2297 0.1774 0.3717 0.4215 0.4305 0.1808 0.0000 0.1981 0.4778 0.4595 0.5849 0.4675 0.2358 0.4932 0.4487 0.2376 0.3119 0.5578 0.2592 0.4821
0.2729 0.3371 0.4472 0.6538 0.1574 0.4886 0.3443 0.1274 0.0000 0.3911 0.4133 0.4958 0.2781 0.4738 0.4757 0.4595 0.5414 0.3242 0.5783 0.3146 0.3950
0.4269 0.2896 0.5895 0.5186 0.5056 0.1777 0.3676 0.4739 0.3677 0.0000 0.2670 0.4562 0.4184 0.3766 0.3597 0.5376 0.4494 0.4850 0.5273 0.1466 0.5511
0.5272 0.2072 0.4821 0.3798 0.3749 0.1782 0.4349 0.3552 0.5378 0.0899 0.0000 0.4185 0.3720 0.2117 0.0622 0.6563 0.6575 0.5869 0.4327 0.2401 0.3899
0.3134 0.6222 0.5311 0.6928 0.3774 0.4934 0.4560 0.7344 0.5293 0.4053 0.5316 0.0000 0.4600 0.4052 0.3597 0.4178 0.4673 0.6925 0.2557 0.5454 0.3798
0.3597 0.4239 0.4671 0.4251 0.4089 0.3915 0.7232 0.4493 0.3394 0.3566 0.3393 0.2682 0.0000 0.5185 0.2928 0.4116 0.5972 0.6080 0.5873 0.3747 0.2232
0.3160 0.3927 0.4393 0.6080 0.6898 0.4574 0.4701 0.3683 0.5776 0.4200 0.1794 0.4352 0.5092 0.0000 0.4125 0.5195 0.4885 0.7338 0.2921 0.2801 0.5227
0.3321 0.5681 0.4152 0.4155 0.7184 0.0488 0.3411 0.5398 0.4078 0.1860 0.3765 0.4789 0.3049 0.3263 0.0000 0.5119 0.3892 0.6095 0.2928 0.3432 0.4963
0.4118 0.5368 0.5708 0.3857 0.4634 0.4298 0.3809 0.5301 0.3941 0.3464 0.5536 0.4119 0.2747 0.6046 0.4401 0.0000 0.4423 0.3484 0.4073 0.3396 0.3842
0.4703 0.3607 0.2116 0.3971 0.6512 0.5526 0.6571 0.1890 0.5475 0.3908 0.4602 0.5349 0.4243 0.4212 0.6444 0.5581 0.0000 0.5969 0.5540 0.6504 0.4164
0.4781 0.2707 0.3683 0.3286 0.6592 0.6144 0.3596 0.6907 0.3087 0.5070 0.7393 0.5610 0.5381 0.7647 0.5207 0.4843 0.5768 0.0000 0.3202 0.6611 0.4404
0.2847 0.5044 0.6711 0.4549 0.4808 0.4129 0.3852 0.7584 0.4277 0.3402 0.6632 0.2428 0.2775 0.2059 0.2875 0.4548 0.5366 0.3250 0.0000 0.3092 0.3055
0.2726 0.7013 0.4566 0.4175 0.3891 0.3782 0.1837 0.2475 0.2510 0.1414 0.2951 0.4897 0.2720 0.2718 0.2355 0.4074 0.4453 0.4965 0.3065 0.0000 0.3866
0.3017 0.4772 0.4719 0.7495 0.3795 0.4082 0.5570 0.6386 0.3503 0.4632 0.2851 0.3482 0.2422 0.5197 0.4307 0.3794 0.4229 0.4235 0.3004 0.4532 0.0000

--- Sample 5 ---
node_demand:
0.2667
0.1333
0.1000
0.2000
0.2667
0.2333
0.3000
0.2000
0.2333
0.1667
0.1667
0.1000
0.1667
0.0333
0.2667
0.1333
0.1333
0.1333
0.2000
0.0667

dist_matrix:
0.0000 0.5450 0.5595 0.4632 0.4687 0.2445 0.4132 0.3931 0.2737 0.3806 0.1801 0.3599 0.2457 0.4835 0.3744 0.3886 0.3563 0.5060 0.3327 0.7664 0.2996
0.5063 0.0000 0.2220 0.3567 0.4972 0.2059 0.4435 0.2611 0.4197 0.2645 0.2403 0.5890 0.4798 0.5314 0.5911 0.4239 0.3550 0.2982 0.5316 0.6060 0.4364
0.4372 0.3919 0.0000 0.4314 0.2378 0.4481 0.4610 0.2753 0.4378 0.4225 0.3066 0.4478 0.4389 0.5059 0.6193 0.4032 0.4596 0.5153 0.5698 0.5089 0.4126
0.6820 0.3673 0.4133 0.0000 0.2885 0.4765 0.3204 0.4756 0.4726 0.4566 0.5346 0.5105 0.6374 0.5119 0.4563 0.1787 0.6093 0.2651 0.6226 0.3107 0.2515
0.3751 0.6512 0.1910 0.5924 0.0000 0.4214 0.3829 0.2174 0.1478 0.4109 0.4116 0.4284 0.1802 0.6232 0.3802 0.3983 0.5166 0.4291 0.3715 0.3258 0.6529
0.4389 0.4634 0.4873 0.5249 0.6536 0.0000 0.3632 0.5197 0.4765 0.2265 0.1388 0.5644 0.6563 0.3115 0.0813 0.4295 0.4064 0.4392 0.4160 0.3990 0.4473
0.1416 0.3568 0.3701 0.2284 0.3020 0.3667 0.0000 0.3215 0.2352 0.4576 0.3961 0.7160 0.5515 0.4331 0.4859 0.4106 0.4605 0.5842 0.6738 0.2323 0.4521
0.4146 0.2135 0.2854 0.4573 0.5148 0.4688 0.3451 0.0000 0.1227 0.4075 0.4372 0.3280 0.4611 0.6024 0.4265 0.6867 0.2476 0.5453 0.4641 0.2407 0.5395
0.2625 0.2645 0.3091 0.1919 0.1711 0.4027 0.1871 0.1363 0.0000 0.3461 0.6118 0.4569 0.7068 0.4402 0.5268 0.3901 0.4032 0.2932 0.4137 0.2622 0.3306
0.5488 0.4130 0.4336 0.4778 0.3135 0.3301 0.2935 0.3994 0.3445 0.0000 0.1062 0.5270 0.2404 0.2793 0.3304 0.6251 0.3871 0.5258 0.5119 0.1516 0.3546
0.1678 0.2427 0.3028 0.4277 0.3809 0.1952 0.5152 0.3692 0.6169 0.3127 0.0000 0.6767 0.2619 0.2303 0.3626 0.4781 0.5087 0.4041 0.6392 0.4838 0.3251
0.3300 0.7742 0.5180 0.8507 0.3060 0.4058 0.6956 0.4134 0.4665 0.3646 0.6232 0.0000 0.3680 0.4704 0.4326 0.4348 0.4753 0.4403 0.2946 0.3908 0.4887
0.2501 0.4405 0.3395 0.4156 0.3540 0.6608 0.3521 0.4428 0.3360 0.3737 0.3922 0.4887 0.0000 0.5523 0.3905 0.4348 0.5754 0.5085 0.3185 0.1527 0.2410
0.5275 0.3647 0.4922 0.7121 0.3689 0.2369 0.4914 0.3731 0.6461 0.3023 0.1818 0.3709 0.5162 0.0000 0.4451 0.6289 0.7458 0.4525 0.2210 0.2673 0.4374
0.3473 0.1803 0.2612 0.5227 0.7897 0.0978 0.3616 0.6786 0.4831 0.2597 0.2566 0.4536 0.5493 0.2691 0.0000 0.4664 0.3613 0.3759 0.3066 0.2646 0.4460
0.3908 0.4033 0.5173 0.2974 0.3066 0.4318 0.4185 0.5580 0.3329 0.7046 0.5316 0.4156 0.3583 0.4931 0.4992 0.0000 0.3089 0.2481 0.4544 0.5030 0.5398
0.3485 0.3551 0.3584 0.5971 0.5936 0.5726 0.5334 0.2326 0.4823 0.4197 0.4129 0.8085 0.4729 0.8078 0.5393 0.3137 0.0000 0.4935 0.4874 0.5945 0.4055
0.5208 0.2855 0.4577 0.1696 0.4156 0.6022 0.5165 0.5730 0.4907 0.4386 0.6411 0.3998 0.5832 0.6378 0.4580 0.2170 0.3196 0.0000 0.3468 0.4375 0.5413
0.1110 0.5023 0.4407 0.4661 0.4468 0.3472 0.2565 0.6255 0.4799 0.4955 0.4489 0.2339 0.5707 0.1918 0.2863 0.4018 0.5000 0.3515 0.0000 0.3154 0.2512
0.3060 0.5858 0.5019 0.4062 0.4198 0.5048 0.3392 0.3873 0.2623 0.1699 0.4721 0.5766 0.6782 0.2854 0.2683 0.3458 0.4969 0.4219 0.3167 0.0000 0.4016
0.3168 0.4992 0.5289 0.8281 0.6054 0.3629 0.6499 0.5631 0.3920 0.5345 0.3802 0.2268 0.2242 0.4867 0.3132 0.4649 0.4756 0.3404 0.2908 0.4528 0.0000
