min_dist:
0.0000 0.2850 0.3000 0.3640 0.3930 0.3620 0.2840 0.1520 0.3730 0.4320 0.1900 0.2820 0.3690 0.3660 0.2620 0.1690 0.4040 0.4680 0.3920 0.3090 0.2090
0.2850 0.0000 0.3740 0.3040 0.3570 0.3560 0.2700 0.1460 0.3020 0.2410 0.1840 0.2440 0.0840 0.2990 0.2560 0.4200 0.3900 0.3660 0.2780 0.4140 0.3480
0.3000 0.3740 0.0000 0.0700 0.1680 0.2520 0.1780 0.3060 0.3100 0.2840 0.3440 0.3260 0.3140 0.0960 0.4080 0.2720 0.1680 0.4050 0.3220 0.4400 0.3240
0.3640 0.3040 0.0700 0.0000 0.2380 0.3220 0.2480 0.2360 0.2400 0.3060 0.2740 0.3960 0.2440 0.1660 0.3380 0.3420 0.2380 0.4340 0.3600 0.3700 0.3940
0.3930 0.3570 0.1680 0.2380 0.0000 0.2580 0.2620 0.2410 0.2580 0.1160 0.2790 0.1810 0.3480 0.1800 0.3510 0.4400 0.3360 0.3120 0.1540 0.3870 0.4210
0.3620 0.3560 0.2520 0.3220 0.2580 0.0000 0.3070 0.2100 0.2240 0.2180 0.2480 0.2140 0.2980 0.3480 0.2680 0.2780 0.3120 0.2580 0.1040 0.3340 0.2940
0.2840 0.2700 0.1780 0.2480 0.2620 0.3070 0.0000 0.1320 0.2760 0.2980 0.1700 0.1480 0.3540 0.0820 0.2420 0.4060 0.1200 0.2270 0.2030 0.3540 0.3340
0.1520 0.1460 0.3060 0.2360 0.2410 0.2100 0.1320 0.0000 0.2210 0.3240 0.0380 0.2440 0.2300 0.2140 0.1100 0.2740 0.2520 0.3590 0.2560 0.2680 0.2020
0.3730 0.3020 0.3100 0.2400 0.2580 0.2240 0.2760 0.2210 0.0000 0.3420 0.2590 0.2300 0.3140 0.3580 0.3310 0.2520 0.1560 0.2780 0.1200 0.3810 0.3240
0.4320 0.2410 0.2840 0.3060 0.1160 0.2180 0.2980 0.3240 0.3420 0.0000 0.3580 0.1500 0.3250 0.2960 0.4300 0.4620 0.4180 0.3800 0.2220 0.3560 0.3900
0.1900 0.1840 0.3440 0.2740 0.2790 0.2480 0.1700 0.0380 0.2590 0.3580 0.0000 0.2360 0.2560 0.2520 0.0720 0.2360 0.2900 0.3420 0.2940 0.2300 0.1640
0.2820 0.2440 0.3260 0.3960 0.1810 0.2140 0.1480 0.2440 0.2300 0.1500 0.2360 0.0000 0.3040 0.2300 0.3080 0.3120 0.2680 0.2680 0.1100 0.2060 0.2400
0.3690 0.0840 0.3140 0.2440 0.3480 0.2980 0.3540 0.2300 0.3140 0.3250 0.2560 0.3040 0.0000 0.3830 0.1840 0.4920 0.4700 0.2820 0.1940 0.3420 0.4200
0.3660 0.2990 0.0960 0.1660 0.1800 0.3480 0.0820 0.2140 0.3580 0.2960 0.2520 0.2300 0.3830 0.0000 0.3240 0.3640 0.2020 0.3090 0.2850 0.4360 0.3900
0.2620 0.2560 0.4080 0.3380 0.3510 0.2680 0.2420 0.1100 0.3310 0.4300 0.0720 0.3080 0.1840 0.3240 0.0000 0.3080 0.3620 0.2700 0.3660 0.1580 0.2360
0.1690 0.4200 0.2720 0.3420 0.4400 0.2780 0.4060 0.2740 0.2520 0.4620 0.2360 0.3120 0.4920 0.3640 0.3080 0.0000 0.3240 0.4330 0.3040 0.2740 0.0720
0.4040 0.3900 0.1680 0.2380 0.3360 0.3120 0.1200 0.2520 0.1560 0.4180 0.2900 0.2680 0.4700 0.2020 0.3620 0.3240 0.0000 0.2760 0.2760 0.2740 0.2520
0.4680 0.3660 0.4050 0.4340 0.3120 0.2580 0.2270 0.3590 0.2780 0.3800 0.3420 0.2680 0.2820 0.3090 0.2700 0.4330 0.2760 0.0000 0.1580 0.1590 0.3610
0.3920 0.2780 0.3220 0.3600 0.1540 0.1040 0.2030 0.2560 0.1200 0.2220 0.2940 0.1100 0.1940 0.2850 0.3660 0.3040 0.2760 0.1580 0.0000 0.3160 0.3500
0.3090 0.4140 0.4400 0.3700 0.3870 0.3340 0.3540 0.2680 0.3810 0.3560 0.2300 0.2060 0.3420 0.4360 0.1580 0.2740 0.2740 0.1590 0.3160 0.0000 0.2020
0.2090 0.3480 0.3240 0.3940 0.4210 0.2940 0.3340 0.2020 0.3240 0.3900 0.1640 0.2400 0.4200 0.3900 0.2360 0.0720 0.2520 0.3610 0.3500 0.2020 0.0000

max_dist:
0.0000 0.4570 0.5450 0.6210 0.6670 0.7650 0.6980 0.6230 0.4940 0.6380 0.6490 0.4740 0.8520 0.9040 0.7810 0.6040 0.6220 0.8230 0.6930 0.9570 0.4980
0.4570 0.0000 0.4740 0.6360 0.5160 0.8590 0.3990 0.4920 0.3520 0.3560 0.6020 0.7420 0.5620 0.8120 0.4400 0.7260 0.5880 0.6280 0.5230 0.7480 0.6130
0.5450 0.4740 0.0000 0.4290 0.5780 0.6180 0.7550 0.7330 0.6720 0.3960 0.6230 0.8360 0.6700 0.3620 0.6390 0.5140 0.7140 0.7620 0.6620 0.6180 0.4560
0.6210 0.6360 0.4290 0.0000 0.8100 0.7880 0.6280 0.7420 0.2840 0.5000 0.7160 0.9530 0.5330 0.6720 0.5080 0.4500 0.5440 0.6440 0.8250 0.7440 0.8120
0.6670 0.5160 0.5780 0.8100 0.0000 0.6070 0.5980 0.4040 0.7660 0.5420 0.5140 0.2580 0.5920 0.5080 0.7220 0.6200 0.6410 0.5350 0.3540 0.7000 0.5790
0.7650 0.8590 0.6180 0.7880 0.6070 0.0000 0.4600 0.5200 0.7380 0.5240 0.6300 0.5440 0.9450 0.6460 0.5790 0.6120 0.3140 0.6030 0.5290 0.6940 0.7320
0.6980 0.3990 0.7550 0.6280 0.5980 0.4600 0.0000 0.3240 0.5600 0.7500 0.4340 0.5050 0.5480 0.4780 0.6260 0.6200 0.1980 0.2700 0.2860 0.6720 0.5900
0.6230 0.4920 0.7330 0.7420 0.4040 0.5200 0.3240 0.0000 0.4580 0.6580 0.1100 0.4720 0.4250 0.5930 0.3180 0.7600 0.5040 0.5940 0.5550 0.6260 0.3420
0.4940 0.3520 0.6720 0.2840 0.7660 0.7380 0.5600 0.4580 0.0000 0.6660 0.5680 0.7800 0.7410 0.5820 0.5060 0.4640 0.7570 0.7190 0.7620 0.7910 0.7620
0.6380 0.3560 0.3960 0.5000 0.5420 0.5240 0.7500 0.6580 0.6660 0.0000 0.7680 0.4530 0.5440 0.7580 0.7960 0.9100 0.5580 0.7720 0.6720 0.6140 0.5380
0.6490 0.6020 0.6230 0.7160 0.5140 0.6300 0.4340 0.1100 0.5680 0.7680 0.0000 0.5200 0.5350 0.7030 0.2080 0.7220 0.3940 0.6450 0.5660 0.5160 0.2320
0.4740 0.7420 0.8360 0.9530 0.2580 0.5440 0.5050 0.4720 0.7800 0.4530 0.5200 0.0000 0.6770 0.5520 0.7280 0.7290 0.5150 0.4000 0.2190 0.6440 0.6840
0.8520 0.5620 0.6700 0.5330 0.5920 0.9450 0.5480 0.4250 0.7410 0.5440 0.5350 0.6770 0.0000 0.7690 0.4910 0.9140 0.6990 0.6390 0.4580 0.6460 0.7670
0.9040 0.8120 0.3620 0.6720 0.5080 0.6460 0.4780 0.5930 0.5820 0.7580 0.7030 0.5520 0.7690 0.0000 0.7740 0.3760 0.5880 0.7480 0.7640 0.6830 0.7110
0.7810 0.4400 0.6390 0.5080 0.7220 0.5790 0.6260 0.3180 0.5060 0.7960 0.2080 0.7280 0.4910 0.7740 0.0000 0.5140 0.6020 0.5500 0.7310 0.3080 0.4400
0.6040 0.7260 0.5140 0.4500 0.6200 0.6120 0.6200 0.7600 0.4640 0.9100 0.7220 0.7290 0.9140 0.3760 0.5140 0.0000 0.7080 0.6280 0.6860 0.6230 0.5100
0.6220 0.5880 0.7140 0.5440 0.6410 0.3140 0.1980 0.5040 0.7570 0.5580 0.3940 0.5150 0.6990 0.5880 0.6020 0.7080 0.0000 0.4680 0.4070 0.5900 0.4620
0.8230 0.6280 0.7620 0.6440 0.5350 0.6030 0.2700 0.5940 0.7190 0.7720 0.6450 0.4000 0.6390 0.7480 0.5500 0.6280 0.4680 0.0000 0.1810 0.6900 0.4130
0.6930 0.5230 0.6620 0.8250 0.3540 0.5290 0.2860 0.5550 0.7620 0.6720 0.5660 0.2190 0.4580 0.7640 0.7310 0.6860 0.4070 0.1810 0.0000 0.5090 0.4770
0.9570 0.7480 0.6180 0.7440 0.7000 0.6940 0.6720 0.6260 0.7910 0.6140 0.5160 0.6440 0.6460 0.6830 0.3080 0.6230 0.5900 0.6900 0.5090 0.0000 0.7280
0.4980 0.6130 0.4560 0.8120 0.5790 0.7320 0.5900 0.3420 0.7620 0.5380 0.2320 0.6840 0.7670 0.7110 0.4400 0.5100 0.4620 0.4130 0.4770 0.7280 0.0000

--- Contains 5 samples ---

--- Sample 1 ---
node_demand:
0.0333
0.2333
0.0667
0.2333
0.2667
0.0667
0.2000
0.1000
0.0667
0.3000
0.2667
0.3000
0.2333
0.2667
0.3000
0.2000
0.1667
0.2667
0.1333
0.1333

dist_matrix:
0.0000 0.4228 0.5042 0.5499 0.6505 0.4418 0.3657 0.1830 0.4697 0.4858 0.3297 0.4222 0.6712 0.7682 0.3791 0.5633 0.5999 0.5573 0.6585 0.6187 0.4778
0.4448 0.0000 0.3763 0.5773 0.4328 0.5281 0.3388 0.3474 0.3219 0.3427 0.1944 0.3452 0.3383 0.7070 0.3761 0.4760 0.5245 0.4960 0.4577 0.6754 0.5399
0.5393 0.4730 0.0000 0.2670 0.4984 0.3570 0.1839 0.3397 0.3286 0.3139 0.4794 0.6260 0.5315 0.1007 0.4576 0.4388 0.4886 0.4746 0.3411 0.5488 0.4073
0.4821 0.4791 0.2658 0.0000 0.4496 0.3649 0.5130 0.6536 0.2577 0.4769 0.4681 0.8859 0.3253 0.4475 0.4408 0.4393 0.3645 0.5272 0.5557 0.6951 0.4264
0.5710 0.4722 0.4661 0.4142 0.0000 0.2975 0.5711 0.3617 0.6173 0.1790 0.3068 0.2122 0.3852 0.2989 0.5342 0.5580 0.3413 0.3513 0.2294 0.5309 0.4211
0.6041 0.4168 0.5723 0.5862 0.4731 0.0000 0.4342 0.2622 0.3333 0.3423 0.4165 0.2373 0.7837 0.4442 0.5678 0.3047 0.3126 0.4924 0.4007 0.6113 0.6999
0.3777 0.3087 0.6657 0.4605 0.4207 0.4157 0.0000 0.2137 0.3457 0.4153 0.3091 0.4155 0.4888 0.1888 0.4007 0.5651 0.1778 0.2371 0.2396 0.5999 0.3492
0.5125 0.3172 0.7249 0.6010 0.2516 0.5089 0.2920 0.0000 0.3017 0.5956 0.0451 0.2928 0.3273 0.2406 0.1183 0.2806 0.2652 0.4272 0.5504 0.5915 0.3175
0.3779 0.3124 0.6182 0.2496 0.4623 0.3581 0.5508 0.3090 0.0000 0.5486 0.5015 0.5306 0.4643 0.4849 0.4854 0.3311 0.3197 0.4006 0.7441 0.6914 0.7506
0.5094 0.3425 0.3693 0.4248 0.4992 0.3415 0.4568 0.3986 0.5358 0.0000 0.6141 0.2827 0.3360 0.6731 0.5281 0.7855 0.4628 0.5851 0.6710 0.5536 0.4304
0.2957 0.1916 0.5472 0.4437 0.4030 0.3877 0.2340 0.0669 0.4543 0.4079 0.0000 0.2547 0.3996 0.4312 0.1132 0.3112 0.3182 0.5962 0.5656 0.3367 0.2106
0.3490 0.5493 0.7377 0.8730 0.2556 0.4993 0.2645 0.4360 0.4914 0.4295 0.4969 0.0000 0.3549 0.4689 0.4563 0.7227 0.3416 0.3986 0.1961 0.4074 0.6458
0.7442 0.3887 0.3666 0.5062 0.3584 0.8900 0.4257 0.3762 0.4189 0.5206 0.5231 0.3342 0.0000 0.5143 0.3844 0.5305 0.5776 0.6352 0.4094 0.6207 0.4632
0.7908 0.3613 0.3352 0.1829 0.4929 0.5185 0.1987 0.2304 0.5568 0.5717 0.6662 0.5186 0.6207 0.0000 0.6262 0.3750 0.2386 0.4463 0.4398 0.5079 0.5250
0.3760 0.4324 0.5018 0.3431 0.4319 0.5601 0.5645 0.2719 0.5054 0.7021 0.1746 0.4779 0.2070 0.5096 0.0000 0.4425 0.4316 0.5052 0.4661 0.2769 0.3180
0.5151 0.7087 0.4642 0.3518 0.5465 0.5976 0.5978 0.3201 0.4206 0.6958 0.5645 0.6144 0.5766 0.3724 0.4550 0.0000 0.5472 0.4538 0.5691 0.5334 0.1664
0.4768 0.5565 0.4154 0.4746 0.5861 0.3127 0.1356 0.3913 0.2858 0.4757 0.3404 0.4742 0.6172 0.5535 0.5248 0.4127 0.0000 0.3875 0.4015 0.4521 0.4015
0.5747 0.4337 0.4715 0.4595 0.4166 0.5964 0.2500 0.5569 0.5317 0.4035 0.6386 0.3816 0.4739 0.5009 0.2790 0.4857 0.3114 0.0000 0.1773 0.4812 0.4118
0.5755 0.3740 0.5433 0.8139 0.1909 0.2189 0.2517 0.3479 0.5210 0.5494 0.3422 0.1711 0.2069 0.7587 0.6684 0.3717 0.3745 0.1586 0.0000 0.3746 0.3902
0.8626 0.4459 0.5522 0.5013 0.3899 0.3862 0.4909 0.4599 0.7337 0.3994 0.4622 0.2289 0.5773 0.5574 0.2622 0.3834 0.3353 0.4234 0.3811 0.0000 0.4188
0.3266 0.4544 0.4339 0.4773 0.5496 0.3729 0.5570 0.2723 0.6460 0.4290 0.1933 0.5443 0.4721 0.7011 0.4296 0.2478 0.3723 0.4107 0.4587 0.3865 0.0000

--- Sample 2 ---
node_demand:
0.0333
0.2333
0.0667
0.2333
0.2667
0.0667
0.2000
0.1000
0.0667
0.3000
0.2667
0.3000
0.2333
0.2667
0.3000
0.2000
0.1667
0.2667
0.1333
0.1333

dist_matrix:
0.0000 0.3668 0.5155 0.5256 0.4309 0.5555 0.5125 0.5347 0.4014 0.5654 0.2566 0.4599 0.7681 0.8086 0.4533 0.2397 0.5487 0.6668 0.4868 0.3612 0.4970
0.3877 0.0000 0.3977 0.3407 0.4492 0.6761 0.2973 0.1797 0.3383 0.2766 0.3146 0.4258 0.4176 0.3259 0.3260 0.6443 0.4963 0.5402 0.3092 0.6868 0.5651
0.3692 0.4387 0.0000 0.3701 0.4597 0.5096 0.4191 0.4348 0.4927 0.3357 0.4373 0.7551 0.5098 0.1837 0.4729 0.5027 0.1889 0.6214 0.4282 0.5621 0.4330
0.5125 0.5266 0.3021 0.0000 0.7959 0.4911 0.4552 0.4315 0.2650 0.3462 0.4695 0.4010 0.3489 0.4691 0.4136 0.3655 0.4475 0.5053 0.7820 0.4627 0.6561
0.5894 0.4157 0.5321 0.2483 0.0000 0.4979 0.2650 0.2545 0.4934 0.4878 0.3003 0.1833 0.4901 0.4914 0.5065 0.5528 0.3370 0.3880 0.1979 0.5179 0.5241
0.3652 0.5750 0.3058 0.6146 0.3432 0.0000 0.4422 0.3721 0.6516 0.4863 0.2509 0.2615 0.7017 0.5125 0.2730 0.4816 0.3120 0.4726 0.2060 0.4309 0.3143
0.6355 0.2759 0.3584 0.4025 0.5630 0.3242 0.0000 0.1960 0.5441 0.6152 0.2122 0.3413 0.4718 0.1334 0.4547 0.6106 0.1931 0.2550 0.2805 0.6140 0.4565
0.5188 0.4147 0.4661 0.3734 0.3194 0.3987 0.3098 0.0000 0.4301 0.4866 0.0542 0.3048 0.3187 0.2258 0.1523 0.6581 0.4493 0.5282 0.3091 0.5858 0.3101
0.4446 0.3196 0.3943 0.2578 0.5065 0.2314 0.4236 0.4508 0.0000 0.5383 0.3451 0.6859 0.5063 0.3778 0.3694 0.4356 0.5612 0.4843 0.4884 0.6399 0.3321
0.5034 0.3469 0.3835 0.4537 0.4387 0.4687 0.7328 0.6225 0.5572 0.0000 0.4018 0.1736 0.4033 0.6257 0.7244 0.7105 0.5096 0.7433 0.4198 0.4942 0.4221
0.3454 0.5989 0.4014 0.3795 0.3859 0.3203 0.1893 0.0830 0.4616 0.4340 0.0000 0.2413 0.4411 0.2778 0.0852 0.3084 0.2979 0.5961 0.4935 0.3610 0.1888
0.4015 0.2823 0.3387 0.7683 0.1813 0.4835 0.3013 0.4524 0.5483 0.2297 0.5189 0.0000 0.3778 0.4131 0.5582 0.4023 0.2876 0.3295 0.1358 0.5986 0.3712
0.4899 0.5219 0.4941 0.3270 0.3680 0.6530 0.5363 0.2771 0.5111 0.3507 0.3568 0.3483 0.0000 0.6835 0.2147 0.8382 0.5532 0.4352 0.2355 0.5903 0.6867
0.5275 0.3490 0.2719 0.3935 0.4562 0.3638 0.4280 0.5692 0.3705 0.5401 0.6481 0.2693 0.7490 0.0000 0.4584 0.3683 0.2345 0.6454 0.6575 0.4911 0.4275
0.7779 0.4249 0.5107 0.4858 0.6495 0.4767 0.3605 0.1624 0.4387 0.6586 0.1414 0.4282 0.3351 0.5309 0.0000 0.4604 0.4697 0.4311 0.5608 0.2171 0.3782
0.4400 0.4826 0.4287 0.3804 0.5270 0.3599 0.5661 0.6342 0.2745 0.7505 0.3176 0.5950 0.7063 0.3737 0.3518 0.0000 0.6099 0.4602 0.6059 0.3937 0.2538
0.4515 0.5832 0.6896 0.2532 0.3646 0.3124 0.1660 0.4764 0.4199 0.4555 0.3512 0.2841 0.4793 0.2879 0.4160 0.6388 0.0000 0.3713 0.2899 0.2968 0.4401
0.7159 0.4470 0.7163 0.5505 0.4485 0.4244 0.2569 0.4697 0.6768 0.7638 0.3898 0.3564 0.6021 0.4769 0.2879 0.5698 0.4530 0.0000 0.1674 0.1758 0.3742
0.4424 0.5198 0.4583 0.7899 0.2052 0.2934 0.2323 0.4372 0.5882 0.3598 0.3404 0.2073 0.2985 0.5838 0.5265 0.4271 0.3334 0.1734 0.0000 0.4502 0.4727
0.3826 0.5389 0.5161 0.5088 0.5397 0.3773 0.5016 0.5184 0.4843 0.5541 0.3969 0.3901 0.5666 0.5695 0.2212 0.4743 0.5866 0.6242 0.4618 0.0000 0.3661
0.3789 0.5890 0.4372 0.6344 0.5316 0.7231 0.4065 0.3378 0.5040 0.4849 0.1998 0.2721 0.4215 0.5272 0.3345 0.4879 0.2813 0.3803 0.4305 0.2390 0.0000

--- Sample 3 ---
node_demand:
0.0333
0.2333
0.0667
0.2333
0.2667
0.0667
0.2000
0.1000
0.0667
0.3000
0.2667
0.3000
0.2333
0.2667
0.3000
0.2000
0.1667
0.2667
0.1333
0.1333

dist_matrix:
0.0000 0.4053 0.3172 0.3641 0.6284 0.5298 0.5551 0.5043 0.4591 0.6160 0.6019 0.4671 0.7729 0.3825 0.7551 0.2791 0.4538 0.6105 0.5700 0.3841 0.2916
0.3813 0.0000 0.4033 0.3096 0.4785 0.6445 0.2908 0.1898 0.3342 0.2912 0.4798 0.6667 0.4605 0.6369 0.4270 0.5172 0.5604 0.5239 0.3338 0.5215 0.6072
0.4687 0.4195 0.0000 0.2163 0.4170 0.4018 0.2021 0.4166 0.6196 0.2928 0.4250 0.7218 0.3592 0.1904 0.4580 0.4215 0.5999 0.4500 0.6461 0.4995 0.4263
0.4835 0.5774 0.0915 0.0000 0.6092 0.5688 0.3360 0.4688 0.2643 0.4549 0.4786 0.6367 0.2636 0.6456 0.3459 0.3457 0.4944 0.6255 0.8138 0.6707 0.5169
0.5560 0.4648 0.3194 0.4410 0.0000 0.5664 0.5748 0.3434 0.2813 0.4497 0.4623 0.1866 0.3690 0.2546 0.4412 0.5942 0.4365 0.3644 0.3053 0.4395 0.5197
0.5188 0.6398 0.2834 0.5317 0.3821 0.0000 0.3514 0.4769 0.4969 0.3187 0.5617 0.4567 0.5548 0.6225 0.2960 0.4054 0.3123 0.4286 0.4221 0.4789 0.5385
0.6973 0.3131 0.6098 0.4039 0.2752 0.3178 0.0000 0.1455 0.3628 0.4551 0.2800 0.3083 0.4554 0.2623 0.3010 0.5934 0.1812 0.2421 0.2132 0.5981 0.4103
0.5574 0.2486 0.6090 0.3763 0.3998 0.2983 0.3147 0.0000 0.2589 0.3599 0.0784 0.3002 0.3977 0.3755 0.3121 0.4369 0.4048 0.4748 0.4154 0.2843 0.3143
0.3818 0.3392 0.4919 0.2533 0.2975 0.5242 0.4424 0.2715 0.0000 0.5567 0.3763 0.2913 0.3525 0.4077 0.4998 0.2777 0.1632 0.5772 0.1820 0.4927 0.3630
0.5869 0.2949 0.2941 0.4844 0.3606 0.3014 0.3954 0.5858 0.5752 0.0000 0.5904 0.2610 0.5116 0.4310 0.5671 0.7377 0.4658 0.6092 0.5531 0.4316 0.4052
0.2156 0.3391 0.6128 0.5046 0.4637 0.6186 0.2830 0.0575 0.2769 0.6351 0.0000 0.3321 0.3740 0.2521 0.1533 0.6203 0.3211 0.5448 0.5182 0.4005 0.2159
0.3180 0.7267 0.7430 0.7241 0.2138 0.4462 0.3919 0.3505 0.3179 0.2251 0.3210 0.0000 0.3897 0.4248 0.6303 0.3660 0.4186 0.3250 0.1574 0.5793 0.3757
0.4327 0.5540 0.4013 0.4373 0.5173 0.4508 0.3663 0.3934 0.5167 0.5027 0.5174 0.3603 0.0000 0.5260 0.2583 0.8372 0.5882 0.5555 0.2711 0.3542 0.4665
0.5549 0.6073 0.2906 0.4744 0.3303 0.4594 0.2190 0.3469 0.3900 0.2968 0.2592 0.2536 0.7066 0.0000 0.7209 0.3682 0.5167 0.4826 0.5260 0.5768 0.5022
0.5559 0.3881 0.6075 0.4683 0.7116 0.4180 0.5924 0.2858 0.3734 0.4824 0.0880 0.6792 0.3188 0.6634 0.0000 0.3405 0.5809 0.5500 0.5313 0.1992 0.2892
0.3505 0.4282 0.3642 0.3463 0.5110 0.5430 0.5157 0.6708 0.3425 0.5267 0.4723 0.5519 0.8278 0.3710 0.3382 0.0000 0.4414 0.5982 0.6464 0.5768 0.2667
0.5210 0.4014 0.6000 0.3233 0.5413 0.3122 0.1344 0.2743 0.3865 0.4854 0.3618 0.3462 0.4880 0.5536 0.3978 0.5245 0.0000 0.4413 0.3566 0.5484 0.3215
0.7614 0.4433 0.6344 0.4430 0.5291 0.4205 0.2545 0.3983 0.5977 0.7526 0.4818 0.2790 0.6023 0.6242 0.4620 0.4850 0.3395 0.0000 0.1598 0.5397 0.4021
0.6675 0.4829 0.5795 0.6838 0.1803 0.1675 0.2485 0.2619 0.5638 0.5012 0.4694 0.1541 0.2755 0.2946 0.5907 0.4869 0.3975 0.1641 0.0000 0.3468 0.4510
0.5302 0.5512 0.6068 0.5142 0.6317 0.4477 0.3651 0.3790 0.3872 0.4066 0.3830 0.2912 0.4383 0.6132 0.2455 0.4172 0.3822 0.1647 0.3304 0.0000 0.4496
0.3776 0.6098 0.3297 0.4684 0.4271 0.5141 0.5493 0.2101 0.6574 0.5305 0.1967 0.6019 0.6447 0.5484 0.2420 0.4461 0.2809 0.4023 0.4397 0.4032 0.0000

--- Sample 4 ---
node_demand:
0.0333
0.2333
0.0667
0.2333
0.2667
0.0667
0.2000
0.1000
0.0667
0.3000
0.2667
0.3000
0.2333
0.2667
0.3000
0.2000
0.1667
0.2667
0.1333
0.1333

dist_matrix:
0.0000 0.3643 0.3382 0.5115 0.6413 0.4508 0.2964 0.5384 0.4637 0.4806 0.5835 0.3527 0.3715 0.6361 0.7173 0.3842 0.5374 0.5033 0.5813 0.6677 0.4581
0.3142 0.0000 0.4010 0.3376 0.4792 0.5625 0.2856 0.1994 0.3172 0.2863 0.5717 0.3599 0.3511 0.3477 0.3083 0.5632 0.4656 0.5070 0.2968 0.6281 0.4596
0.4283 0.3999 0.0000 0.2707 0.5484 0.3666 0.6280 0.3140 0.5686 0.3794 0.5180 0.4989 0.4237 0.3041 0.5467 0.3050 0.3800 0.7281 0.5052 0.4809 0.3524
0.5582 0.3553 0.0743 0.0000 0.6453 0.5602 0.4666 0.5404 0.2504 0.4109 0.4433 0.9130 0.4581 0.4328 0.4247 0.3523 0.2414 0.5207 0.5749 0.6322 0.6686
0.6216 0.3713 0.3315 0.6191 0.0000 0.3069 0.3981 0.3617 0.3297 0.4626 0.4080 0.2118 0.5827 0.2574 0.3577 0.5475 0.5062 0.4225 0.1707 0.3895 0.5462
0.4425 0.6137 0.4197 0.5043 0.4465 0.0000 0.3446 0.4867 0.4040 0.4727 0.5039 0.5269 0.6533 0.4078 0.3605 0.4895 0.3138 0.3629 0.3829 0.4010 0.4919
0.3518 0.3870 0.5345 0.5765 0.4080 0.3480 0.0000 0.1657 0.4534 0.6458 0.3169 0.1759 0.4896 0.3244 0.3211 0.4600 0.1362 0.2313 0.2769 0.3590 0.4281
0.2930 0.4673 0.6426 0.5165 0.4022 0.4768 0.3077 0.0000 0.3884 0.4441 0.0400 0.3820 0.3054 0.3175 0.3050 0.6061 0.3470 0.4322 0.3481 0.2951 0.2496
0.3831 0.3228 0.5912 0.2504 0.3864 0.5539 0.4050 0.4281 0.0000 0.6386 0.4529 0.7467 0.4504 0.5609 0.4368 0.4149 0.4719 0.3183 0.2291 0.3882 0.4882
0.5085 0.2684 0.3655 0.4908 0.1913 0.4571 0.6687 0.3922 0.5429 0.0000 0.5509 0.2449 0.5008 0.6128 0.7026 0.8840 0.4295 0.5084 0.4997 0.3744 0.4303
0.3058 0.4631 0.6084 0.4377 0.3723 0.6263 0.3635 0.0474 0.5022 0.5479 0.0000 0.4995 0.3294 0.4229 0.1993 0.3701 0.3925 0.3538 0.4980 0.4306 0.1963
0.3633 0.5965 0.4712 0.9230 0.2567 0.3305 0.4073 0.3801 0.7771 0.3407 0.3065 0.0000 0.6509 0.5095 0.7108 0.4325 0.3429 0.2951 0.1195 0.3673 0.4532
0.6679 0.1642 0.5994 0.3891 0.5462 0.3458 0.4803 0.3917 0.3625 0.4774 0.3602 0.4022 0.0000 0.7275 0.3488 0.6044 0.5341 0.4848 0.3104 0.3460 0.5779
0.5372 0.7619 0.2325 0.4418 0.2052 0.4031 0.3806 0.5268 0.4797 0.5312 0.3220 0.5392 0.6503 0.0000 0.4264 0.3725 0.5334 0.3958 0.4742 0.4930 0.5505
0.2972 0.4149 0.4896 0.3749 0.5728 0.3643 0.4164 0.1816 0.4936 0.7906 0.1678 0.5215 0.3053 0.5531 0.0000 0.4337 0.5553 0.4656 0.7273 0.2440 0.4350
0.3810 0.6599 0.4430 0.4045 0.5675 0.2871 0.4789 0.6595 0.3404 0.5159 0.3021 0.5957 0.5122 0.3678 0.3399 0.0000 0.6000 0.6180 0.5954 0.3014 0.5097
0.4224 0.4082 0.2176 0.4899 0.5050 0.3133 0.1531 0.4586 0.2206 0.5520 0.3675 0.4190 0.5709 0.3614 0.5484 0.5462 0.0000 0.3867 0.2971 0.3075 0.3444
0.6734 0.4424 0.7406 0.5373 0.5301 0.4083 0.2467 0.5410 0.6242 0.7535 0.5102 0.2920 0.5992 0.4177 0.3913 0.5303 0.4211 0.0000 0.1761 0.2120 0.3917
0.6858 0.4848 0.6060 0.6513 0.3334 0.4594 0.2153 0.3365 0.2814 0.2375 0.4759 0.2035 0.2038 0.5718 0.4867 0.6092 0.2980 0.1627 0.0000 0.4924 0.3924
0.6848 0.6199 0.5434 0.5447 0.5910 0.4838 0.4321 0.3445 0.6892 0.4434 0.3575 0.5606 0.6298 0.4379 0.2029 0.3442 0.5224 0.4624 0.3819 0.0000 0.2738
0.4113 0.5140 0.3940 0.7636 0.5134 0.6252 0.4197 0.2838 0.6083 0.5365 0.1786 0.6604 0.6836 0.3988 0.3989 0.4003 0.3385 0.3745 0.3704 0.7001 0.0000

--- Sample 5 ---
node_demand:
0.0333
0.2333
0.0667
0.2333
0.2667
0.0667
0.2000
0.1000
0.0667
0.3000
0.2667
0.3000
0.2333
0.2667
0.3000
0.2000
0.1667
0.2667
0.1333
0.1333

dist_matrix:
0.0000 0.3985 0.3446 0.5559 0.5809 0.5829 0.5330 0.5292 0.4289 0.5139 0.4936 0.4321 0.6985 0.4981 0.5334 0.5472 0.4894 0.5186 0.5065 0.8471 0.2562
0.3852 0.0000 0.4474 0.3104 0.4405 0.4339 0.3931 0.3346 0.3236 0.2697 0.2794 0.6807 0.1934 0.7408 0.3325 0.5360 0.4426 0.5702 0.4319 0.4913 0.3770
0.4201 0.3975 0.0000 0.2822 0.2830 0.6071 0.4512 0.3238 0.3934 0.3229 0.5180 0.5583 0.5790 0.3376 0.5552 0.3210 0.3073 0.7469 0.6366 0.5031 0.4215
0.5294 0.3448 0.1788 0.0000 0.4288 0.7682 0.6149 0.7072 0.2802 0.3540 0.4045 0.6044 0.5300 0.6699 0.3975 0.4040 0.4682 0.6185 0.6214 0.5606 0.6562
0.4100 0.4971 0.3413 0.6149 0.0000 0.3620 0.3290 0.3118 0.6391 0.3496 0.3668 0.1848 0.3514 0.2053 0.5270 0.4685 0.5474 0.3911 0.2035 0.5143 0.5336
0.4501 0.6516 0.6099 0.3545 0.4756 0.0000 0.3714 0.2211 0.2876 0.3967 0.6165 0.5081 0.3992 0.5725 0.5214 0.3512 0.3136 0.5713 0.1433 0.5152 0.5879
0.3459 0.3802 0.7398 0.4815 0.2630 0.4048 0.0000 0.3184 0.5075 0.4809 0.2178 0.4556 0.3607 0.2524 0.2850 0.5607 0.1447 0.2443 0.2473 0.4074 0.5768
0.1920 0.4726 0.6349 0.6291 0.3212 0.5102 0.2828 0.0000 0.4023 0.3771 0.0953 0.2475 0.2865 0.5585 0.2154 0.4534 0.4243 0.4017 0.3169 0.3386 0.3170
0.4085 0.3063 0.4517 0.2613 0.5622 0.5429 0.3024 0.2891 0.0000 0.4259 0.2787 0.2640 0.4311 0.4817 0.4131 0.3506 0.3672 0.5270 0.7077 0.5025 0.4243
0.6101 0.2890 0.3949 0.4057 0.2054 0.4897 0.5921 0.6526 0.6378 0.0000 0.4926 0.4411 0.5225 0.6962 0.6951 0.6155 0.4987 0.5761 0.2703 0.4087 0.4595
0.4898 0.3203 0.6134 0.3440 0.4197 0.2831 0.3267 0.0857 0.5494 0.3766 0.0000 0.4165 0.3442 0.5197 0.1434 0.5981 0.3834 0.4036 0.3864 0.4200 0.2186
0.4007 0.3207 0.6372 0.4450 0.1841 0.3628 0.3864 0.3458 0.3546 0.3500 0.4658 0.0000 0.6223 0.5043 0.3090 0.4783 0.3634 0.2984 0.1688 0.5839 0.4749
0.6660 0.3791 0.6463 0.4860 0.4974 0.3610 0.4191 0.3132 0.5508 0.4762 0.2649 0.5357 0.0000 0.7321 0.4542 0.8306 0.6961 0.6183 0.2431 0.3445 0.7588
0.4228 0.7684 0.2324 0.5239 0.4973 0.4761 0.0937 0.3707 0.5699 0.6789 0.2995 0.4181 0.5148 0.0000 0.4652 0.3660 0.4658 0.6353 0.6114 0.4381 0.4833
0.3868 0.3290 0.5731 0.3784 0.3879 0.3973 0.5659 0.2957 0.3749 0.6584 0.1951 0.4168 0.2821 0.3809 0.0000 0.4685 0.5509 0.5394 0.6026 0.2490 0.2479
0.5640 0.6718 0.4459 0.4139 0.5443 0.3154 0.5914 0.6904 0.3321 0.6786 0.5310 0.4213 0.8762 0.3694 0.3300 0.0000 0.4271 0.6238 0.5922 0.3959 0.2666
0.6092 0.4276 0.5055 0.2612 0.4140 0.3120 0.1469 0.3848 0.6203 0.5534 0.3647 0.3280 0.5048 0.2923 0.4357 0.3251 0.0000 0.3412 0.3566 0.3646 0.2760
0.5911 0.3856 0.4359 0.6331 0.3714 0.4922 0.2550 0.5804 0.6025 0.6004 0.5438 0.3472 0.5577 0.4528 0.3717 0.5427 0.3536 0.0000 0.1686 0.3494 0.3883
0.6537 0.4213 0.6610 0.5297 0.2838 0.3764 0.2497 0.4627 0.5658 0.3249 0.4981 0.2073 0.3510 0.5585 0.4528 0.6813 0.3548 0.1748 0.0000 0.3367 0.4749
0.7675 0.6231 0.6138 0.7241 0.5657 0.5108 0.4482 0.2754 0.7410 0.5562 0.3640 0.4850 0.3649 0.6113 0.1612 0.5998 0.2764 0.3714 0.4326 0.0000 0.2401
0.4295 0.4365 0.3554 0.5157 0.4593 0.3154 0.3620 0.2519 0.7305 0.4845 0.1685 0.6770 0.7499 0.4709 0.3525 0.4303 0.2694 0.3719 0.4474 0.3113 0.0000
