min_dist:
0.0000 0.1340 0.3320 0.2940 0.3020 0.3080 0.3500 0.1800 0.2400 0.3570 0.3120 0.4250 0.3580 0.2660 0.2200 0.3220 0.2400 0.4300 0.4440 0.3170 0.2970
0.1340 0.0000 0.2500 0.2780 0.1680 0.3280 0.2750 0.3140 0.2690 0.3270 0.3090 0.2910 0.3100 0.3550 0.2840 0.2480 0.3740 0.3820 0.3470 0.4190 0.1630
0.3320 0.2500 0.0000 0.3650 0.2520 0.2610 0.2440 0.4550 0.1910 0.2960 0.1480 0.2040 0.3040 0.1940 0.3780 0.2090 0.3900 0.2840 0.2880 0.1710 0.1320
0.2940 0.2780 0.3650 0.0000 0.4460 0.2420 0.3170 0.4740 0.4220 0.4140 0.3720 0.3900 0.3060 0.3260 0.3750 0.3780 0.3710 0.2640 0.1500 0.1940 0.3340
0.3020 0.1680 0.2520 0.4460 0.0000 0.2160 0.2400 0.2510 0.2340 0.2920 0.3160 0.2040 0.3220 0.3320 0.3490 0.3070 0.3360 0.2140 0.3120 0.3840 0.1280
0.3080 0.3280 0.2610 0.2420 0.2160 0.0000 0.3630 0.2690 0.3200 0.4120 0.3540 0.3300 0.4560 0.3080 0.1330 0.4150 0.1290 0.3840 0.3920 0.3690 0.2960
0.3500 0.2750 0.2440 0.3170 0.2400 0.3630 0.0000 0.3260 0.2180 0.2700 0.3920 0.2400 0.3060 0.4140 0.2300 0.3430 0.4410 0.3290 0.2960 0.3680 0.1120
0.1800 0.3140 0.4550 0.4740 0.2510 0.2690 0.3260 0.0000 0.3390 0.4560 0.3260 0.4440 0.3540 0.3720 0.4000 0.3870 0.2430 0.2500 0.5030 0.4360 0.3230
0.2400 0.2690 0.1910 0.4220 0.2340 0.3200 0.2180 0.3390 0.0000 0.1170 0.3300 0.2340 0.2250 0.2840 0.4480 0.3370 0.4350 0.4230 0.2900 0.2280 0.1060
0.3570 0.3270 0.2960 0.4140 0.2920 0.4120 0.2700 0.4560 0.1170 0.0000 0.3450 0.2920 0.1080 0.3350 0.4480 0.2840 0.4930 0.3060 0.3480 0.2680 0.1640
0.3120 0.3090 0.1480 0.3720 0.3160 0.3540 0.3920 0.3260 0.3300 0.3450 0.0000 0.1640 0.3340 0.0460 0.2300 0.0610 0.3650 0.1360 0.3150 0.1930 0.2800
0.4250 0.2910 0.2040 0.3900 0.2040 0.3300 0.2400 0.4440 0.2340 0.2920 0.1640 0.0000 0.3220 0.2100 0.3940 0.1030 0.2010 0.3000 0.3120 0.2300 0.1280
0.3580 0.3100 0.3040 0.3060 0.3220 0.4560 0.3060 0.3540 0.2250 0.1080 0.3340 0.3220 0.0000 0.3800 0.3400 0.3920 0.4290 0.1980 0.3780 0.3760 0.1940
0.2660 0.3550 0.1940 0.3260 0.3320 0.3080 0.4140 0.3720 0.2840 0.3350 0.0460 0.2100 0.3800 0.0000 0.1840 0.1070 0.3880 0.1820 0.3500 0.1470 0.3260
0.2200 0.2840 0.3780 0.3750 0.3490 0.1330 0.2300 0.4000 0.4480 0.4480 0.2300 0.3940 0.3400 0.1840 0.0000 0.2910 0.2620 0.3180 0.4530 0.2360 0.3420
0.3220 0.2480 0.2090 0.3780 0.3070 0.4150 0.3430 0.3870 0.3370 0.2840 0.0610 0.1030 0.3920 0.1070 0.2910 0.0000 0.3040 0.1970 0.2540 0.2540 0.2310
0.2400 0.3740 0.3900 0.3710 0.3360 0.1290 0.4410 0.2430 0.4350 0.4930 0.3650 0.2010 0.4290 0.3880 0.2620 0.3040 0.0000 0.2560 0.5100 0.4310 0.3290
0.4300 0.3820 0.2840 0.2640 0.2140 0.3840 0.3290 0.2500 0.4230 0.3060 0.1360 0.3000 0.1980 0.1820 0.3180 0.1970 0.2560 0.0000 0.4140 0.2320 0.3290
0.4440 0.3470 0.2880 0.1500 0.3120 0.3920 0.2960 0.5030 0.2900 0.3480 0.3150 0.3120 0.3780 0.3500 0.4530 0.2540 0.5100 0.4140 0.0000 0.3440 0.1840
0.3170 0.4190 0.1710 0.1940 0.3840 0.3690 0.3680 0.4360 0.2280 0.2680 0.1930 0.2300 0.3760 0.1470 0.2360 0.2540 0.4310 0.2320 0.3440 0.0000 0.2560
0.2970 0.1630 0.1320 0.3340 0.1280 0.2960 0.1120 0.3230 0.1060 0.1640 0.2800 0.1280 0.1940 0.3260 0.3420 0.2310 0.3290 0.3290 0.1840 0.2560 0.0000

max_dist:
0.0000 0.7880 0.4320 0.4380 0.5760 0.6380 0.4820 0.5780 0.4980 0.6020 0.3580 0.6960 0.7790 0.6560 0.3880 0.3480 0.3360 0.7580 0.5720 0.8360 0.7360
0.7880 0.0000 0.3880 0.6280 0.3370 0.7060 0.7700 0.7060 0.7640 0.7160 0.4300 0.4620 0.3880 0.6440 0.8060 0.5210 0.5900 0.8350 0.7500 0.5310 0.3240
0.4320 0.3880 0.0000 0.6120 0.5940 0.4160 0.6400 0.8360 0.4550 0.7360 0.4610 0.5120 0.4550 0.7240 0.7280 0.6840 0.7680 0.7320 0.4470 0.6000 0.7080
0.4380 0.6280 0.6120 0.0000 0.6350 0.5840 0.6820 0.7660 0.5820 0.6340 0.5760 0.6420 0.6560 0.9280 0.6000 0.7620 0.7260 0.6840 0.4900 0.6050 0.7530
0.5760 0.3370 0.5940 0.6350 0.0000 0.5500 0.5070 0.4980 0.7530 0.8890 0.7670 0.3350 0.5230 0.4650 0.7940 0.6600 0.4160 0.6780 0.7340 0.5840 0.4940
0.6380 0.7060 0.4160 0.5840 0.5500 0.0000 0.6440 0.5590 0.3960 0.4420 0.7820 0.6600 0.8710 0.5250 0.9420 0.5580 0.6820 0.5100 0.6660 0.8140 0.5740
0.4820 0.7700 0.6400 0.6820 0.5070 0.6440 0.0000 0.5170 0.6610 0.5360 0.8100 0.5280 0.5680 0.6760 0.6260 0.7340 0.7400 0.3460 0.8030 0.6500 0.6690
0.5780 0.7060 0.8360 0.7660 0.4980 0.5590 0.5170 0.0000 0.6680 0.7600 0.3980 0.7120 0.7500 0.5640 0.5680 0.6980 0.4820 0.3980 0.5700 0.7020 0.3820
0.4980 0.7640 0.4550 0.5820 0.7530 0.3960 0.6610 0.6680 0.0000 0.6200 0.5960 0.8520 0.7260 0.3500 0.6090 0.8290 0.8280 0.5540 0.4460 0.4840 0.6760
0.6020 0.7160 0.7360 0.6340 0.8890 0.4420 0.5360 0.7600 0.6200 0.0000 0.8100 0.8200 0.6440 0.4460 0.6090 0.5740 0.5680 0.5630 0.7840 0.5720 0.5830
0.3580 0.4300 0.4610 0.5760 0.7670 0.7820 0.8100 0.3980 0.5960 0.8100 0.0000 0.8560 0.4650 0.5840 0.5180 0.5470 0.6800 0.7820 0.6650 0.4780 0.3780
0.6960 0.4620 0.5120 0.6420 0.3350 0.6600 0.5280 0.7120 0.8520 0.8200 0.8560 0.0000 0.6960 0.5710 0.6700 0.6640 0.6920 0.7550 0.6200 0.6320 0.4780
0.7790 0.3880 0.4550 0.6560 0.5230 0.8710 0.5680 0.7500 0.7260 0.6440 0.4650 0.6960 0.0000 0.6300 0.4380 0.7820 0.8610 0.7580 0.5480 0.5520 0.4900
0.6560 0.6440 0.7240 0.9280 0.4650 0.5250 0.6760 0.5640 0.3500 0.4460 0.5840 0.5710 0.6300 0.0000 0.5260 0.5220 0.7470 0.5800 0.4600 0.7270 0.7020
0.3880 0.8060 0.7280 0.6000 0.7940 0.9420 0.6260 0.5680 0.6090 0.6090 0.5180 0.6700 0.4380 0.5260 0.0000 0.7360 0.7240 0.7570 0.5460 0.6420 0.7960
0.3480 0.5210 0.6840 0.7620 0.6600 0.5580 0.7340 0.6980 0.8290 0.5740 0.5470 0.6640 0.7820 0.5220 0.7360 0.0000 0.5360 0.5560 0.5600 0.5190 0.5900
0.3360 0.5900 0.7680 0.7260 0.4160 0.6820 0.7400 0.4820 0.8280 0.5680 0.6800 0.6920 0.8610 0.7470 0.7240 0.5360 0.0000 0.5820 0.8420 0.7490 0.5900
0.7580 0.8350 0.7320 0.6840 0.6780 0.5100 0.3460 0.3980 0.5540 0.5630 0.7820 0.7550 0.7580 0.5800 0.7570 0.5560 0.5820 0.0000 0.6290 0.3040 0.6180
0.5720 0.7500 0.4470 0.4900 0.7340 0.6660 0.8030 0.5700 0.4460 0.7840 0.6650 0.6200 0.5480 0.4600 0.5460 0.5600 0.8420 0.6290 0.0000 0.7550 0.4260
0.8360 0.5310 0.6000 0.6050 0.5840 0.8140 0.6500 0.7020 0.4840 0.5720 0.4780 0.6320 0.5520 0.7270 0.6420 0.5190 0.7490 0.3040 0.7550 0.0000 0.3290
0.7360 0.3240 0.7080 0.7530 0.4940 0.5740 0.6690 0.3820 0.6760 0.5830 0.3780 0.4780 0.4900 0.7020 0.7960 0.5900 0.5900 0.6180 0.4260 0.3290 0.0000

--- Contains 5 samples ---

--- Sample 1 ---
node_demand:
0.2667
0.2000
0.0667
0.1000
0.2000
0.1000
0.1667
0.1333
0.2667
0.3000
0.2000
0.2667
0.2333
0.0333
0.1667
0.1333
0.1333
0.3000
0.0333
0.2000

dist_matrix:
0.0000 0.2941 0.3330 0.3634 0.4858 0.4812 0.4601 0.2467 0.3378 0.4286 0.3391 0.6246 0.4312 0.3131 0.3404 0.3356 0.2527 0.6376 0.5469 0.3342 0.6160
0.6298 0.0000 0.3085 0.3356 0.2003 0.5561 0.6502 0.4864 0.7105 0.3533 0.4234 0.3151 0.3754 0.5543 0.3050 0.3885 0.4714 0.6962 0.4024 0.5161 0.2607
0.3528 0.2540 0.0000 0.3676 0.3856 0.4135 0.4053 0.6845 0.3424 0.6742 0.2729 0.3721 0.4469 0.5603 0.4583 0.6359 0.4884 0.5440 0.3627 0.2602 0.5305
0.3632 0.5083 0.6064 0.0000 0.4609 0.3745 0.5220 0.4884 0.5813 0.4290 0.5448 0.3965 0.3144 0.4104 0.4818 0.5497 0.6798 0.5966 0.2589 0.5159 0.4833
0.4804 0.2541 0.2540 0.5692 0.0000 0.4263 0.2426 0.4009 0.3313 0.8087 0.5012 0.2885 0.4582 0.4568 0.7826 0.4265 0.3399 0.4773 0.6327 0.5767 0.4344
0.6105 0.3680 0.3508 0.4201 0.5090 0.0000 0.3811 0.4076 0.3915 0.4195 0.6307 0.4429 0.8232 0.4549 0.8045 0.5089 0.2801 0.4071 0.5197 0.3919 0.4866
0.4642 0.2934 0.6322 0.4602 0.2698 0.3702 0.0000 0.4988 0.4165 0.2970 0.5398 0.3317 0.3660 0.4823 0.3622 0.4504 0.4844 0.3459 0.3528 0.4983 0.1737
0.3776 0.3531 0.6066 0.7238 0.4785 0.4812 0.3801 0.0000 0.4258 0.7259 0.3382 0.6898 0.5034 0.5187 0.5477 0.4704 0.3177 0.3234 0.5264 0.5534 0.3244
0.4971 0.5581 0.2953 0.4394 0.3250 0.3532 0.5850 0.5744 0.0000 0.5881 0.4795 0.6921 0.5315 0.3128 0.5264 0.4964 0.4606 0.4848 0.3495 0.2610 0.2965
0.4684 0.4398 0.2984 0.5091 0.4267 0.4252 0.3162 0.4687 0.4432 0.0000 0.4003 0.5372 0.1861 0.4120 0.5639 0.5139 0.5556 0.5525 0.4231 0.4106 0.3786
0.3399 0.3661 0.4341 0.4976 0.6775 0.7408 0.8023 0.3787 0.3610 0.5694 0.0000 0.7590 0.4473 0.5762 0.3258 0.3654 0.5938 0.2679 0.3412 0.2364 0.3164
0.5771 0.4295 0.4579 0.5631 0.2238 0.4318 0.4746 0.6268 0.3196 0.3412 0.2518 0.0000 0.6823 0.2816 0.4281 0.4024 0.2201 0.6196 0.6090 0.6237 0.2594
0.4748 0.3743 0.3257 0.4349 0.5119 0.6424 0.3350 0.4793 0.4825 0.6198 0.3342 0.6035 0.0000 0.6227 0.3830 0.5768 0.5953 0.6743 0.5298 0.4844 0.2760
0.3645 0.5458 0.2235 0.7377 0.4213 0.4249 0.4730 0.4647 0.2883 0.3498 0.3281 0.3627 0.4682 0.0000 0.2736 0.2697 0.5586 0.4976 0.4470 0.6005 0.4190
0.3504 0.7284 0.4558 0.4777 0.5052 0.3783 0.4324 0.4715 0.4736 0.5886 0.3103 0.4617 0.3573 0.4034 0.0000 0.4595 0.7074 0.7210 0.5430 0.5619 0.4073
0.3324 0.4191 0.3920 0.5064 0.6317 0.4655 0.3541 0.5969 0.7148 0.5459 0.2206 0.1869 0.5934 0.4523 0.5973 0.0000 0.4234 0.4613 0.4828 0.2882 0.3752
0.3157 0.5228 0.7431 0.5043 0.3487 0.3570 0.5424 0.2650 0.8003 0.5249 0.6604 0.5650 0.4783 0.5766 0.6160 0.4486 0.0000 0.5758 0.7564 0.5131 0.4796
0.6495 0.6947 0.6315 0.5569 0.3445 0.4722 0.3313 0.2527 0.4575 0.3070 0.4829 0.4344 0.4206 0.4649 0.4008 0.2394 0.5462 0.0000 0.4854 0.2829 0.4860
0.4547 0.7281 0.3131 0.3251 0.3393 0.6214 0.7964 0.5114 0.3341 0.6128 0.5510 0.5737 0.5087 0.4007 0.5153 0.3017 0.6071 0.4565 0.0000 0.3820 0.3599
0.3811 0.4776 0.5444 0.2361 0.5358 0.4103 0.4860 0.4417 0.3206 0.3254 0.3309 0.4913 0.4333 0.1775 0.5525 0.2715 0.5336 0.3019 0.5845 0.0000 0.3287
0.6650 0.2812 0.4679 0.3648 0.3384 0.3516 0.6410 0.3592 0.3526 0.3450 0.3495 0.1591 0.4396 0.3277 0.7103 0.4425 0.4315 0.4210 0.3360 0.2587 0.0000

--- Sample 2 ---
node_demand:
0.2667
0.2000
0.0667
0.1000
0.2000
0.1000
0.1667
0.1333
0.2667
0.3000
0.2000
0.2667
0.2333
0.0333
0.1667
0.1333
0.1333
0.3000
0.0333
0.2000

dist_matrix:
0.0000 0.4667 0.3485 0.4356 0.3089 0.5780 0.4300 0.5173 0.4401 0.4203 0.3557 0.6156 0.6741 0.3321 0.3163 0.3447 0.2772 0.4920 0.4442 0.8208 0.6103
0.2932 0.0000 0.3108 0.3187 0.2991 0.5230 0.5497 0.5003 0.5446 0.7128 0.3257 0.3169 0.3698 0.4812 0.6648 0.2731 0.4238 0.4783 0.4619 0.4316 0.1750
0.4271 0.2903 0.0000 0.4682 0.3003 0.2783 0.4044 0.7090 0.3818 0.6619 0.2955 0.3477 0.3729 0.2571 0.6662 0.3515 0.6398 0.4339 0.3395 0.2912 0.4249
0.3929 0.6064 0.6016 0.0000 0.6089 0.4043 0.4208 0.6626 0.4453 0.5093 0.3782 0.4281 0.4613 0.3917 0.5963 0.4572 0.5188 0.3678 0.4436 0.2498 0.4662
0.3977 0.2928 0.3722 0.5236 0.0000 0.4017 0.2707 0.3966 0.4581 0.2959 0.5934 0.2890 0.4986 0.4397 0.4255 0.5150 0.4051 0.2624 0.4485 0.5738 0.3810
0.4844 0.4602 0.3829 0.5472 0.2548 0.0000 0.5724 0.4239 0.3925 0.4236 0.7647 0.5813 0.7936 0.4531 0.2743 0.5039 0.3245 0.4238 0.4759 0.8108 0.5668
0.4805 0.6876 0.4450 0.4170 0.3260 0.5872 0.0000 0.4317 0.6480 0.4721 0.6544 0.3608 0.4088 0.5967 0.5248 0.3767 0.6459 0.3369 0.5437 0.5327 0.2470
0.4311 0.4339 0.7340 0.7158 0.2512 0.4145 0.4224 0.0000 0.5025 0.5145 0.3569 0.5447 0.4224 0.3930 0.4248 0.4800 0.4787 0.3846 0.5507 0.5342 0.3608
0.4197 0.4073 0.3050 0.5608 0.6793 0.3539 0.5973 0.4177 0.0000 0.2388 0.3400 0.8462 0.5042 0.3083 0.4483 0.7470 0.7347 0.4641 0.3241 0.2839 0.3083
0.5771 0.4348 0.3139 0.4642 0.4934 0.4150 0.4105 0.5193 0.3989 0.0000 0.5809 0.7808 0.3834 0.4048 0.4922 0.3636 0.5359 0.4414 0.7441 0.3508 0.5395
0.3477 0.3624 0.2238 0.4510 0.3869 0.7465 0.4097 0.3740 0.3943 0.7259 0.0000 0.8225 0.4246 0.3839 0.3185 0.2570 0.4156 0.7414 0.4025 0.4423 0.3733
0.6213 0.4605 0.2153 0.5928 0.3237 0.5551 0.4426 0.5152 0.4130 0.3755 0.5202 0.0000 0.4491 0.3338 0.5487 0.2554 0.2824 0.4363 0.3526 0.2956 0.3869
0.3997 0.3862 0.4518 0.3712 0.4946 0.6237 0.3876 0.4726 0.2466 0.5407 0.3475 0.6511 0.0000 0.4826 0.4120 0.3971 0.8276 0.2139 0.5308 0.5156 0.2014
0.6175 0.6040 0.3302 0.6766 0.3571 0.3939 0.6487 0.4126 0.3119 0.3748 0.1260 0.2275 0.4446 0.0000 0.3236 0.5173 0.6870 0.2406 0.4303 0.3089 0.5862
0.3241 0.6626 0.4812 0.5454 0.4851 0.9329 0.4791 0.4122 0.4695 0.4712 0.3742 0.6019 0.4342 0.5256 0.0000 0.3379 0.3255 0.7339 0.4852 0.6275 0.6457
0.3276 0.2737 0.4190 0.7065 0.5540 0.4430 0.5440 0.4205 0.6938 0.3043 0.3644 0.2820 0.5003 0.2439 0.4773 0.0000 0.3929 0.4853 0.4840 0.4475 0.3479
0.2895 0.4698 0.6634 0.5157 0.3977 0.4592 0.4548 0.4654 0.7863 0.5377 0.4800 0.5240 0.7615 0.5425 0.3492 0.3910 0.0000 0.3947 0.7045 0.5778 0.4359
0.6887 0.7682 0.6436 0.4073 0.3876 0.4393 0.3308 0.2634 0.5522 0.5159 0.2334 0.5703 0.5667 0.5566 0.5617 0.2099 0.5578 0.0000 0.5561 0.2937 0.4189
0.5566 0.4179 0.2986 0.4595 0.7003 0.5655 0.6637 0.5098 0.4297 0.6910 0.6482 0.5706 0.4477 0.4012 0.5360 0.3947 0.7782 0.5348 0.0000 0.5182 0.2690
0.6134 0.4965 0.2052 0.5244 0.5742 0.6522 0.5278 0.6848 0.2440 0.3886 0.4164 0.5460 0.4105 0.5474 0.3401 0.4967 0.6540 0.2748 0.3580 0.0000 0.2770
0.3153 0.3069 0.4844 0.7038 0.3663 0.4271 0.6685 0.3804 0.3599 0.1836 0.3683 0.1360 0.3768 0.4108 0.4705 0.5641 0.4616 0.4961 0.1868 0.2618 0.0000

--- Sample 3 ---
node_demand:
0.2667
0.2000
0.0667
0.1000
0.2000
0.1000
0.1667
0.1333
0.2667
0.3000
0.2000
0.2667
0.2333
0.0333
0.1667
0.1333
0.1333
0.3000
0.0333
0.2000

dist_matrix:
0.0000 0.5515 0.3878 0.3672 0.3193 0.5906 0.4308 0.2321 0.3354 0.5223 0.3322 0.5538 0.6272 0.5057 0.3453 0.3438 0.2993 0.6721 0.4693 0.5919 0.4793
0.1932 0.0000 0.3501 0.6264 0.2106 0.6381 0.6505 0.5246 0.6428 0.4792 0.3324 0.4603 0.3507 0.6276 0.5002 0.4228 0.5398 0.7328 0.6242 0.4969 0.2043
0.3524 0.3839 0.0000 0.5501 0.5449 0.2996 0.3257 0.4699 0.2129 0.4377 0.3278 0.4140 0.3070 0.5313 0.3845 0.3046 0.5301 0.6487 0.3236 0.4301 0.1475
0.3471 0.3855 0.4168 0.0000 0.5441 0.5537 0.3356 0.5553 0.4504 0.4225 0.4844 0.4135 0.5670 0.7188 0.4748 0.5906 0.7166 0.4249 0.4366 0.5297 0.4357
0.5209 0.2534 0.2824 0.5930 0.0000 0.4922 0.3649 0.4176 0.4759 0.3846 0.3789 0.2376 0.4299 0.4198 0.6325 0.5297 0.3401 0.2784 0.6816 0.5576 0.1367
0.5353 0.6624 0.2949 0.2872 0.4439 0.0000 0.5996 0.3693 0.3890 0.4189 0.4071 0.5085 0.7286 0.4407 0.2668 0.4612 0.5245 0.3905 0.4460 0.4768 0.5691
0.4780 0.3876 0.2509 0.3918 0.2545 0.5757 0.0000 0.4282 0.2798 0.3764 0.6915 0.3919 0.3396 0.6476 0.3360 0.3804 0.5303 0.3363 0.5041 0.4031 0.3116
0.4618 0.3729 0.5869 0.5971 0.2928 0.2793 0.3857 0.0000 0.3850 0.4995 0.3542 0.5913 0.4928 0.4688 0.5567 0.6495 0.2497 0.3668 0.5143 0.4905 0.3803
0.4602 0.6152 0.3200 0.4758 0.3313 0.3758 0.3364 0.4890 0.0000 0.3145 0.3927 0.6364 0.5590 0.3215 0.4526 0.8055 0.4981 0.4651 0.3342 0.3139 0.3527
0.5668 0.3874 0.3294 0.5551 0.8419 0.4413 0.4646 0.5489 0.4548 0.0000 0.3464 0.5273 0.4329 0.4166 0.5559 0.5071 0.5378 0.5481 0.5197 0.4930 0.2354
0.3254 0.3458 0.1762 0.5289 0.5159 0.5752 0.7070 0.3601 0.3338 0.5947 0.0000 0.6338 0.3633 0.1678 0.4093 0.4021 0.5114 0.5298 0.6294 0.2401 0.3137
0.4380 0.4119 0.4886 0.5091 0.2664 0.4732 0.4401 0.4870 0.2707 0.3503 0.5797 0.0000 0.5303 0.3782 0.5841 0.5783 0.5320 0.3915 0.5179 0.4208 0.4553
0.4981 0.3307 0.3921 0.4764 0.4212 0.6216 0.5338 0.4149 0.6372 0.3515 0.4527 0.4394 0.0000 0.4198 0.3414 0.7704 0.6909 0.2946 0.4346 0.4357 0.4298
0.3000 0.4942 0.3097 0.6548 0.4408 0.3651 0.5010 0.4667 0.3282 0.3469 0.4036 0.4226 0.4040 0.0000 0.4988 0.4367 0.5095 0.1924 0.4277 0.2352 0.5001
0.2224 0.4321 0.5789 0.5130 0.7085 0.4691 0.3068 0.5125 0.5153 0.5618 0.3393 0.6055 0.3435 0.5034 0.0000 0.3809 0.5419 0.5060 0.5317 0.2424 0.3436
0.3263 0.4300 0.3022 0.6196 0.4999 0.4916 0.6119 0.4164 0.4910 0.4456 0.5351 0.6341 0.7347 0.2402 0.3407 0.0000 0.3207 0.2660 0.5242 0.4037 0.3842
0.2981 0.4748 0.4214 0.4271 0.3791 0.4191 0.5649 0.4343 0.7978 0.5261 0.6384 0.4862 0.4376 0.5944 0.4723 0.4413 0.0000 0.4820 0.6696 0.5028 0.3666
0.6998 0.4435 0.4593 0.5549 0.6442 0.4629 0.3372 0.3626 0.4673 0.5389 0.5359 0.3765 0.2644 0.5297 0.3281 0.5426 0.5120 0.0000 0.4288 0.2806 0.5589
0.5706 0.7237 0.3026 0.4304 0.5489 0.6610 0.5873 0.5155 0.3391 0.6678 0.6075 0.3174 0.4898 0.3816 0.4676 0.4273 0.6780 0.5882 0.0000 0.6100 0.2659
0.7264 0.5018 0.5085 0.5468 0.4324 0.5337 0.5739 0.6850 0.4250 0.4026 0.3164 0.2986 0.4912 0.5650 0.5695 0.2560 0.4597 0.2893 0.7431 0.0000 0.3011
0.4038 0.2087 0.4098 0.3791 0.1860 0.5414 0.4257 0.3721 0.6483 0.2847 0.3492 0.2242 0.3863 0.5633 0.6547 0.3352 0.5428 0.3709 0.4193 0.3056 0.0000

--- Sample 4 ---
node_demand:
0.2667
0.2000
0.0667
0.1000
0.2000
0.1000
0.1667
0.1333
0.2667
0.3000
0.2000
0.2667
0.2333
0.0333
0.1667
0.1333
0.1333
0.3000
0.0333
0.2000

dist_matrix:
0.0000 0.6635 0.3909 0.4063 0.5605 0.4753 0.3641 0.2179 0.3663 0.5985 0.3150 0.6718 0.6691 0.3303 0.2490 0.3287 0.3216 0.5565 0.5100 0.5767 0.7246
0.7753 0.0000 0.3707 0.4850 0.2049 0.6537 0.3000 0.4098 0.5322 0.4455 0.3779 0.3559 0.3127 0.4894 0.4533 0.4095 0.5047 0.7848 0.5600 0.4546 0.3121
0.3769 0.3702 0.0000 0.4258 0.5742 0.2883 0.5591 0.8182 0.2381 0.6073 0.4102 0.2920 0.4056 0.2662 0.3958 0.2875 0.7147 0.5200 0.3154 0.3308 0.4657
0.3296 0.6100 0.5963 0.0000 0.5618 0.3006 0.6462 0.5108 0.5188 0.5605 0.4475 0.4639 0.5155 0.8343 0.5592 0.7296 0.7246 0.3412 0.4124 0.3497 0.3730
0.3165 0.3352 0.4522 0.5421 0.0000 0.3891 0.4428 0.3755 0.4114 0.6920 0.6535 0.2330 0.3942 0.4029 0.4958 0.3308 0.3388 0.6127 0.7241 0.4396 0.4434
0.6105 0.5033 0.3578 0.2892 0.4054 0.0000 0.5132 0.4539 0.3436 0.4229 0.4639 0.3809 0.7255 0.5049 0.6792 0.4828 0.6163 0.3923 0.5396 0.4649 0.5137
0.3988 0.4548 0.4172 0.5035 0.4683 0.3697 0.0000 0.3893 0.5574 0.4227 0.7443 0.5077 0.4283 0.4267 0.3115 0.6428 0.4646 0.3448 0.5370 0.4965 0.5248
0.4726 0.6957 0.5872 0.5235 0.3052 0.4371 0.4845 0.0000 0.3663 0.5503 0.3469 0.6764 0.5646 0.3957 0.4992 0.6338 0.3476 0.3557 0.5697 0.5062 0.3365
0.2612 0.4547 0.2218 0.4328 0.5706 0.3931 0.3874 0.6199 0.0000 0.1174 0.3628 0.3922 0.5930 0.3195 0.5874 0.5811 0.7255 0.5429 0.3826 0.2609 0.2660
0.5049 0.4270 0.4416 0.5955 0.5516 0.4415 0.4396 0.5879 0.5874 0.0000 0.7210 0.7493 0.4864 0.3841 0.4523 0.5063 0.5303 0.4707 0.6364 0.2754 0.4168
0.3562 0.4162 0.4321 0.5035 0.4549 0.3978 0.5864 0.3265 0.3700 0.5608 0.0000 0.4934 0.4274 0.3673 0.2688 0.1637 0.5039 0.7546 0.3877 0.3844 0.3411
0.6895 0.4121 0.3198 0.4431 0.2646 0.6322 0.3638 0.5621 0.4375 0.3766 0.3797 0.0000 0.3820 0.3375 0.4582 0.5885 0.3713 0.5455 0.3203 0.2438 0.2627
0.4693 0.3121 0.4193 0.6032 0.4565 0.7647 0.3862 0.5890 0.2553 0.3903 0.3639 0.6616 0.0000 0.4590 0.3861 0.7211 0.6682 0.2231 0.3913 0.3958 0.2111
0.3846 0.4308 0.5537 0.8333 0.4030 0.3307 0.5816 0.4942 0.2882 0.3921 0.5568 0.2341 0.4440 0.0000 0.4379 0.5001 0.5059 0.4597 0.4170 0.7080 0.3926
0.2929 0.5622 0.6997 0.4089 0.4490 0.5220 0.4775 0.5502 0.5027 0.5143 0.2863 0.4337 0.3438 0.5042 0.0000 0.5251 0.4970 0.5942 0.5053 0.5827 0.4587
0.3406 0.3063 0.5069 0.6382 0.4519 0.4995 0.3680 0.5376 0.5176 0.5653 0.4613 0.3399 0.6138 0.5083 0.6993 0.0000 0.3158 0.3534 0.4290 0.4648 0.2818
0.2467 0.4917 0.5692 0.5886 0.3962 0.6521 0.5935 0.3518 0.5677 0.5476 0.4450 0.3098 0.7404 0.7213 0.5159 0.4590 0.0000 0.5117 0.8160 0.6516 0.4041
0.6717 0.6798 0.4824 0.5705 0.2537 0.4256 0.3384 0.3460 0.5521 0.4468 0.5601 0.5959 0.4303 0.5115 0.6336 0.3794 0.4226 0.0000 0.5861 0.2847 0.4190
0.4477 0.5506 0.3303 0.3003 0.5184 0.5840 0.4341 0.5152 0.4109 0.4418 0.5187 0.3631 0.5113 0.4549 0.4538 0.2971 0.5417 0.5378 0.0000 0.5065 0.3140
0.7186 0.5270 0.4561 0.3815 0.5118 0.7537 0.6240 0.6469 0.3748 0.2689 0.2868 0.6074 0.4605 0.4931 0.5571 0.3394 0.5195 0.2731 0.5737 0.0000 0.2993
0.6295 0.2211 0.5145 0.3916 0.2115 0.5738 0.3595 0.3528 0.2667 0.2446 0.3425 0.3274 0.2467 0.5152 0.3915 0.5011 0.4866 0.3821 0.3216 0.3148 0.0000

--- Sample 5 ---
node_demand:
0.2667
0.2000
0.0667
0.1000
0.2000
0.1000
0.1667
0.1333
0.2667
0.3000
0.2000
0.2667
0.2333
0.0333
0.1667
0.1333
0.1333
0.3000
0.0333
0.2000

dist_matrix:
0.0000 0.3295 0.3640 0.3271 0.3679 0.3831 0.3810 0.2800 0.3021 0.5805 0.3412 0.6402 0.6715 0.6138 0.3293 0.3236 0.2736 0.5457 0.4519 0.7184 0.7354
0.3026 0.0000 0.3854 0.5221 0.2438 0.4339 0.5367 0.4817 0.3368 0.3372 0.4033 0.3200 0.3258 0.5134 0.3073 0.4076 0.4992 0.6204 0.6826 0.4409 0.2723
0.3530 0.2775 0.0000 0.5136 0.5529 0.4079 0.4882 0.8200 0.4024 0.3348 0.2590 0.2474 0.3797 0.5687 0.6266 0.3389 0.6902 0.4537 0.3036 0.5222 0.6439
0.3640 0.5586 0.5585 0.0000 0.5635 0.2809 0.4476 0.5622 0.5200 0.5716 0.4119 0.4970 0.5089 0.3831 0.5312 0.5611 0.4967 0.5366 0.4291 0.5187 0.6139
0.3070 0.1994 0.2544 0.5659 0.0000 0.5237 0.3063 0.3597 0.6017 0.6693 0.7525 0.2299 0.3724 0.3759 0.4368 0.3248 0.3377 0.6570 0.4465 0.5476 0.3896
0.4596 0.6133 0.3625 0.5770 0.2882 0.0000 0.4434 0.2726 0.3740 0.4122 0.4056 0.3964 0.8541 0.4308 0.3452 0.5433 0.4105 0.4214 0.4828 0.7535 0.4116
0.3754 0.4473 0.5507 0.5574 0.4321 0.3828 0.0000 0.3833 0.3726 0.3712 0.5993 0.2621 0.3362 0.5172 0.5744 0.5141 0.7200 0.3385 0.7176 0.4122 0.2614
0.5423 0.3789 0.6171 0.7425 0.3972 0.4657 0.3800 0.0000 0.4822 0.6666 0.3559 0.5804 0.3756 0.4013 0.4380 0.4287 0.4523 0.3302 0.5491 0.6808 0.3596
0.2582 0.4386 0.3113 0.4322 0.3793 0.3647 0.2687 0.4207 0.0000 0.2017 0.4820 0.4905 0.2549 0.3323 0.5967 0.7726 0.5489 0.5246 0.4292 0.3749 0.2776
0.4757 0.6138 0.4860 0.6302 0.6275 0.4384 0.4848 0.6861 0.3759 0.0000 0.4066 0.8082 0.3674 0.3938 0.4780 0.2910 0.5518 0.5108 0.3631 0.3620 0.3143
0.3519 0.3833 0.2647 0.4793 0.3387 0.6350 0.5562 0.3474 0.5154 0.6690 0.0000 0.4420 0.3353 0.2528 0.3434 0.3669 0.6757 0.4383 0.3210 0.4649 0.3484
0.5033 0.3601 0.4179 0.4879 0.2278 0.3996 0.3248 0.6784 0.6225 0.3353 0.8421 0.0000 0.3420 0.4814 0.5046 0.2947 0.3255 0.3478 0.3914 0.5908 0.3410
0.7385 0.3314 0.3287 0.5416 0.4160 0.5881 0.4442 0.3974 0.5063 0.4542 0.4348 0.6311 0.0000 0.5046 0.3700 0.5523 0.5095 0.6020 0.5345 0.4927 0.4782
0.5683 0.5383 0.5710 0.5248 0.4126 0.3397 0.4719 0.4828 0.2994 0.4320 0.2421 0.5164 0.5749 0.0000 0.3866 0.5197 0.6267 0.3892 0.3696 0.6039 0.6081
0.3404 0.4226 0.6513 0.5470 0.6726 0.7996 0.2308 0.4557 0.5034 0.4884 0.2335 0.6067 0.4271 0.2792 0.0000 0.5769 0.6442 0.5426 0.4963 0.5979 0.5696
0.3362 0.4233 0.5926 0.6610 0.3909 0.4813 0.4814 0.5219 0.3432 0.3782 0.1651 0.4792 0.5179 0.1497 0.4228 0.0000 0.4999 0.4352 0.4251 0.3324 0.5890
0.2502 0.5796 0.5065 0.4988 0.3850 0.2494 0.6319 0.4529 0.5282 0.5076 0.6503 0.5208 0.8409 0.5290 0.4172 0.3096 0.0000 0.3696 0.5696 0.5121 0.5751
0.6130 0.6146 0.4259 0.2808 0.4217 0.5000 0.3323 0.3659 0.5221 0.3823 0.5934 0.4619 0.4863 0.3058 0.4662 0.4944 0.5034 0.0000 0.6024 0.2481 0.4790
0.4957 0.4323 0.3186 0.2351 0.6923 0.5695 0.5273 0.5272 0.3958 0.6265 0.6620 0.4388 0.4319 0.3586 0.5402 0.3560 0.7644 0.5413 0.0000 0.4151 0.3119
0.3720 0.4995 0.4667 0.3889 0.4718 0.5154 0.4085 0.6354 0.4608 0.5676 0.3693 0.2614 0.4378 0.3707 0.4670 0.4006 0.6699 0.2786 0.3965 0.0000 0.3046
0.6582 0.2681 0.6710 0.7291 0.1469 0.5325 0.2587 0.3813 0.2168 0.3755 0.3772 0.3041 0.2806 0.6477 0.7373 0.3147 0.5175 0.4844 0.3198 0.2847 0.0000
