min_dist:
0.0000 0.1680 0.3600 0.0380 0.1200 0.2560 0.2940 0.3000 0.1580 0.2550 0.2030 0.2300 0.2920 0.1360 0.2720 0.2110 0.2740 0.4440 0.3470 0.2930 0.1810
0.1680 0.0000 0.3110 0.1300 0.2120 0.4240 0.3020 0.2510 0.2710 0.2340 0.2720 0.3150 0.1240 0.2280 0.1380 0.1620 0.3660 0.2760 0.3680 0.2520 0.2500
0.3600 0.3110 0.0000 0.3220 0.2400 0.3220 0.2860 0.0600 0.4610 0.3720 0.2120 0.3540 0.3730 0.2980 0.4340 0.1490 0.4000 0.3880 0.3380 0.2910 0.2340
0.0380 0.1300 0.3220 0.0000 0.0820 0.2940 0.2970 0.2620 0.1960 0.2170 0.1650 0.1920 0.2540 0.0980 0.2340 0.1730 0.2360 0.4060 0.3090 0.2550 0.1430
0.1200 0.2120 0.2400 0.0820 0.0000 0.2120 0.2150 0.1800 0.2780 0.2510 0.1350 0.2400 0.2520 0.1800 0.3160 0.0910 0.2790 0.3400 0.3910 0.3030 0.1130
0.2560 0.4240 0.3220 0.2940 0.2120 0.0000 0.3060 0.2620 0.4140 0.2020 0.3470 0.2420 0.4140 0.3920 0.3250 0.3030 0.1810 0.3470 0.2660 0.2860 0.3250
0.2940 0.3020 0.2860 0.2970 0.2150 0.3060 0.0000 0.3460 0.4440 0.3990 0.3430 0.4550 0.4260 0.2010 0.1640 0.3060 0.3460 0.5440 0.3940 0.5180 0.3280
0.3000 0.2510 0.0600 0.2620 0.1800 0.2620 0.3460 0.0000 0.4010 0.3120 0.1520 0.2940 0.3130 0.2940 0.3780 0.0890 0.3400 0.4480 0.2780 0.2310 0.1740
0.1580 0.2710 0.4610 0.1960 0.2780 0.4140 0.4440 0.4010 0.0000 0.4130 0.3610 0.3880 0.3940 0.2530 0.3890 0.3120 0.3040 0.3460 0.3560 0.4510 0.3390
0.2550 0.2340 0.3720 0.2170 0.2510 0.2020 0.3990 0.3120 0.4130 0.0000 0.1600 0.2820 0.2770 0.3020 0.3720 0.2340 0.3040 0.2940 0.3530 0.2220 0.1380
0.2030 0.2720 0.2120 0.1650 0.1350 0.3470 0.3430 0.1520 0.3610 0.1600 0.0000 0.2670 0.1610 0.1420 0.2780 0.1180 0.1880 0.3860 0.2800 0.2890 0.0220
0.2300 0.3150 0.3540 0.1920 0.2400 0.2420 0.4550 0.2940 0.3880 0.2820 0.2670 0.0000 0.1910 0.2900 0.4240 0.2950 0.2910 0.3660 0.1940 0.0630 0.2890
0.2920 0.1240 0.3730 0.2540 0.2520 0.4140 0.4260 0.3130 0.3940 0.2770 0.1610 0.1910 0.0000 0.3030 0.2620 0.2350 0.3050 0.4000 0.2590 0.1280 0.1390
0.1360 0.2280 0.2980 0.0980 0.1800 0.3920 0.2010 0.2940 0.2530 0.3020 0.1420 0.2900 0.3030 0.0000 0.1360 0.2380 0.3300 0.4860 0.3660 0.3530 0.1640
0.2720 0.1380 0.4340 0.2340 0.3160 0.3250 0.1640 0.3780 0.3890 0.3720 0.2780 0.4240 0.2620 0.1360 0.0000 0.3000 0.4080 0.4140 0.2300 0.3610 0.2780
0.2110 0.1620 0.1490 0.1730 0.0910 0.3030 0.3060 0.0890 0.3120 0.2340 0.1180 0.2950 0.2350 0.2380 0.3000 0.0000 0.2620 0.4310 0.3630 0.2320 0.0960
0.2740 0.3660 0.4000 0.2360 0.2790 0.1810 0.3460 0.3400 0.3040 0.3040 0.1880 0.2910 0.3050 0.3300 0.4080 0.2620 0.0000 0.1980 0.4400 0.3260 0.1660
0.4440 0.2760 0.3880 0.4060 0.3400 0.3470 0.5440 0.4480 0.3460 0.2940 0.3860 0.3660 0.4000 0.4860 0.4140 0.4310 0.1980 0.0000 0.2420 0.3040 0.3640
0.3470 0.3680 0.3380 0.3090 0.3910 0.2660 0.3940 0.2780 0.3560 0.3530 0.2800 0.1940 0.2590 0.3660 0.2300 0.3630 0.4400 0.2420 0.0000 0.1310 0.3020
0.2930 0.2520 0.2910 0.2550 0.3030 0.2860 0.5180 0.2310 0.4510 0.2220 0.2890 0.0630 0.1280 0.3530 0.3610 0.2320 0.3260 0.3040 0.1310 0.0000 0.2670
0.1810 0.2500 0.2340 0.1430 0.1130 0.3250 0.3280 0.1740 0.3390 0.1380 0.0220 0.2890 0.1390 0.1640 0.2780 0.0960 0.1660 0.3640 0.3020 0.2670 0.0000

max_dist:
0.0000 0.3780 0.5440 0.3700 0.4110 0.8000 0.6720 0.7340 0.4660 0.5080 0.6840 0.5500 0.5620 0.7130 0.5400 0.5900 0.5200 0.5440 0.8080 0.4790 0.6500
0.3780 0.0000 0.5500 0.7310 0.5740 0.7660 0.7740 0.5540 0.5500 0.7490 0.5180 0.6580 0.1840 0.6480 0.2820 0.2930 0.6380 0.4580 0.5850 0.5710 0.5000
0.5440 0.5500 0.0000 0.7720 0.6270 0.6080 0.7830 0.7180 0.8610 0.6430 0.5890 0.6690 0.5860 0.5120 0.6960 0.5360 0.5960 0.5700 0.6020 0.5910 0.3450
0.3700 0.7310 0.7720 0.0000 0.3560 0.4640 0.6260 0.3660 0.7920 0.3170 0.3690 0.3400 0.7380 0.3430 0.6240 0.4380 0.6480 0.6290 0.6910 0.5210 0.5700
0.4110 0.5740 0.6270 0.3560 0.0000 0.7920 0.9560 0.7220 0.8680 0.3490 0.5880 0.6960 0.6840 0.6940 0.5860 0.6840 0.7060 0.5560 0.8140 0.6860 0.6380
0.8000 0.7660 0.6080 0.4640 0.7920 0.0000 0.7610 0.6960 0.7140 0.5720 0.7240 0.3600 0.6050 0.7610 0.4840 0.5990 0.4940 0.8840 0.7360 0.3210 0.7530
0.6720 0.7740 0.7830 0.6260 0.9560 0.7610 0.0000 0.5750 0.8080 0.7600 0.4220 0.9080 0.8660 0.5200 0.6320 0.4850 0.4120 0.8000 0.7440 0.7630 0.5500
0.7340 0.5540 0.7180 0.3660 0.7220 0.6960 0.5750 0.0000 0.6830 0.6830 0.4780 0.3360 0.5600 0.4560 0.6560 0.3360 0.6730 0.7110 0.5080 0.5880 0.7220
0.4660 0.5500 0.8610 0.7920 0.8680 0.7140 0.8080 0.6830 0.0000 0.6600 0.7200 0.6280 0.7220 0.4640 0.7320 0.4320 0.6640 0.5760 0.4930 0.7100 0.7440
0.5080 0.7490 0.6430 0.3170 0.3490 0.5720 0.7600 0.6830 0.6600 0.0000 0.4620 0.4760 0.6400 0.6600 0.8170 0.7550 0.5470 0.3120 0.5640 0.6440 0.7060
0.6840 0.5180 0.5890 0.3690 0.5880 0.7240 0.4220 0.4780 0.7200 0.4620 0.0000 0.4940 0.7020 0.4600 0.4540 0.8070 0.3070 0.7150 0.3220 0.6650 0.2440
0.5500 0.6580 0.6690 0.3400 0.6960 0.3600 0.9080 0.3360 0.6280 0.4760 0.4940 0.0000 0.5480 0.5940 0.8340 0.6120 0.6660 0.6520 0.8160 0.4620 0.6440
0.5620 0.1840 0.5860 0.7380 0.6840 0.6050 0.8660 0.5600 0.7220 0.6400 0.7020 0.5480 0.0000 0.4640 0.4660 0.4770 0.4540 0.6420 0.7690 0.7550 0.6360
0.7130 0.6480 0.5120 0.3430 0.6940 0.7610 0.5200 0.4560 0.4640 0.6600 0.4600 0.5940 0.4640 0.0000 0.5020 0.4460 0.6780 0.5360 0.7820 0.7240 0.4740
0.5400 0.2820 0.6960 0.6240 0.5860 0.4840 0.6320 0.6560 0.7320 0.8170 0.4540 0.8340 0.4660 0.5020 0.0000 0.5750 0.6510 0.7400 0.3030 0.4040 0.6630
0.5900 0.2930 0.5360 0.4380 0.6840 0.5990 0.4850 0.3360 0.4320 0.7550 0.8070 0.6120 0.4770 0.4460 0.5750 0.0000 0.7460 0.7510 0.7800 0.2780 0.7930
0.5200 0.6380 0.5960 0.6480 0.7060 0.4940 0.4120 0.6730 0.6640 0.5470 0.3070 0.6660 0.4540 0.6780 0.6510 0.7460 0.0000 0.4080 0.6240 0.4680 0.2590
0.5440 0.4580 0.5700 0.6290 0.5560 0.8840 0.8000 0.7110 0.5760 0.3120 0.7150 0.6520 0.6420 0.5360 0.7400 0.7510 0.4080 0.0000 0.8760 0.6520 0.6590
0.8080 0.5850 0.6020 0.6910 0.8140 0.7360 0.7440 0.5080 0.4930 0.5640 0.3220 0.8160 0.7690 0.7820 0.3030 0.7800 0.6240 0.8760 0.0000 0.7070 0.4940
0.4790 0.5710 0.5910 0.5210 0.6860 0.3210 0.7630 0.5880 0.7100 0.6440 0.6650 0.4620 0.7550 0.7240 0.4040 0.2780 0.4680 0.6520 0.7070 0.0000 0.7270
0.6500 0.5000 0.3450 0.5700 0.6380 0.7530 0.5500 0.7220 0.7440 0.7060 0.2440 0.6440 0.6360 0.4740 0.6630 0.7930 0.2590 0.6590 0.4940 0.7270 0.0000

--- Contains 5 samples ---

--- Sample 1 ---
node_demand:
0.1333
0.0333
0.3000
0.0333
0.0333
0.2000
0.0333
0.3000
0.2667
0.1333
0.2000
0.2000
0.0667
0.1667
0.0333
0.1000
0.2667
0.1333
0.0333
0.2667

dist_matrix:
0.0000 0.3056 0.5123 0.2333 0.2590 0.4635 0.5453 0.6215 0.3191 0.3315 0.4605 0.4211 0.4899 0.1692 0.2840 0.4462 0.4902 0.5194 0.3507 0.4457 0.5292
0.3023 0.0000 0.3255 0.2324 0.4473 0.5177 0.5355 0.5508 0.4417 0.4396 0.3112 0.5865 0.1531 0.6156 0.2500 0.2593 0.3883 0.3112 0.4166 0.4001 0.4421
0.3856 0.4074 0.0000 0.7169 0.2461 0.3252 0.6518 0.5312 0.5990 0.6167 0.3769 0.4368 0.5399 0.3994 0.6825 0.5262 0.5862 0.5526 0.5486 0.3216 0.2370
0.1077 0.5907 0.4167 0.0000 0.2183 0.3110 0.4734 0.2922 0.6827 0.3154 0.3461 0.3095 0.3670 0.2925 0.4403 0.3918 0.6070 0.5093 0.3125 0.4038 0.3143
0.2363 0.4732 0.4199 0.1471 0.0000 0.7368 0.9001 0.6058 0.7174 0.3278 0.5327 0.2557 0.3987 0.4574 0.5165 0.6778 0.6674 0.5011 0.7443 0.3386 0.3483
0.5244 0.6100 0.5311 0.3232 0.4711 0.0000 0.5512 0.3411 0.5235 0.4852 0.6779 0.3295 0.5097 0.6016 0.4126 0.3710 0.3833 0.4369 0.4293 0.3036 0.6858
0.5311 0.6252 0.3485 0.3976 0.5765 0.3413 0.0000 0.3785 0.5212 0.7496 0.3441 0.4607 0.8028 0.3931 0.5444 0.4222 0.3766 0.6445 0.7310 0.5387 0.4126
0.5757 0.5449 0.6667 0.3199 0.2520 0.3273 0.4532 0.0000 0.5356 0.6058 0.3198 0.3232 0.3872 0.4234 0.5890 0.2511 0.6724 0.6241 0.2923 0.4035 0.5198
0.2748 0.3406 0.5079 0.6765 0.3494 0.4657 0.5671 0.5074 0.0000 0.4376 0.7168 0.5875 0.6217 0.3852 0.6350 0.4083 0.5077 0.5060 0.4681 0.4821 0.7243
0.4664 0.5076 0.4331 0.2639 0.2864 0.5058 0.6089 0.6734 0.4572 0.0000 0.2536 0.4519 0.5727 0.4197 0.4313 0.7102 0.4475 0.2965 0.4729 0.3779 0.3993
0.3104 0.5025 0.2558 0.2112 0.2172 0.3550 0.3930 0.4347 0.4148 0.2244 0.0000 0.4479 0.6097 0.1915 0.3288 0.4159 0.1978 0.5964 0.3117 0.3311 0.0895
0.5210 0.4644 0.6652 0.2977 0.3262 0.3462 0.7504 0.2976 0.6185 0.3679 0.3477 0.0000 0.2651 0.4423 0.7872 0.3639 0.6489 0.5658 0.7468 0.4037 0.5906
0.4955 0.1595 0.4221 0.3336 0.2607 0.5307 0.8004 0.5410 0.6885 0.5422 0.4079 0.3581 0.0000 0.3625 0.2996 0.4510 0.3764 0.5785 0.5574 0.7496 0.1952
0.2910 0.5072 0.4396 0.2940 0.4459 0.7358 0.2631 0.3493 0.4292 0.6431 0.4561 0.5665 0.3303 0.0000 0.3906 0.4068 0.3713 0.4917 0.7036 0.4525 0.3207
0.3497 0.2321 0.6740 0.4963 0.4882 0.4470 0.6155 0.4678 0.5451 0.6708 0.4137 0.4459 0.3964 0.4798 0.0000 0.4467 0.6189 0.5602 0.2525 0.3752 0.4925
0.5480 0.2428 0.2688 0.3907 0.2586 0.4340 0.4647 0.1428 0.4152 0.5369 0.6165 0.5247 0.3749 0.3310 0.3224 0.0000 0.6493 0.7149 0.7307 0.2661 0.5080
0.3414 0.4038 0.5049 0.5048 0.4153 0.4642 0.4007 0.4846 0.4840 0.4948 0.2850 0.4439 0.3629 0.5955 0.5091 0.4791 0.0000 0.3698 0.5700 0.3563 0.2003
0.5137 0.3237 0.4268 0.4443 0.4725 0.7911 0.7821 0.4533 0.4094 0.2952 0.6581 0.3859 0.5638 0.5153 0.5997 0.6962 0.3155 0.0000 0.5707 0.5019 0.5733
0.3758 0.4695 0.4223 0.4621 0.6413 0.5711 0.7069 0.4060 0.4080 0.4734 0.3112 0.8083 0.6806 0.5815 0.2987 0.4510 0.5904 0.8117 0.0000 0.5600 0.3534
0.3808 0.3738 0.3510 0.4290 0.4543 0.3006 0.7420 0.3911 0.5697 0.3602 0.5834 0.0698 0.3479 0.6272 0.3904 0.2329 0.3779 0.6413 0.6047 0.0000 0.5972
0.6226 0.3004 0.2913 0.1662 0.5604 0.4502 0.4928 0.3577 0.4771 0.3916 0.1141 0.5323 0.2813 0.4688 0.3332 0.5478 0.2451 0.4079 0.4480 0.3499 0.0000

--- Sample 2 ---
node_demand:
0.1333
0.0333
0.3000
0.0333
0.0333
0.2000
0.0333
0.3000
0.2667
0.1333
0.2000
0.2000
0.0667
0.1667
0.0333
0.1000
0.2667
0.1333
0.0333
0.2667

dist_matrix:
0.0000 0.2232 0.4832 0.1191 0.2082 0.7731 0.3968 0.6290 0.2094 0.3509 0.5970 0.4350 0.4760 0.2876 0.4361 0.5681 0.3022 0.5128 0.4285 0.4112 0.5893
0.2696 0.0000 0.3301 0.7081 0.3748 0.5503 0.4427 0.3883 0.3262 0.5066 0.4087 0.4125 0.1727 0.5960 0.2317 0.2473 0.4682 0.3187 0.4941 0.4192 0.4028
0.3913 0.4495 0.0000 0.6603 0.3982 0.3390 0.6174 0.1573 0.5446 0.4283 0.3216 0.4794 0.4328 0.4157 0.6679 0.1746 0.4929 0.4104 0.5021 0.3152 0.2852
0.2485 0.4949 0.6393 0.0000 0.0879 0.4495 0.4683 0.3596 0.5468 0.2888 0.2312 0.2278 0.4953 0.2473 0.5676 0.2135 0.6080 0.5000 0.5534 0.4625 0.3587
0.2235 0.4605 0.5129 0.1940 0.0000 0.2915 0.8105 0.5987 0.4772 0.2686 0.3737 0.6475 0.6828 0.3375 0.5072 0.3581 0.2806 0.4486 0.6955 0.6518 0.2511
0.4993 0.5535 0.3425 0.4354 0.5017 0.0000 0.4424 0.5754 0.4392 0.3079 0.3523 0.3395 0.4711 0.5288 0.3784 0.5338 0.3986 0.3654 0.4953 0.2897 0.5080
0.4757 0.5000 0.3068 0.6256 0.3013 0.3289 0.0000 0.5669 0.5490 0.5110 0.4185 0.6893 0.8405 0.4805 0.5135 0.4657 0.3793 0.7676 0.6400 0.7403 0.4422
0.3719 0.4952 0.2223 0.3620 0.3127 0.6307 0.3772 0.0000 0.5710 0.6220 0.4012 0.3010 0.3240 0.3650 0.4931 0.2956 0.3779 0.5997 0.4226 0.5402 0.3425
0.3884 0.3385 0.8300 0.7881 0.3823 0.5615 0.6042 0.6441 0.0000 0.5689 0.5357 0.4198 0.4135 0.4520 0.7117 0.3474 0.5201 0.3849 0.4473 0.6426 0.6707
0.3179 0.2439 0.5722 0.3132 0.2822 0.4007 0.5252 0.5478 0.4874 0.0000 0.1817 0.4433 0.4841 0.5540 0.4319 0.2778 0.4545 0.3004 0.4547 0.2943 0.4988
0.2823 0.3231 0.2492 0.1871 0.3961 0.5070 0.3513 0.2435 0.6364 0.3670 0.0000 0.3353 0.1807 0.3594 0.2835 0.4653 0.2589 0.5104 0.3037 0.3704 0.2045
0.3855 0.3945 0.4703 0.2484 0.3059 0.2684 0.8779 0.3191 0.6024 0.3523 0.4750 0.0000 0.4184 0.4968 0.7735 0.5592 0.4937 0.5478 0.3238 0.2831 0.4455
0.3108 0.1738 0.4793 0.5221 0.6705 0.4761 0.4599 0.3691 0.6491 0.3369 0.6204 0.3643 0.0000 0.3749 0.4223 0.2996 0.3286 0.5367 0.3187 0.2221 0.5783
0.2407 0.5597 0.4644 0.1625 0.6482 0.6914 0.3123 0.3162 0.4300 0.4318 0.3057 0.4422 0.3598 0.0000 0.1680 0.3954 0.6627 0.4925 0.5043 0.5232 0.3082
0.3023 0.1913 0.5682 0.5185 0.4604 0.4113 0.5424 0.6313 0.6902 0.6623 0.3059 0.7118 0.3506 0.4005 0.0000 0.5631 0.5631 0.4925 0.2319 0.3692 0.3799
0.4983 0.2095 0.5222 0.3220 0.5265 0.3681 0.3484 0.3268 0.3542 0.6828 0.1674 0.4239 0.2683 0.3667 0.3197 0.0000 0.6956 0.6671 0.7550 0.2372 0.5621
0.4367 0.4884 0.4523 0.6037 0.5287 0.4090 0.3532 0.4240 0.5211 0.3466 0.2161 0.3509 0.3506 0.6241 0.4820 0.7150 0.0000 0.2953 0.4406 0.4623 0.1931
0.4633 0.3949 0.4605 0.4977 0.3455 0.6743 0.6157 0.5669 0.4445 0.3081 0.6961 0.4532 0.5333 0.5175 0.5358 0.7017 0.3190 0.0000 0.7269 0.5579 0.6572
0.5376 0.5584 0.4468 0.3456 0.5799 0.6814 0.5794 0.4879 0.3725 0.4665 0.3147 0.2330 0.5445 0.5039 0.2515 0.6857 0.6116 0.3162 0.0000 0.2420 0.4333
0.3140 0.3254 0.3215 0.3996 0.6278 0.3121 0.6133 0.3307 0.6314 0.3439 0.2990 0.1486 0.1363 0.6340 0.3795 0.2406 0.3914 0.4772 0.1438 0.0000 0.5700
0.5384 0.4724 0.2944 0.3225 0.1462 0.6672 0.4401 0.3951 0.6502 0.6079 0.2007 0.4306 0.3415 0.2421 0.5513 0.1029 0.2499 0.6074 0.4066 0.4274 0.0000

--- Sample 3 ---
node_demand:
0.1333
0.0333
0.3000
0.0333
0.0333
0.2000
0.0333
0.3000
0.2667
0.1333
0.2000
0.2000
0.0667
0.1667
0.0333
0.1000
0.2667
0.1333
0.0333
0.2667

dist_matrix:
0.0000 0.2029 0.5002 0.0669 0.2675 0.7124 0.5033 0.6944 0.3049 0.3831 0.5939 0.5483 0.4790 0.2475 0.3571 0.3943 0.4977 0.5432 0.7248 0.3954 0.4306
0.3147 0.0000 0.4272 0.6338 0.5458 0.4566 0.4371 0.2600 0.4049 0.5620 0.2873 0.5245 0.1251 0.3161 0.1765 0.1717 0.3959 0.3957 0.4774 0.3258 0.3226
0.4474 0.4475 0.0000 0.7184 0.3587 0.5727 0.4259 0.1316 0.5611 0.5876 0.4195 0.6293 0.4005 0.4461 0.4622 0.4260 0.5178 0.5242 0.4788 0.3145 0.2620
0.2382 0.5674 0.4050 0.0000 0.3018 0.3451 0.4686 0.3173 0.6162 0.2250 0.2565 0.2698 0.4971 0.2116 0.4805 0.3491 0.2457 0.4767 0.6716 0.3146 0.5541
0.4064 0.4313 0.5525 0.2970 0.0000 0.5712 0.5571 0.3622 0.6775 0.2968 0.4824 0.6250 0.4523 0.6855 0.5033 0.2152 0.5120 0.3833 0.7617 0.5949 0.6216
0.6145 0.6754 0.3850 0.4303 0.5668 0.0000 0.3533 0.6790 0.5319 0.2131 0.4162 0.3278 0.5168 0.7437 0.4383 0.5342 0.4231 0.6893 0.6013 0.2878 0.4050
0.4289 0.7111 0.7327 0.5551 0.9461 0.3667 0.0000 0.5663 0.4709 0.4905 0.3498 0.8487 0.7752 0.2274 0.4223 0.4429 0.3648 0.5595 0.7135 0.6658 0.4982
0.6907 0.2559 0.4646 0.2707 0.5876 0.3910 0.4101 0.0000 0.4712 0.4325 0.3313 0.2973 0.3459 0.3286 0.5624 0.3191 0.6125 0.4894 0.4132 0.4442 0.4359
0.3831 0.4032 0.8311 0.6064 0.6399 0.4231 0.4635 0.4750 0.0000 0.5503 0.5959 0.4422 0.5967 0.4297 0.5515 0.3637 0.3080 0.4519 0.4172 0.5998 0.4245
0.4086 0.5174 0.6045 0.3026 0.3469 0.5110 0.6912 0.4517 0.5121 0.0000 0.2463 0.3522 0.6223 0.3052 0.7071 0.3516 0.5345 0.3080 0.3612 0.6329 0.4923
0.3204 0.4863 0.3205 0.2152 0.4492 0.6334 0.3438 0.3520 0.5226 0.2014 0.0000 0.3631 0.3445 0.4184 0.2808 0.7620 0.1928 0.3903 0.3121 0.2981 0.1009
0.4968 0.5442 0.5745 0.2369 0.5972 0.2878 0.5160 0.3344 0.4175 0.4280 0.4130 0.0000 0.2736 0.3611 0.5638 0.4452 0.5347 0.4877 0.6186 0.1477 0.4795
0.3387 0.1595 0.5233 0.4715 0.4662 0.5032 0.4864 0.5460 0.5597 0.5369 0.6980 0.2643 0.0000 0.3196 0.3193 0.2405 0.4143 0.6373 0.3615 0.4805 0.4345
0.7061 0.3387 0.3199 0.1794 0.6436 0.4992 0.2510 0.3760 0.4298 0.5235 0.2749 0.3408 0.4474 0.0000 0.4219 0.4006 0.4252 0.5027 0.4386 0.6424 0.3386
0.2898 0.2787 0.5218 0.2376 0.5286 0.4292 0.4051 0.4410 0.6036 0.4774 0.2859 0.6547 0.4035 0.4121 0.0000 0.3155 0.4303 0.5725 0.2837 0.3822 0.5682
0.5483 0.2230 0.1613 0.2612 0.5100 0.3045 0.3397 0.1101 0.3472 0.2714 0.7250 0.4836 0.3470 0.4125 0.5245 0.0000 0.2688 0.4761 0.5208 0.2474 0.6438
0.4966 0.5386 0.4370 0.3363 0.4779 0.3945 0.3727 0.5319 0.6017 0.3862 0.2501 0.3626 0.4011 0.6184 0.5344 0.6010 0.0000 0.2649 0.5220 0.4014 0.2184
0.4566 0.3035 0.3890 0.4951 0.5097 0.7594 0.7122 0.6069 0.3694 0.3000 0.6703 0.3896 0.6171 0.5216 0.6051 0.6129 0.3560 0.0000 0.8637 0.3054 0.3974
0.7656 0.4755 0.5062 0.4256 0.4716 0.7272 0.4703 0.4672 0.4832 0.4879 0.3018 0.2892 0.6467 0.4628 0.3018 0.4936 0.4969 0.8735 0.0000 0.6527 0.3484
0.3977 0.3792 0.4679 0.2953 0.6124 0.2916 0.5794 0.3845 0.5413 0.4122 0.5299 0.2243 0.1727 0.3806 0.3632 0.2717 0.4339 0.5178 0.2086 0.0000 0.4367
0.2213 0.3713 0.2379 0.3975 0.5563 0.5202 0.4526 0.3243 0.5409 0.3805 0.0603 0.4103 0.5512 0.3537 0.6012 0.7517 0.2370 0.6468 0.3853 0.4405 0.0000

--- Sample 4 ---
node_demand:
0.1333
0.0333
0.3000
0.0333
0.0333
0.2000
0.0333
0.3000
0.2667
0.1333
0.2000
0.2000
0.0667
0.1667
0.0333
0.1000
0.2667
0.1333
0.0333
0.2667

dist_matrix:
0.0000 0.1951 0.5120 0.2808 0.2903 0.5829 0.4501 0.7306 0.3125 0.2646 0.3805 0.4680 0.4973 0.1942 0.4364 0.2492 0.3972 0.5262 0.4015 0.3697 0.5335
0.3525 0.0000 0.4316 0.2867 0.5363 0.5785 0.7176 0.2858 0.5476 0.4811 0.3553 0.5438 0.1759 0.5371 0.1395 0.2288 0.4554 0.3960 0.4344 0.3155 0.3033
0.4380 0.5215 0.0000 0.3495 0.2966 0.5854 0.7309 0.5191 0.8601 0.4327 0.2415 0.3691 0.5168 0.4368 0.6278 0.1935 0.4156 0.5673 0.5132 0.4243 0.2969
0.1024 0.4561 0.4424 0.0000 0.1487 0.4353 0.3073 0.3325 0.4749 0.2942 0.2492 0.2113 0.3879 0.1430 0.4081 0.2945 0.3601 0.4532 0.3377 0.3501 0.4159
0.3475 0.2323 0.5650 0.2366 0.0000 0.6199 0.8447 0.2215 0.2896 0.3260 0.1453 0.3632 0.4190 0.6493 0.3294 0.1271 0.7009 0.3700 0.7799 0.3717 0.6120
0.7419 0.4945 0.5253 0.3896 0.3938 0.0000 0.5063 0.5425 0.5143 0.4197 0.6952 0.3435 0.5921 0.4178 0.4162 0.3926 0.2645 0.7961 0.5226 0.3056 0.7131
0.3868 0.7349 0.5290 0.5036 0.7082 0.5225 0.0000 0.5515 0.5935 0.6131 0.3883 0.6695 0.6219 0.4544 0.2436 0.3942 0.4079 0.6000 0.4206 0.5226 0.4835
0.7269 0.2535 0.3157 0.2832 0.1870 0.2992 0.5338 0.0000 0.6789 0.6674 0.4201 0.3146 0.4475 0.3628 0.5953 0.1619 0.5716 0.4952 0.5048 0.3130 0.4023
0.3525 0.2937 0.6896 0.6156 0.3122 0.6426 0.5671 0.4917 0.0000 0.5822 0.6546 0.5208 0.5272 0.3831 0.4517 0.3808 0.4234 0.4915 0.3675 0.4811 0.4682
0.2894 0.6273 0.4058 0.3036 0.3431 0.2422 0.5235 0.3392 0.5750 0.0000 0.3393 0.3226 0.5310 0.5492 0.5861 0.4748 0.3177 0.3118 0.3711 0.3256 0.4053
0.3846 0.3441 0.5406 0.2277 0.3670 0.4114 0.3477 0.3847 0.3759 0.4210 0.0000 0.4049 0.3313 0.1974 0.4101 0.2969 0.2405 0.4793 0.3088 0.3864 0.1358
0.3480 0.4654 0.6493 0.2892 0.4254 0.2748 0.6236 0.3137 0.6182 0.3287 0.3395 0.0000 0.2493 0.3706 0.7325 0.3452 0.6199 0.6237 0.2645 0.0684 0.3326
0.3356 0.1709 0.5263 0.6517 0.4758 0.5887 0.8553 0.3275 0.5882 0.5056 0.4749 0.1977 0.0000 0.4587 0.4566 0.2755 0.4353 0.5039 0.5508 0.1457 0.2325
0.4541 0.2889 0.3152 0.2884 0.5697 0.4147 0.3509 0.4451 0.4506 0.6497 0.3114 0.5378 0.3102 0.0000 0.4624 0.2445 0.4177 0.5219 0.3989 0.5416 0.1800
0.4792 0.1716 0.5872 0.5333 0.4448 0.4504 0.2962 0.4470 0.5180 0.7250 0.4405 0.6403 0.2693 0.4297 0.0000 0.5140 0.4506 0.6630 0.2524 0.3761 0.2908
0.3339 0.2446 0.4492 0.2658 0.2053 0.4926 0.4279 0.3318 0.4051 0.5835 0.2540 0.6088 0.3221 0.2458 0.4815 0.0000 0.7128 0.5748 0.6165 0.2730 0.4263
0.4926 0.4960 0.5937 0.4636 0.5731 0.4163 0.3537 0.4717 0.4228 0.4891 0.2108 0.6004 0.3710 0.6445 0.4961 0.2871 0.0000 0.3146 0.5045 0.4519 0.1671
0.4622 0.4112 0.5649 0.5709 0.4619 0.5493 0.5878 0.6222 0.4357 0.2963 0.6720 0.5126 0.5297 0.5095 0.7140 0.6879 0.2687 0.0000 0.5839 0.3349 0.5976
0.4790 0.5063 0.5798 0.4699 0.5709 0.2680 0.5920 0.3328 0.4667 0.5335 0.2963 0.5027 0.4511 0.4322 0.2538 0.6955 0.4863 0.4168 0.0000 0.4572 0.3825
0.3341 0.4880 0.3279 0.3886 0.3553 0.3066 0.7001 0.5388 0.6176 0.4855 0.6582 0.4386 0.1591 0.3579 0.3807 0.2479 0.3402 0.4955 0.3549 0.0000 0.5431
0.1851 0.3893 0.2526 0.2231 0.5847 0.4465 0.4783 0.5643 0.3574 0.2508 0.1054 0.3327 0.5570 0.4664 0.5272 0.6419 0.2417 0.5576 0.4409 0.2908 0.0000

--- Sample 5 ---
node_demand:
0.1333
0.0333
0.3000
0.0333
0.0333
0.2000
0.0333
0.3000
0.2667
0.1333
0.2000
0.2000
0.0667
0.1667
0.0333
0.1000
0.2667
0.1333
0.0333
0.2667

dist_matrix:
0.0000 0.2792 0.4684 0.2861 0.2147 0.6366 0.6046 0.5101 0.3234 0.2826 0.3684 0.4353 0.4937 0.1561 0.3681 0.2163 0.3669 0.5083 0.4528 0.3936 0.4315
0.2485 0.0000 0.4508 0.6389 0.2996 0.5736 0.3372 0.4533 0.5448 0.6029 0.4223 0.5819 0.1486 0.3275 0.2309 0.2674 0.4687 0.3734 0.4748 0.3932 0.3569
0.4928 0.3223 0.0000 0.4975 0.4135 0.4240 0.6477 0.0611 0.7219 0.4412 0.2943 0.3599 0.3806 0.4599 0.4619 0.2102 0.5304 0.5612 0.4370 0.3888 0.3434
0.2310 0.1750 0.3698 0.0000 0.3370 0.3986 0.5968 0.3207 0.3656 0.2355 0.3422 0.2967 0.4226 0.3087 0.5279 0.3604 0.6022 0.4855 0.3476 0.4495 0.4857
0.2237 0.4331 0.4706 0.1223 0.0000 0.2362 0.7944 0.6538 0.5453 0.2832 0.3627 0.4090 0.5914 0.5047 0.5081 0.0999 0.5262 0.5496 0.4347 0.5331 0.1223
0.4636 0.7576 0.5483 0.4412 0.2855 0.0000 0.3665 0.4811 0.6876 0.2061 0.4988 0.3482 0.5078 0.4352 0.3405 0.3763 0.1927 0.8322 0.6999 0.2969 0.5892
0.3061 0.5552 0.6127 0.3992 0.5367 0.3637 0.0000 0.4023 0.4460 0.7014 0.3601 0.8122 0.4386 0.3747 0.2273 0.4766 0.3518 0.6117 0.5698 0.6549 0.5048
0.4438 0.5171 0.0876 0.3417 0.5401 0.2708 0.4005 0.0000 0.4980 0.4465 0.4268 0.3285 0.4195 0.3018 0.5938 0.2277 0.4581 0.5733 0.4818 0.2590 0.2455
0.4147 0.5435 0.6267 0.5325 0.6807 0.7092 0.4756 0.5437 0.0000 0.4539 0.3675 0.4593 0.3986 0.2634 0.6519 0.3307 0.3278 0.4193 0.3916 0.5274 0.5177
0.2789 0.3286 0.5125 0.2824 0.3452 0.5687 0.5963 0.5697 0.5648 0.0000 0.4282 0.4711 0.6073 0.5537 0.7205 0.5061 0.4953 0.3021 0.5576 0.4733 0.4783
0.3462 0.3145 0.3228 0.3530 0.1953 0.6967 0.4040 0.1802 0.6664 0.3897 0.0000 0.3119 0.3264 0.2108 0.3206 0.4537 0.2686 0.5747 0.3164 0.4524 0.1158
0.5363 0.4702 0.4232 0.2522 0.3390 0.3592 0.5403 0.3126 0.4666 0.3751 0.4897 0.0000 0.2445 0.3438 0.7030 0.5160 0.2927 0.6452 0.2459 0.0687 0.4116
0.4332 0.1799 0.4071 0.3410 0.5010 0.5121 0.6201 0.3382 0.7005 0.5976 0.3053 0.3415 0.0000 0.3627 0.3494 0.2359 0.4009 0.6250 0.3285 0.5832 0.3340
0.4736 0.4869 0.3274 0.1608 0.2358 0.4327 0.2813 0.3510 0.3068 0.3557 0.1807 0.3465 0.3268 0.0000 0.1398 0.4080 0.5761 0.5249 0.3715 0.5535 0.2349
0.4417 0.2382 0.4666 0.2717 0.4171 0.4731 0.2471 0.5305 0.4195 0.5702 0.3099 0.5298 0.3745 0.3546 0.0000 0.5280 0.5016 0.5317 0.2963 0.3692 0.5482
0.5648 0.2778 0.1836 0.2509 0.4897 0.4429 0.4165 0.3114 0.3942 0.2591 0.7020 0.5251 0.2410 0.3007 0.5336 0.0000 0.5691 0.7438 0.4493 0.2453 0.7495
0.4056 0.4148 0.4332 0.4876 0.4862 0.3240 0.3994 0.4981 0.3263 0.4882 0.2792 0.4637 0.3827 0.4777 0.5042 0.5058 0.0000 0.2116 0.4632 0.3709 0.1754
0.5196 0.2966 0.5291 0.4412 0.3707 0.5847 0.7891 0.5737 0.4896 0.3095 0.6224 0.4826 0.6370 0.4943 0.5523 0.5123 0.3992 0.0000 0.4533 0.5327 0.3669
0.3873 0.5571 0.5086 0.4490 0.5500 0.4953 0.5344 0.2999 0.3935 0.3604 0.3210 0.5847 0.4792 0.6020 0.2818 0.6581 0.5753 0.3968 0.0000 0.7032 0.4077
0.3047 0.4352 0.5685 0.4357 0.4003 0.2901 0.7461 0.4433 0.5306 0.3027 0.5815 0.1518 0.2919 0.5597 0.4002 0.2543 0.3879 0.3132 0.5848 0.0000 0.3905
0.4073 0.4615 0.3041 0.4741 0.1426 0.7083 0.4892 0.4877 0.6351 0.5684 0.1544 0.4114 0.2651 0.4370 0.6387 0.7113 0.2487 0.3998 0.4930 0.5493 0.0000
