min_dist:
0.0000 0.2660 0.2440 0.1150 0.2960 0.2310 0.1760 0.1540 0.2520 0.1840 0.0620 0.2550 0.1460 0.0790 0.2760 0.2510 0.2920 0.3190 0.0620 0.3870 0.2570
0.2660 0.0000 0.2220 0.1510 0.1760 0.2000 0.2900 0.2590 0.0140 0.2780 0.2550 0.2240 0.2850 0.2380 0.1700 0.3360 0.2650 0.2440 0.2550 0.4020 0.3150
0.2440 0.2220 0.0000 0.3220 0.2350 0.3570 0.0680 0.1960 0.2080 0.1770 0.2880 0.3330 0.2930 0.3050 0.2330 0.3120 0.4390 0.1730 0.2880 0.4110 0.0930
0.1150 0.1510 0.3220 0.0000 0.2990 0.3230 0.2910 0.2690 0.1370 0.2990 0.1770 0.3470 0.2610 0.1600 0.2930 0.3660 0.3780 0.3670 0.1770 0.3700 0.3720
0.2960 0.1760 0.2350 0.2990 0.0000 0.2520 0.3030 0.2330 0.1620 0.1940 0.2340 0.2280 0.3330 0.2170 0.2060 0.4110 0.4130 0.0680 0.2340 0.3710 0.2780
0.2310 0.2000 0.3570 0.3230 0.2520 0.0000 0.3120 0.1740 0.1860 0.3310 0.2090 0.0240 0.0850 0.2150 0.1330 0.2070 0.2310 0.1840 0.2090 0.3220 0.2770
0.1760 0.2900 0.0680 0.2910 0.3030 0.3120 0.0000 0.2380 0.2760 0.2450 0.2380 0.3310 0.3220 0.2550 0.1790 0.2700 0.3960 0.2410 0.2380 0.4790 0.1610
0.1540 0.2590 0.1960 0.2690 0.2330 0.1740 0.2380 0.0000 0.2730 0.1870 0.0920 0.1800 0.2160 0.1090 0.3070 0.2810 0.3620 0.1650 0.0920 0.4170 0.1030
0.2520 0.0140 0.2080 0.1370 0.1620 0.1860 0.2760 0.2730 0.0000 0.2640 0.2690 0.2100 0.2710 0.2520 0.1560 0.3500 0.2510 0.2300 0.2690 0.3880 0.3010
0.1840 0.2780 0.1770 0.2990 0.1940 0.3310 0.2450 0.1870 0.2640 0.0000 0.1220 0.3300 0.2460 0.1390 0.3020 0.3030 0.3710 0.2620 0.1220 0.2340 0.0840
0.0620 0.2550 0.2880 0.1770 0.2340 0.2090 0.2380 0.0920 0.2690 0.1220 0.0000 0.2080 0.1240 0.0170 0.2610 0.1890 0.2700 0.2570 0.0000 0.3250 0.1950
0.2550 0.2240 0.3330 0.3470 0.2280 0.0240 0.3310 0.1800 0.2100 0.3300 0.2080 0.0000 0.1090 0.1910 0.1520 0.1830 0.2550 0.1600 0.2080 0.3460 0.2830
0.1460 0.2850 0.2930 0.2610 0.3330 0.0850 0.3220 0.2160 0.2710 0.2460 0.1240 0.1090 0.0000 0.1410 0.1700 0.1640 0.1460 0.2650 0.1240 0.2830 0.2000
0.0790 0.2380 0.3050 0.1600 0.2170 0.2150 0.2550 0.1090 0.2520 0.1390 0.0170 0.1910 0.1410 0.0000 0.2780 0.2060 0.2870 0.2740 0.0170 0.3420 0.2120
0.2760 0.1700 0.2330 0.2930 0.2060 0.1330 0.1790 0.3070 0.1560 0.3020 0.2610 0.1520 0.1700 0.2780 0.0000 0.3340 0.3160 0.2740 0.2610 0.4010 0.3260
0.2510 0.3360 0.3120 0.3660 0.4110 0.2070 0.2700 0.2810 0.3500 0.3030 0.1890 0.1830 0.1640 0.2060 0.3340 0.0000 0.3100 0.3430 0.1890 0.2740 0.2190
0.2920 0.2650 0.4390 0.3780 0.4130 0.2310 0.3960 0.3620 0.2510 0.3710 0.2700 0.2550 0.1460 0.2870 0.3160 0.3100 0.0000 0.4110 0.2700 0.1370 0.3460
0.3190 0.2440 0.1730 0.3670 0.0680 0.1840 0.2410 0.1650 0.2300 0.2620 0.2570 0.1600 0.2650 0.2740 0.2740 0.3430 0.4110 0.0000 0.2570 0.3030 0.2660
0.0620 0.2550 0.2880 0.1770 0.2340 0.2090 0.2380 0.0920 0.2690 0.1220 0.0000 0.2080 0.1240 0.0170 0.2610 0.1890 0.2700 0.2570 0.0000 0.3250 0.1950
0.3870 0.4020 0.4110 0.3700 0.3710 0.3220 0.4790 0.4170 0.3880 0.2340 0.3250 0.3460 0.2830 0.3420 0.4010 0.2740 0.1370 0.3030 0.3250 0.0000 0.3180
0.2570 0.3150 0.0930 0.3720 0.2780 0.2770 0.1610 0.1030 0.3010 0.0840 0.1950 0.2830 0.2000 0.2120 0.3260 0.2190 0.3460 0.2660 0.1950 0.3180 0.0000

max_dist:
0.0000 0.6470 0.6010 0.1800 0.5910 0.4960 0.6760 0.5490 0.8110 0.5060 0.6970 0.7660 0.3340 0.5730 0.4770 0.7560 0.5250 0.6200 0.6320 0.6190 0.6440
0.6470 0.0000 0.6340 0.4670 0.4800 0.7390 0.5460 0.7180 0.4360 0.5820 0.6190 0.6040 0.5400 0.6740 0.6580 0.6080 0.4660 0.6340 0.8760 0.4940 0.7150
0.6010 0.6340 0.0000 0.5000 0.6040 0.4880 0.4600 0.6580 0.2660 0.4340 0.7340 0.6180 0.7600 0.7060 0.5700 0.7900 0.7510 0.6170 0.5920 0.5040 0.3220
0.1800 0.4670 0.5000 0.0000 0.7710 0.5080 0.7560 0.3780 0.6310 0.4730 0.8320 0.6100 0.5140 0.7530 0.6570 0.6410 0.5660 0.7260 0.8120 0.5640 0.7140
0.5910 0.4800 0.6040 0.7710 0.0000 0.5640 0.9300 0.6980 0.5200 0.5140 0.6630 0.5540 0.6070 0.3610 0.4840 0.6880 0.7980 0.3500 0.4960 0.7370 0.4420
0.4960 0.7390 0.4880 0.5080 0.5640 0.0000 0.5000 0.5860 0.6740 0.6170 0.7560 0.3540 0.5300 0.5470 0.5060 0.6750 0.5200 0.5140 0.6710 0.3870 0.8100
0.6760 0.5460 0.4600 0.7560 0.9300 0.5000 0.0000 0.5680 0.7220 0.5840 0.6710 0.8000 0.6290 0.8620 0.7360 0.5600 0.6820 0.9160 0.7000 0.6590 0.7450
0.5490 0.7180 0.6580 0.3780 0.6980 0.5860 0.5680 0.0000 0.6140 0.8510 0.5690 0.2320 0.6540 0.4250 0.7770 0.6240 0.5690 0.3480 0.7120 0.7440 0.3360
0.8110 0.4360 0.2660 0.6310 0.5200 0.6740 0.7220 0.6140 0.0000 0.3380 0.8880 0.3820 0.6760 0.5750 0.4020 0.7660 0.4850 0.4810 0.6200 0.5330 0.5880
0.5060 0.5820 0.4340 0.4730 0.5140 0.6170 0.5840 0.8510 0.3380 0.0000 0.5500 0.7200 0.5990 0.8260 0.3820 0.6510 0.7900 0.6390 0.6060 0.6180 0.5160
0.6970 0.6190 0.7340 0.8320 0.6630 0.7560 0.6710 0.5690 0.8880 0.5500 0.0000 0.6590 0.4180 0.4660 0.4930 0.3100 0.6090 0.6840 0.5380 0.5980 0.7920
0.7660 0.6040 0.6180 0.6100 0.5540 0.3540 0.8000 0.2320 0.3820 0.7200 0.6590 0.0000 0.6180 0.1930 0.6370 0.5930 0.6930 0.2320 0.5980 0.5780 0.5680
0.3340 0.5400 0.7600 0.5140 0.6070 0.5300 0.6290 0.6540 0.6760 0.5990 0.4180 0.6180 0.0000 0.7490 0.4860 0.7280 0.1910 0.6520 0.7970 0.7310 0.4380
0.5730 0.6740 0.7060 0.7530 0.3610 0.5470 0.8620 0.4250 0.5750 0.8260 0.4660 0.1930 0.7490 0.0000 0.4440 0.7200 0.5580 0.4250 0.4080 0.7500 0.6670
0.4770 0.6580 0.5700 0.6570 0.4840 0.5060 0.7360 0.7770 0.4020 0.3820 0.4930 0.6370 0.4860 0.4440 0.0000 0.5130 0.4560 0.8320 0.5850 0.5140 0.6340
0.7560 0.6080 0.7900 0.6410 0.6880 0.6750 0.5600 0.6240 0.7660 0.6510 0.3100 0.5930 0.7280 0.7200 0.5130 0.0000 0.8140 0.5140 0.5340 0.2880 0.5780
0.5250 0.4660 0.7510 0.5660 0.7980 0.5200 0.6820 0.5690 0.4850 0.7900 0.6090 0.6930 0.1910 0.5580 0.4560 0.8140 0.0000 0.4610 0.9380 0.5400 0.5400
0.6200 0.6340 0.6170 0.7260 0.3500 0.5140 0.9160 0.3480 0.4810 0.6390 0.6840 0.2320 0.6520 0.4250 0.8320 0.5140 0.4610 0.0000 0.6180 0.3960 0.6840
0.6320 0.8760 0.5920 0.8120 0.4960 0.6710 0.7000 0.7120 0.6200 0.6060 0.5380 0.5980 0.7970 0.4080 0.5850 0.5340 0.9380 0.6180 0.0000 0.4410 0.9140
0.6190 0.4940 0.5040 0.5640 0.7370 0.3870 0.6590 0.7440 0.5330 0.6180 0.5980 0.5780 0.7310 0.7500 0.5140 0.2880 0.5400 0.3960 0.4410 0.0000 0.6330
0.6440 0.7150 0.3220 0.7140 0.4420 0.8100 0.7450 0.3360 0.5880 0.5160 0.7920 0.5680 0.4380 0.6670 0.6340 0.5780 0.5400 0.6840 0.9140 0.6330 0.0000

--- Contains 5 samples ---

--- Sample 1 ---
node_demand:
0.1000
0.0333
0.0667
0.1000
0.0667
0.2000
0.2333
0.2333
0.2000
0.1667
0.1333
0.1333
0.3000
0.1000
0.1333
0.2333
0.0667
0.0333
0.2667
0.2667

dist_matrix:
0.0000 0.5233 0.2538 0.1487 0.3820 0.3096 0.3864 0.4521 0.3263 0.4099 0.1933 0.5444 0.3141 0.4373 0.4708 0.5800 0.4361 0.4565 0.1622 0.5105 0.2982
0.6170 0.0000 0.5134 0.3145 0.4356 0.2167 0.4943 0.6341 0.1983 0.5237 0.4954 0.2929 0.3460 0.6616 0.3039 0.5766 0.3764 0.5303 0.7966 0.4924 0.4029
0.3644 0.2346 0.0000 0.3235 0.4605 0.4169 0.2809 0.6028 0.2617 0.2601 0.6447 0.4948 0.6198 0.3899 0.3711 0.3681 0.5895 0.4368 0.5768 0.4344 0.2850
0.1194 0.3721 0.3264 0.0000 0.3988 0.4699 0.7307 0.2857 0.3830 0.3553 0.5197 0.4258 0.2843 0.5749 0.2983 0.6319 0.4397 0.6626 0.5703 0.4432 0.5794
0.4542 0.4027 0.2945 0.3804 0.0000 0.3421 0.6909 0.4185 0.2319 0.4429 0.2622 0.3693 0.3691 0.3082 0.4658 0.5028 0.5850 0.0688 0.2817 0.4933 0.4253
0.3225 0.2121 0.4040 0.4328 0.4033 0.0000 0.4949 0.4163 0.3651 0.4419 0.6940 0.0484 0.2523 0.2968 0.4681 0.6613 0.2496 0.3931 0.3504 0.3828 0.5286
0.3851 0.3948 0.2352 0.4976 0.8421 0.4856 0.0000 0.2619 0.3363 0.2985 0.4452 0.4348 0.3226 0.6985 0.6448 0.3049 0.6612 0.6924 0.6530 0.6090 0.4386
0.4677 0.3960 0.4964 0.2749 0.4526 0.4369 0.3211 0.0000 0.5411 0.7601 0.5299 0.2140 0.3007 0.3681 0.5707 0.2892 0.5324 0.3353 0.4624 0.4324 0.2760
0.4373 0.1780 0.2365 0.2848 0.3125 0.3368 0.4881 0.5619 0.0000 0.2685 0.3633 0.2128 0.2855 0.3959 0.1698 0.5233 0.4147 0.4231 0.4670 0.4082 0.5499
0.3050 0.4270 0.3993 0.3179 0.4757 0.6062 0.4388 0.5587 0.2923 0.0000 0.4872 0.4980 0.5056 0.2805 0.3217 0.4857 0.4543 0.3261 0.1449 0.5974 0.1998
0.6828 0.3427 0.4800 0.4320 0.3182 0.4260 0.4518 0.1894 0.4312 0.4440 0.0000 0.2287 0.2970 0.0398 0.4122 0.2485 0.3647 0.5847 0.2660 0.3610 0.5418
0.3995 0.2649 0.3571 0.5882 0.3506 0.3045 0.4200 0.2260 0.2753 0.4941 0.4390 0.0000 0.4556 0.1924 0.5640 0.5380 0.6630 0.1783 0.3996 0.5329 0.3787
0.1731 0.5038 0.4165 0.3564 0.5745 0.1736 0.3906 0.6344 0.3495 0.2960 0.1300 0.1265 0.0000 0.3683 0.1862 0.4942 0.1746 0.3503 0.2722 0.6706 0.2416
0.4134 0.2909 0.4236 0.3919 0.3120 0.2196 0.6970 0.1167 0.3848 0.1916 0.1914 0.1928 0.7269 0.0000 0.4202 0.2661 0.4021 0.4198 0.3117 0.4068 0.3768
0.3975 0.4396 0.2794 0.5984 0.3809 0.1595 0.6594 0.6993 0.2554 0.3746 0.3801 0.3162 0.1956 0.3508 0.0000 0.4365 0.4208 0.3258 0.4886 0.4629 0.5284
0.3488 0.3501 0.3866 0.5620 0.4570 0.6181 0.3871 0.3657 0.6062 0.5620 0.2142 0.3994 0.3957 0.4572 0.3452 0.0000 0.4650 0.3597 0.5059 0.2812 0.2685
0.5047 0.3814 0.4989 0.4294 0.5450 0.3426 0.6790 0.3790 0.4782 0.6252 0.4027 0.4556 0.1656 0.4296 0.4027 0.3226 0.0000 0.4166 0.6589 0.3240 0.5078
0.5128 0.4254 0.2279 0.3915 0.1297 0.3265 0.6092 0.2179 0.4518 0.3293 0.2722 0.2089 0.5669 0.4242 0.5520 0.4197 0.4567 0.0000 0.5314 0.3477 0.3700
0.1433 0.4422 0.4302 0.2463 0.3265 0.3073 0.4255 0.3107 0.4188 0.1609 0.0068 0.4640 0.5919 0.0303 0.5399 0.3905 0.9191 0.5790 0.0000 0.4215 0.2551
0.4819 0.4804 0.4176 0.4042 0.5407 0.3302 0.5555 0.4174 0.5100 0.2526 0.5635 0.3631 0.3594 0.5665 0.4645 0.2782 0.1513 0.3367 0.4069 0.0000 0.4229
0.6399 0.6626 0.2753 0.4476 0.2858 0.7353 0.6525 0.2363 0.4161 0.5016 0.2113 0.4617 0.3655 0.2865 0.3591 0.5471 0.4594 0.5044 0.6355 0.6204 0.0000

--- Sample 2 ---
node_demand:
0.1000
0.0333
0.0667
0.1000
0.0667
0.2000
0.2333
0.2333
0.2000
0.1667
0.1333
0.1333
0.3000
0.1000
0.1333
0.2333
0.0667
0.0333
0.2667
0.2667

dist_matrix:
0.0000 0.2966 0.2640 0.1225 0.3126 0.4460 0.4155 0.2729 0.6216 0.3814 0.3557 0.6666 0.2952 0.1798 0.4320 0.5027 0.4348 0.4396 0.5166 0.5733 0.2843
0.5240 0.0000 0.3400 0.2321 0.4708 0.6453 0.3839 0.6746 0.1287 0.3519 0.5651 0.2686 0.4312 0.2404 0.4442 0.3702 0.3160 0.3825 0.3473 0.4453 0.6986
0.4094 0.2842 0.0000 0.4015 0.4027 0.3953 0.3143 0.3867 0.2281 0.2726 0.6275 0.3930 0.4785 0.6842 0.4264 0.4867 0.4845 0.5891 0.4479 0.4223 0.1951
0.1332 0.3875 0.3775 0.0000 0.3269 0.3701 0.6243 0.3355 0.3469 0.4212 0.6733 0.4991 0.3372 0.4494 0.5779 0.6030 0.5472 0.3952 0.4443 0.4602 0.5691
0.5518 0.3533 0.3868 0.6692 0.0000 0.3209 0.4206 0.2828 0.3079 0.2195 0.4156 0.3452 0.5150 0.2931 0.4325 0.6235 0.6594 0.1558 0.3847 0.6147 0.4155
0.3870 0.6511 0.4662 0.4699 0.5554 0.0000 0.4912 0.3227 0.2128 0.3665 0.2457 0.2511 0.3184 0.3854 0.2766 0.3639 0.4625 0.3769 0.4301 0.3277 0.5336
0.5045 0.3159 0.2101 0.5338 0.9060 0.4829 0.0000 0.3071 0.2972 0.3639 0.4731 0.5815 0.6088 0.2650 0.2113 0.4462 0.4710 0.4558 0.4812 0.5168 0.6871
0.4541 0.6544 0.3485 0.3467 0.2610 0.4065 0.4168 0.0000 0.6105 0.6686 0.2769 0.2235 0.5822 0.2067 0.4053 0.4128 0.4825 0.3464 0.2003 0.5830 0.2848
0.4592 0.2725 0.2592 0.2251 0.2519 0.5516 0.3410 0.5861 0.0000 0.2689 0.7316 0.3719 0.5965 0.5041 0.3783 0.7399 0.4228 0.2367 0.4390 0.5299 0.3552
0.2383 0.3702 0.1915 0.4299 0.3681 0.5741 0.4761 0.5994 0.3191 0.0000 0.3967 0.5908 0.5338 0.7953 0.3388 0.6262 0.4885 0.6388 0.2201 0.4775 0.1557
0.5208 0.5192 0.4413 0.2681 0.4235 0.6648 0.4790 0.4884 0.8283 0.3283 0.0000 0.4323 0.1397 0.0447 0.3901 0.2541 0.2751 0.2880 0.1945 0.4876 0.6117
0.2565 0.3246 0.5743 0.5381 0.5348 0.1480 0.3364 0.1883 0.2532 0.3584 0.4096 0.0000 0.4521 0.1917 0.2175 0.2786 0.5977 0.1927 0.2825 0.4792 0.3186
0.2724 0.3570 0.6826 0.3618 0.5997 0.4817 0.3430 0.5874 0.6130 0.3213 0.3418 0.3558 0.0000 0.4734 0.2012 0.7232 0.1659 0.5936 0.3490 0.3838 0.3987
0.2105 0.2610 0.5840 0.6135 0.2834 0.4434 0.4212 0.2938 0.3609 0.2442 0.0223 0.1917 0.2801 0.0000 0.3580 0.2955 0.2987 0.4133 0.2675 0.6115 0.6066
0.3456 0.5190 0.3482 0.3818 0.4672 0.3213 0.4385 0.7258 0.2202 0.3291 0.4831 0.6288 0.4660 0.2958 0.0000 0.5123 0.3689 0.3926 0.5161 0.4927 0.3543
0.2675 0.5938 0.3542 0.4573 0.4580 0.5795 0.4190 0.6192 0.6257 0.4830 0.2309 0.3395 0.3441 0.5322 0.5045 0.0000 0.7533 0.3726 0.4167 0.2760 0.5744
0.4161 0.3071 0.6778 0.5138 0.5357 0.3511 0.6550 0.5150 0.3107 0.4308 0.2929 0.3175 0.1701 0.4812 0.4309 0.7416 0.0000 0.4169 0.5835 0.3046 0.3895
0.6009 0.4049 0.2845 0.6212 0.1847 0.5106 0.9025 0.2947 0.2410 0.5549 0.5659 0.1953 0.4245 0.3596 0.7819 0.3676 0.4563 0.0000 0.5391 0.3430 0.3578
0.3760 0.4515 0.4171 0.4383 0.3237 0.2667 0.2659 0.5917 0.3052 0.3143 0.4536 0.3173 0.7200 0.4071 0.3488 0.4136 0.8241 0.4721 0.0000 0.4280 0.5011
0.4016 0.4712 0.4197 0.3755 0.5168 0.3750 0.5196 0.7259 0.4679 0.4603 0.3937 0.3844 0.6904 0.7191 0.4399 0.2811 0.2377 0.3942 0.4281 0.0000 0.3830
0.3922 0.6744 0.2639 0.4289 0.3307 0.6091 0.6766 0.1662 0.3898 0.4906 0.2399 0.4132 0.3853 0.2246 0.5179 0.3366 0.4159 0.6453 0.6721 0.5978 0.0000

--- Sample 3 ---
node_demand:
0.1000
0.0333
0.0667
0.1000
0.0667
0.2000
0.2333
0.2333
0.2000
0.1667
0.1333
0.1333
0.3000
0.1000
0.1333
0.2333
0.0667
0.0333
0.2667
0.2667

dist_matrix:
0.0000 0.5542 0.4261 0.1418 0.3151 0.3460 0.5090 0.2717 0.6434 0.3278 0.2971 0.4107 0.2524 0.1020 0.3542 0.5048 0.4817 0.5558 0.6094 0.5624 0.4086
0.6291 0.0000 0.3883 0.2555 0.2940 0.4084 0.3934 0.2703 0.2953 0.4417 0.4432 0.5565 0.3064 0.4836 0.3200 0.5975 0.3870 0.5034 0.7092 0.4543 0.3909
0.3695 0.2425 0.0000 0.4625 0.2957 0.4021 0.4049 0.6239 0.2566 0.2244 0.3441 0.5251 0.3840 0.4501 0.3317 0.3902 0.6522 0.6167 0.5046 0.4272 0.1213
0.1367 0.2865 0.3301 0.0000 0.4649 0.4655 0.3760 0.3157 0.4020 0.3485 0.4867 0.4684 0.2878 0.6063 0.5346 0.3887 0.4130 0.4033 0.7186 0.4236 0.6978
0.3127 0.2328 0.5124 0.6336 0.0000 0.4872 0.6716 0.4823 0.4480 0.5131 0.3822 0.3654 0.5985 0.3161 0.4638 0.5084 0.4910 0.3193 0.3595 0.6369 0.3721
0.4164 0.2319 0.4655 0.4554 0.2707 0.0000 0.3594 0.5033 0.6188 0.5509 0.6287 0.1502 0.1048 0.3203 0.1997 0.3491 0.4049 0.2360 0.3812 0.3825 0.6039
0.3039 0.4296 0.4284 0.5882 0.4749 0.4551 0.0000 0.5556 0.3400 0.2731 0.2604 0.5377 0.4530 0.3573 0.2667 0.4527 0.5875 0.6078 0.4159 0.5473 0.3204
0.2334 0.4644 0.5704 0.3194 0.4663 0.4263 0.3014 0.0000 0.4866 0.5224 0.4918 0.2206 0.5103 0.3904 0.4527 0.4116 0.4462 0.3302 0.3120 0.4413 0.2176
0.5906 0.0636 0.2437 0.2204 0.3927 0.3288 0.4754 0.4751 0.0000 0.2969 0.6438 0.2979 0.4411 0.4239 0.1999 0.7040 0.4063 0.3023 0.5140 0.4136 0.4239
0.3327 0.3760 0.3367 0.4156 0.2200 0.4289 0.3290 0.6103 0.3213 0.0000 0.2728 0.5020 0.5871 0.4210 0.3045 0.5200 0.7839 0.5021 0.5805 0.3053 0.4167
0.5053 0.2573 0.7219 0.3175 0.4782 0.7205 0.4488 0.5549 0.4595 0.3243 0.0000 0.2505 0.1432 0.3483 0.3481 0.2633 0.5291 0.3222 0.5124 0.4854 0.6580
0.2666 0.4902 0.4430 0.4350 0.2952 0.3193 0.5016 0.1921 0.2242 0.6772 0.2385 0.0000 0.1592 0.1917 0.3299 0.4163 0.6638 0.2288 0.3111 0.3804 0.3567
0.2659 0.3697 0.7498 0.3485 0.3575 0.1062 0.6053 0.4458 0.5009 0.4437 0.2842 0.5673 0.0000 0.7226 0.2978 0.6491 0.1875 0.5832 0.5508 0.6589 0.3457
0.4335 0.4519 0.4827 0.4933 0.3461 0.5397 0.4011 0.3834 0.3585 0.7147 0.1596 0.1929 0.4889 0.0000 0.2962 0.3592 0.5385 0.2884 0.2096 0.3804 0.3635
0.4535 0.2356 0.3893 0.3064 0.2559 0.4660 0.3766 0.3122 0.3419 0.3341 0.3650 0.5715 0.3273 0.4186 0.0000 0.3347 0.3614 0.3198 0.5833 0.4252 0.3701
0.2615 0.3595 0.6561 0.4510 0.6092 0.4301 0.2716 0.4749 0.4609 0.6506 0.3067 0.3463 0.2594 0.5413 0.4236 0.0000 0.5151 0.4898 0.2789 0.2807 0.4873
0.3100 0.3972 0.5304 0.4482 0.4757 0.2771 0.4413 0.4855 0.3831 0.4985 0.5725 0.4647 0.1855 0.4689 0.3787 0.4583 0.0000 0.4434 0.4146 0.5277 0.4258
0.5829 0.3401 0.4210 0.3879 0.2166 0.4662 0.7108 0.2487 0.3843 0.3153 0.6825 0.1956 0.5139 0.3498 0.3445 0.4709 0.4267 0.0000 0.5778 0.3052 0.6438
0.3242 0.3182 0.5325 0.7012 0.4894 0.6265 0.3363 0.1433 0.4859 0.5195 0.0866 0.5737 0.2092 0.3569 0.4759 0.2772 0.7556 0.4216 0.0000 0.4314 0.6860
0.5862 0.4879 0.4528 0.4171 0.5500 0.3263 0.5947 0.6613 0.4398 0.5616 0.4284 0.4151 0.3196 0.3526 0.5019 0.2764 0.2264 0.3324 0.3299 0.0000 0.6044
0.5443 0.4902 0.2643 0.6052 0.3287 0.5054 0.3317 0.3297 0.4334 0.2294 0.4211 0.3129 0.4219 0.4531 0.5902 0.3478 0.3913 0.6386 0.2949 0.5503 0.0000

--- Sample 4 ---
node_demand:
0.1000
0.0333
0.0667
0.1000
0.0667
0.2000
0.2333
0.2333
0.2000
0.1667
0.1333
0.1333
0.3000
0.1000
0.1333
0.2333
0.0667
0.0333
0.2667
0.2667

dist_matrix:
0.0000 0.5373 0.4918 0.1151 0.3202 0.4394 0.1841 0.4887 0.4193 0.4228 0.5528 0.5878 0.1908 0.3564 0.4035 0.3729 0.3199 0.5509 0.2888 0.6054 0.2767
0.3923 0.0000 0.4706 0.2028 0.4191 0.6982 0.4612 0.4660 0.0600 0.2933 0.4982 0.3193 0.5188 0.3771 0.4383 0.6001 0.3054 0.6170 0.4983 0.4515 0.5979
0.3599 0.2969 0.0000 0.3716 0.4247 0.3717 0.0994 0.6192 0.2577 0.3957 0.5936 0.4112 0.3069 0.3313 0.5638 0.5199 0.4398 0.5273 0.4884 0.4158 0.1020
0.1367 0.3017 0.3331 0.0000 0.6006 0.3388 0.5084 0.3229 0.3775 0.3924 0.4109 0.4358 0.2767 0.3849 0.5608 0.5630 0.5005 0.3812 0.7063 0.5555 0.6042
0.4174 0.3331 0.5326 0.4013 0.0000 0.5539 0.4192 0.3126 0.4260 0.4336 0.5330 0.5239 0.3392 0.3544 0.2386 0.6733 0.6561 0.3078 0.3351 0.7337 0.4355
0.4141 0.6573 0.4148 0.3410 0.4299 0.0000 0.4827 0.3119 0.2224 0.5747 0.3542 0.0784 0.2401 0.4525 0.2925 0.2144 0.2579 0.2631 0.5744 0.3588 0.5255
0.5473 0.3577 0.4267 0.3500 0.6192 0.4299 0.0000 0.4197 0.3840 0.5802 0.5345 0.6732 0.3710 0.4963 0.2541 0.4849 0.6747 0.5100 0.3145 0.5839 0.2254
0.1725 0.3574 0.5650 0.3098 0.6158 0.4826 0.3495 0.0000 0.2809 0.7140 0.5355 0.1894 0.3042 0.2547 0.5385 0.3311 0.4780 0.3321 0.3537 0.4991 0.3330
0.2577 0.1077 0.2433 0.3010 0.4325 0.4454 0.5548 0.3760 0.0000 0.2832 0.3820 0.3715 0.2907 0.3270 0.2422 0.6277 0.2957 0.2629 0.4882 0.4187 0.3600
0.4182 0.3477 0.2957 0.3002 0.3692 0.5519 0.4044 0.4151 0.3343 0.0000 0.2553 0.7150 0.5097 0.7044 0.3304 0.3111 0.6349 0.3270 0.5402 0.5481 0.4036
0.2425 0.3935 0.3338 0.3823 0.4551 0.6698 0.6424 0.5306 0.4983 0.1439 0.0000 0.3851 0.3004 0.1406 0.3548 0.2942 0.4365 0.3802 0.1735 0.3579 0.7879
0.5225 0.4833 0.3896 0.4284 0.3135 0.1320 0.6560 0.1926 0.2166 0.4583 0.3843 0.0000 0.2488 0.1927 0.3159 0.3673 0.5775 0.1701 0.3659 0.5520 0.5253
0.1795 0.3394 0.6797 0.3921 0.4209 0.5108 0.3695 0.5900 0.4885 0.3976 0.2620 0.5496 0.0000 0.5932 0.3753 0.6255 0.1832 0.4391 0.7578 0.3373 0.2387
0.3292 0.5970 0.6807 0.6410 0.3483 0.3952 0.8475 0.1873 0.4298 0.4227 0.0951 0.1920 0.3188 0.0000 0.3211 0.3002 0.5170 0.4185 0.3102 0.6229 0.2215
0.4334 0.4516 0.3607 0.3882 0.4337 0.4513 0.6954 0.5289 0.3037 0.3745 0.2941 0.4574 0.1976 0.4062 0.0000 0.4027 0.4439 0.4551 0.4749 0.4307 0.3776
0.4337 0.4194 0.3543 0.6290 0.6709 0.3889 0.4689 0.4770 0.3539 0.3105 0.2365 0.4090 0.6535 0.5520 0.3847 0.0000 0.4617 0.3536 0.2582 0.2745 0.3298
0.4002 0.3829 0.6575 0.5252 0.6760 0.2340 0.5670 0.3958 0.4715 0.5477 0.4010 0.4396 0.1560 0.5081 0.4344 0.6163 0.0000 0.4355 0.3574 0.2026 0.3502
0.4532 0.5606 0.1741 0.5367 0.2818 0.3905 0.4522 0.3205 0.4056 0.4454 0.5849 0.2079 0.3331 0.3397 0.4859 0.4338 0.4462 0.0000 0.3650 0.3547 0.3208
0.5825 0.4445 0.5332 0.5365 0.4375 0.3969 0.5269 0.1720 0.3765 0.4111 0.1800 0.5766 0.6927 0.3632 0.4498 0.2515 0.5438 0.2846 0.0000 0.3808 0.4886
0.4448 0.4517 0.4182 0.4810 0.6857 0.3249 0.5885 0.7015 0.5211 0.6085 0.5303 0.5459 0.3601 0.4071 0.4333 0.2765 0.3585 0.3545 0.3348 0.0000 0.4476
0.4058 0.6790 0.1593 0.4143 0.3313 0.3347 0.4568 0.2058 0.3336 0.2174 0.7610 0.3767 0.4029 0.5646 0.3482 0.2285 0.3490 0.3835 0.3662 0.5727 0.0000

--- Sample 5 ---
node_demand:
0.1000
0.0333
0.0667
0.1000
0.0667
0.2000
0.2333
0.2333
0.2000
0.1667
0.1333
0.1333
0.3000
0.1000
0.1333
0.2333
0.0667
0.0333
0.2667
0.2667

dist_matrix:
0.0000 0.4719 0.5678 0.1741 0.5133 0.2607 0.2705 0.4461 0.4955 0.4208 0.2870 0.5609 0.2372 0.3754 0.3496 0.3366 0.4601 0.4463 0.3931 0.4718 0.5752
0.5215 0.0000 0.5175 0.2204 0.4206 0.5400 0.3787 0.3030 0.2751 0.3912 0.3121 0.5161 0.5245 0.5431 0.1853 0.4443 0.3904 0.5396 0.7378 0.4679 0.6421
0.4556 0.2774 0.0000 0.3648 0.6006 0.4083 0.3351 0.3676 0.2651 0.4032 0.6178 0.4363 0.5502 0.3634 0.3768 0.3287 0.6274 0.5268 0.4112 0.4786 0.1261
0.1215 0.3790 0.3352 0.0000 0.6748 0.4352 0.4701 0.3488 0.3156 0.4573 0.6628 0.3975 0.3222 0.2752 0.4538 0.4803 0.4882 0.5678 0.4534 0.4305 0.5118
0.3229 0.2511 0.3775 0.7340 0.0000 0.4712 0.8282 0.4453 0.2270 0.3814 0.4733 0.4797 0.4672 0.2418 0.3365 0.5550 0.6214 0.1939 0.3603 0.6323 0.3771
0.3736 0.6520 0.4572 0.4387 0.4589 0.0000 0.4263 0.4607 0.4065 0.5078 0.2287 0.0326 0.1529 0.3053 0.2710 0.4842 0.4174 0.3772 0.6129 0.3824 0.7747
0.4038 0.4661 0.2281 0.3999 0.5696 0.3845 0.0000 0.4041 0.6928 0.5160 0.4816 0.5804 0.4405 0.2657 0.5198 0.2780 0.6798 0.5742 0.3304 0.6353 0.4931
0.4738 0.4678 0.2138 0.3385 0.3937 0.2960 0.2585 0.0000 0.3787 0.5885 0.3717 0.2163 0.5013 0.2998 0.5063 0.3803 0.4434 0.2737 0.2423 0.7173 0.2487
0.5336 0.2247 0.2083 0.5219 0.4094 0.3219 0.3722 0.3967 0.0000 0.3131 0.5449 0.2194 0.4482 0.2872 0.3466 0.7400 0.2907 0.4586 0.5228 0.3902 0.5273
0.4613 0.3498 0.3374 0.4461 0.2926 0.5492 0.4666 0.3340 0.2776 0.0000 0.2278 0.4947 0.4162 0.2716 0.3291 0.5191 0.4017 0.3436 0.2884 0.4114 0.1249
0.5068 0.5878 0.3002 0.4500 0.3564 0.2824 0.5421 0.3753 0.2974 0.4562 0.0000 0.2485 0.4082 0.1089 0.4773 0.2675 0.5217 0.4051 0.0406 0.4628 0.6750
0.3071 0.4119 0.5973 0.4926 0.4368 0.0374 0.5621 0.1857 0.3629 0.6789 0.5745 0.0000 0.3054 0.1917 0.4655 0.4761 0.5847 0.1923 0.5786 0.4216 0.4922
0.1786 0.3339 0.6451 0.3654 0.5487 0.4138 0.5932 0.2974 0.6124 0.3708 0.1920 0.4303 0.0000 0.4837 0.2280 0.3557 0.1793 0.3280 0.1969 0.5115 0.3966
0.5354 0.5163 0.5175 0.1790 0.3351 0.4035 0.7234 0.2572 0.4676 0.4005 0.2873 0.1924 0.6534 0.0000 0.3011 0.3892 0.4572 0.3893 0.3011 0.6768 0.4466
0.3593 0.3696 0.5155 0.5431 0.2824 0.4381 0.3102 0.6717 0.2123 0.3655 0.2832 0.4567 0.3012 0.2881 0.0000 0.4892 0.3498 0.4137 0.3788 0.4651 0.5599
0.2720 0.6067 0.7507 0.5811 0.5725 0.3434 0.5569 0.5626 0.7253 0.4950 0.3048 0.5441 0.1816 0.4164 0.4252 0.0000 0.5881 0.3790 0.2421 0.2868 0.3377
0.4663 0.4436 0.7367 0.4629 0.7632 0.4036 0.6474 0.3815 0.3223 0.5399 0.3110 0.4071 0.1475 0.4863 0.3712 0.4637 0.0000 0.4427 0.8094 0.4287 0.3624
0.5607 0.6208 0.5581 0.7240 0.3049 0.2316 0.4443 0.2979 0.4015 0.4275 0.3513 0.2292 0.3913 0.3162 0.7330 0.4593 0.4192 0.0000 0.3626 0.3403 0.4877
0.1524 0.6690 0.5854 0.4736 0.4280 0.4270 0.3486 0.1029 0.2982 0.6039 0.3578 0.4850 0.6867 0.3954 0.5015 0.3576 0.7637 0.5821 0.0000 0.3839 0.5237
0.5963 0.4519 0.4826 0.5515 0.6137 0.3530 0.6261 0.4290 0.4446 0.2411 0.3469 0.4816 0.4320 0.5090 0.4372 0.2801 0.2489 0.3689 0.3880 0.0000 0.3792
0.4525 0.7092 0.1648 0.4113 0.3289 0.5245 0.4957 0.1326 0.3322 0.3612 0.6625 0.3286 0.4141 0.3899 0.5446 0.3377 0.4953 0.5893 0.8346 0.6324 0.0000
